html/data/WT_pct09_ind_wt_12_3.json
[{"header":{"disciplineName":["Meteorological products"],"parameterCategory":[0],"parameterCategoryName":["Temperature"],"parameterNumberName":["Temperature"],"parameterNumber":[0],"parameterUnits":["K"],"refTime":["2017-03-17T0000:00.000Z"],"numberPoints":[621],"nx":[27],"ny":[23],"lo1":[-20],"la1":[70],"lo2":[45],"la2":[45],"dx":[2.5],"dy":[2.5]},"data":[[-13.2444],[-12.3444],[-11.4792],[-10.6875],[-9.9903],[-9.4153],[-8.95],[-8.6264],[-8.4389],[-8.3958],[-8.4611],[-8.6361],[-8.8792],[-9.175],[-9.4819],[-9.7792],[-10.05],[-10.2722],[-10.4583],[-10.625],[-10.7681],[-10.9208],[-11.1083],[-11.3403],[-11.65],[-12.0236],[-12.4708],[-9.7444],[-9.1889],[-8.7181],[-8.3056],[-7.9194],[-7.5819],[-7.2847],[-7.0347],[-6.8694],[-6.8125],[-6.8764],[-7.0444],[-7.3167],[-7.6861],[-8.0917],[-8.5347],[-8.9667],[-9.3875],[-9.7792],[-10.1333],[-10.4403],[-10.7194],[-10.9819],[-11.2319],[-11.4958],[-11.7986],[-12.15],[-6.4708],[-6.3417],[-6.2708],[-6.1972],[-6.0639],[-5.8889],[-5.6653],[-5.45],[-5.2708],[-5.2083],[-5.2764],[-5.4778],[-5.8042],[-6.2611],[-6.7806],[-7.3528],[-7.9528],[-8.5625],[-9.15],[-9.7056],[-10.2097],[-10.6361],[-10.9819],[-11.2472],[-11.4597],[-11.6375],[-11.8486],[-4.4611],[-4.5181],[-4.5653],[-4.5736],[-4.4819],[-4.3264],[-4.1264],[-3.9347],[-3.8306],[-3.85],[-4.0139],[-4.3264],[-4.7431],[-5.2472],[-5.7847],[-6.3556],[-6.9389],[-7.5458],[-8.175],[-8.8014],[-9.3889],[-9.9111],[-10.3333],[-10.6347],[-10.8403],[-10.9847],[-11.1361],[-3.7028],[-3.6264],[-3.5431],[-3.4069],[-3.2278],[-3.0347],[-2.85],[-2.7597],[-2.7806],[-2.9458],[-3.2694],[-3.6792],[-4.1556],[-4.6472],[-5.1083],[-5.5583],[-6.0153],[-6.4944],[-7.0444],[-7.6431],[-8.2625],[-8.8319],[-9.3],[-9.6403],[-9.8764],[-10.0444],[-10.2278],[-3.2417],[-2.9681],[-2.6972],[-2.4708],[-2.275],[-2.1056],[-2.0014],[-1.9778],[-2.0764],[-2.2931],[-2.6333],[-3.0514],[-3.5125],[-3.9556],[-4.3611],[-4.7611],[-5.1681],[-5.6472],[-6.2042],[-6.8542],[-7.5181],[-8.1292],[-8.6194],[-8.9569],[-9.1569],[-9.3042],[-9.4778],[-2.2292],[-1.9208],[-1.6847],[-1.5375],[-1.4542],[-1.4069],[-1.3569],[-1.3194],[-1.3333],[-1.4389],[-1.6611],[-1.9958],[-2.4181],[-2.8875],[-3.3667],[-3.8778],[-4.4361],[-5.0778],[-5.7875],[-6.5417],[-7.2806],[-7.9167],[-8.3681],[-8.6431],[-8.7542],[-8.8014],[-8.8903],[-0.7],[-0.4944],[-0.3708],[-0.3639],[-0.4139],[-0.45],[-0.4069],[-0.3194],[-0.2347],[-0.2472],[-0.4139],[-0.7639],[-1.2431],[-1.8208],[-2.4458],[-3.1125],[-3.8292],[-4.6056],[-5.4],[-6.175],[-6.8806],[-7.4444],[-7.8375],[-8.0458],[-8.1167],[-8.1292],[-8.1625],[0.825],[1.0403],[1.1583],[1.1597],[1.0958],[1.0486],[1.0653],[1.1222],[1.1444],[1.0153],[0.6764],[0.1611],[-0.4708],[-1.1347],[-1.8139],[-2.5153],[-3.2306],[-3.9667],[-4.675],[-5.3028],[-5.8083],[-6.1958],[-6.4722],[-6.6694],[-6.8069],[-6.9139],[-7.0153],[2.125],[2.4597],[2.7167],[2.8153],[2.7972],[2.7319],[2.6681],[2.5847],[2.4],[2.0278],[1.4764],[0.7958],[0.1194],[-0.5111],[-1.0931],[-1.6931],[-2.3361],[-2.9903],[-3.5819],[-4.0431],[-4.325],[-4.4847],[-4.6083],[-4.7653],[-4.9625],[-5.1722],[-5.3514],[3.3792],[3.7722],[4.0736],[4.1972],[4.1417],[3.9944],[3.8181],[3.5944],[3.2931],[2.8472],[2.2889],[1.6931],[1.1528],[0.6681],[0.2139],[-0.3236],[-0.9806],[-1.6917],[-2.3236],[-2.7403],[-2.9167],[-2.9181],[-2.9042],[-2.9667],[-3.1194],[-3.2792],[-3.4028],[4.6611],[4.9444],[5.1111],[5.0972],[4.9375],[4.7056],[4.4653],[4.2333],[3.9917],[3.7083],[3.3833],[3.0403],[2.7222],[2.3847],[1.9444],[1.3569],[0.6194],[-0.1681],[-0.8556],[-1.3042],[-1.4708],[-1.4778],[-1.4569],[-1.5125],[-1.6125],[-1.6542],[-1.5917],[5.8167],[5.9],[5.8931],[5.7722],[5.5708],[5.3236],[5.0903],[4.8986],[4.7778],[4.6931],[4.6056],[4.4778],[4.2861],[3.9722],[3.5069],[2.8944],[2.1931],[1.5361],[1.0028],[0.6528],[0.4458],[0.3097],[0.1375],[-0.0903],[-0.2889],[-0.2944],[-0.0444],[6.6722],[6.6486],[6.6028],[6.5417],[6.4403],[6.2486],[6.0111],[5.7903],[5.6819],[5.6528],[5.6347],[5.5764],[5.4042],[5.0861],[4.6278],[4.1056],[3.6167],[3.2681],[3.0472],[2.8972],[2.7194],[2.4528],[2.0639],[1.6],[1.2264],[1.1778],[1.5986],[7.3347],[7.3111],[7.3583],[7.4597],[7.4917],[7.3569],[7.0653],[6.7597],[6.5653],[6.4736],[6.425],[6.3444],[6.1806],[5.9361],[5.5833],[5.1833],[4.8681],[4.725],[4.7153],[4.6903],[4.5611],[4.3264],[4],[3.5986],[3.2264],[3.15],[3.6819],[7.9556],[7.9639],[8.1042],[8.3319],[8.4444],[8.2986],[7.9778],[7.6514],[7.4764],[7.3875],[7.2847],[7.1181],[6.9403],[6.7639],[6.5389],[6.2194],[5.9208],[5.7653],[5.7417],[5.7403],[5.6903],[5.6875],[5.7736],[5.8153],[5.675],[5.5542],[5.9639],[8.6139],[8.6583],[8.8472],[9.1],[9.2139],[9.0861],[8.8292],[8.6417],[8.625],[8.6306],[8.4792],[8.1542],[7.8222],[7.5917],[7.4097],[7.1389],[6.8236],[6.6361],[6.6333],[6.7014],[6.775],[7.05],[7.6389],[8.2819],[8.4653],[8.1542],[8.0278],[9.4],[9.55],[9.775],[9.9806],[10.0681],[9.9958],[9.8958],[9.9236],[10.1111],[10.2444],[10.0611],[9.5194],[8.8875],[8.4681],[8.2514],[8.0486],[7.8167],[7.7472],[7.9583],[8.2708],[8.5139],[8.9139],[9.7833],[10.8875],[11.4403],[10.9806],[10.1403],[10.5986],[10.9125],[11.1583],[11.2694],[11.2875],[11.2708],[11.3194],[11.4736],[11.7486],[11.9486],[11.7819],[11.1125],[10.2472],[9.6458],[9.4208],[9.3153],[9.1708],[9.1986],[9.6153],[10.2028],[10.6181],[10.9944],[11.8542],[13.2333],[14.2639],[14.0667],[12.8681],[12.4167],[12.8778],[13.1],[13.0708],[12.9583],[12.9431],[13.0222],[13.1431],[13.3236],[13.5056],[13.3889],[12.7472],[11.8417],[11.2181],[11.125],[11.1694],[11.0167],[10.8708],[11.1889],[11.9125],[12.5125],[12.8903],[13.6222],[15.0625],[16.5583],[16.9486],[15.9722],[14.6181],[15.1625],[15.35],[15.1708],[14.9028],[14.8125],[14.8569],[14.8528],[14.8444],[14.8931],[14.7778],[14.2347],[13.4292],[12.9861],[13.1903],[13.525],[13.3653],[12.8944],[12.8528],[13.4986],[14.3347],[14.9056],[15.5486],[16.7611],[18.2042],[18.8486],[18.1639],[16.6278],[17.1806],[17.3764],[17.1431],[16.7806],[16.6222],[16.6181],[16.5458],[16.3917],[16.3],[16.1389],[15.6375],[14.975],[14.7681],[15.3306],[16.0667],[16.1194],[15.5042],[15.0958],[15.5583],[16.5861],[17.5139],[18.2014],[18.9306],[19.6194],[19.6639],[18.7306],[17.9236],[18.4597],[18.7306],[18.5972],[18.2625],[18.0806],[18.0611],[18.0278],[17.9222],[17.8097],[17.6306],[17.1986],[16.6944],[16.6528],[17.3931],[18.4028],[18.8056],[18.3667],[17.8222],[17.9778],[18.9389],[20.1667],[21.0917],[21.4958],[21.2361],[20.1778],[18.4708]]},{"header":{"disciplineName":["Meteorological products"],"parameterCategory":[2],"parameterCategoryName":["u-component of wind"],"parameterNumberName":["u-component of wind"],"parameterNumber":[2],"parameterUnits":["m s-1"],"refTime":["2017-03-17T0000:00.000Z"],"numberPoints":[621],"nx":[27],"ny":[23],"lo1":[-20],"la1":[70],"lo2":[45],"la2":[45],"dx":[2.5],"dy":[2.5]},"data":[[1.975],[2.4431],[2.8139],[3.0986],[3.325],[3.5153],[3.7],[3.8986],[4.1167],[4.3639],[4.6208],[4.8819],[5.1139],[5.2931],[5.4236],[5.4625],[5.4292],[5.3292],[5.1708],[4.9736],[4.7444],[4.5],[4.2708],[4.0583],[3.8944],[3.7667],[3.6875],[1.3194],[1.9875],[2.5153],[2.9097],[3.2153],[3.4694],[3.7417],[4.0347],[4.375],[4.7444],[5.1347],[5.5028],[5.8042],[6.0194],[6.1375],[6.1639],[6.1028],[5.9931],[5.8306],[5.6556],[5.475],[5.3125],[5.1819],[5.0833],[5.0417],[5.0444],[5.0958],[1.5139],[2.1889],[2.7583],[3.2333],[3.6625],[4.0806],[4.5292],[5.0153],[5.5194],[6.0278],[6.4847],[6.8319],[7.0569],[7.1292],[7.0722],[6.9139],[6.7069],[6.4931],[6.3028],[6.1597],[6.0708],[6.0264],[6.0306],[6.0639],[6.1417],[6.2333],[6.35],[2.925],[3.4167],[3.8944],[4.375],[4.8625],[5.3653],[5.8778],[6.3889],[6.875],[7.3167],[7.6472],[7.8361],[7.8625],[7.7431],[7.5139],[7.2444],[6.9875],[6.7875],[6.6722],[6.6222],[6.6278],[6.6583],[6.7111],[6.7722],[6.8444],[6.9125],[6.9792],[5.2319],[5.5167],[5.9028],[6.3472],[6.8125],[7.2208],[7.5556],[7.8153],[8.0111],[8.1528],[8.2111],[8.1958],[8.0792],[7.8861],[7.6653],[7.4569],[7.3097],[7.2458],[7.2389],[7.2625],[7.2667],[7.2431],[7.2],[7.1611],[7.125],[7.1208],[7.1403],[7.5597],[7.7847],[8.1639],[8.5931],[8.9694],[9.1931],[9.2319],[9.1653],[9.0306],[8.9111],[8.8194],[8.7458],[8.6444],[8.4931],[8.3361],[8.1972],[8.1153],[8.0653],[7.9917],[7.8861],[7.7028],[7.4833],[7.2708],[7.1264],[7.0681],[7.1167],[7.2389],[9.4333],[9.6153],[9.9375],[10.2944],[10.5403],[10.5667],[10.4056],[10.1347],[9.8972],[9.7847],[9.7903],[9.8444],[9.8403],[9.7292],[9.5153],[9.2667],[8.9944],[8.7153],[8.3972],[8.0167],[7.6125],[7.2444],[7.0083],[6.9403],[7.0139],[7.2028],[7.4667],[11.0375],[11.0208],[11.1347],[11.2597],[11.2847],[11.1069],[10.7792],[10.4278],[10.1889],[10.1444],[10.2667],[10.4097],[10.4306],[10.2444],[9.8833],[9.4306],[8.9639],[8.5083],[8.0528],[7.6],[7.2167],[7],[7.0056],[7.1944],[7.4861],[7.7375],[7.9306],[12.5861],[12.3028],[12.1139],[11.9403],[11.6708],[11.2458],[10.6722],[10.0667],[9.5667],[9.2792],[9.1681],[9.1236],[9.0042],[8.7389],[8.3431],[7.9403],[7.5958],[7.3292],[7.1375],[7.025],[7.0417],[7.2611],[7.7014],[8.2111],[8.6097],[8.7222],[8.5694],[13.65],[13.2292],[12.8389],[12.4208],[11.9014],[11.2042],[10.3181],[9.3],[8.2889],[7.4264],[6.8139],[6.3958],[6.0931],[5.8528],[5.6597],[5.5764],[5.6389],[5.8361],[6.1347],[6.5181],[7.0528],[7.75],[8.5514],[9.2653],[9.6333],[9.5403],[9.0583],[13.4931],[13.0444],[12.5417],[11.9528],[11.2694],[10.4472],[9.4403],[8.25],[6.9597],[5.7653],[4.825],[4.2111],[3.8903],[3.7833],[3.8222],[4.0069],[4.3514],[4.8278],[5.3931],[6.0347],[6.7931],[7.6667],[8.5417],[9.2389],[9.5361],[9.3931],[8.9403],[11.9236],[11.3847],[10.7],[9.9361],[9.2042],[8.5292],[7.8361],[7.0444],[6.1139],[5.2069],[4.4944],[4.0681],[3.8986],[3.8861],[3.9528],[4.1042],[4.3458],[4.6986],[5.1417],[5.6542],[6.2472],[6.8958],[7.5333],[8.0222],[8.2569],[8.2583],[8.1708],[9.5736],[8.8694],[7.9972],[7.1431],[6.5236],[6.2347],[6.1403],[6.0347],[5.8278],[5.5792],[5.4139],[5.3778],[5.3917],[5.3917],[5.3347],[5.2764],[5.2833],[5.3708],[5.5569],[5.7792],[6.0167],[6.2389],[6.4417],[6.6333],[6.7944],[6.9917],[7.2819],[7.2472],[6.5333],[5.7292],[5.0625],[4.7625],[4.8333],[5.1069],[5.35],[5.5125],[5.6792],[5.9306],[6.2444],[6.4847],[6.5764],[6.5319],[6.4569],[6.4278],[6.4597],[6.5139],[6.55],[6.4819],[6.3306],[6.1486],[6.0681],[6.1764],[6.4986],[6.925],[5.2625],[4.8097],[4.3764],[4.1361],[4.1917],[4.3875],[4.5222],[4.4694],[4.3903],[4.5194],[4.9708],[5.6069],[6.2056],[6.6417],[6.9069],[7.0931],[7.2236],[7.3361],[7.4014],[7.3931],[7.2486],[6.9514],[6.6153],[6.4625],[6.6194],[7.0181],[7.4097],[3.5417],[3.3778],[3.3236],[3.4653],[3.7139],[3.8111],[3.5431],[2.9778],[2.5042],[2.5139],[3.1264],[4.0889],[5.0792],[5.8986],[6.5347],[6.9736],[7.2528],[7.3778],[7.4361],[7.5014],[7.5306],[7.4389],[7.2972],[7.3111],[7.6639],[8.2347],[8.6347],[2.1444],[2.075],[2.1264],[2.3625],[2.6278],[2.6431],[2.2569],[1.6069],[1.1375],[1.2486],[1.9653],[2.9819],[3.9847],[4.8333],[5.5097],[6.0153],[6.2972],[6.3736],[6.4361],[6.6542],[7.0264],[7.4028],[7.6917],[8.0556],[8.6861],[9.4792],[10.0458],[1.5181],[1.4222],[1.3694],[1.4875],[1.6944],[1.8194],[1.7319],[1.5361],[1.5028],[1.7847],[2.3194],[2.8722],[3.3028],[3.6639],[4.0667],[4.4958],[4.8278],[4.9639],[5.0736],[5.3986],[6.0403],[6.8389],[7.5778],[8.2875],[9.1],[9.9819],[10.6486],[1.9306],[1.8653],[1.7306],[1.7],[1.8264],[2.0556],[2.3361],[2.6681],[3.0486],[3.3875],[3.5125],[3.3556],[3.0333],[2.8014],[2.9208],[3.3528],[3.8458],[4.1472],[4.2597],[4.4653],[5.0139],[5.8722],[6.8208],[7.7014],[8.5],[9.1778],[9.5667],[2.7847],[2.8375],[2.6875],[2.5333],[2.4833],[2.5972],[2.9],[3.4097],[3.9375],[4.2556],[4.1708],[3.7097],[3.0903],[2.6653],[2.6861],[3.1458],[3.7528],[4.1278],[4.1556],[4.0542],[4.1861],[4.7458],[5.55],[6.3569],[6.9361],[7.1153],[6.8889],[2.8694],[2.9667],[2.8403],[2.6444],[2.4111],[2.2431],[2.2917],[2.6417],[3.1403],[3.5069],[3.5847],[3.3833],[3.0528],[2.8181],[2.8444],[3.1917],[3.675],[4],[3.9778],[3.7194],[3.5403],[3.6819],[4.1097],[4.5806],[4.7694],[4.4569],[3.6361],[1.4486],[1.5222],[1.5153],[1.4306],[1.25],[1],[0.8944],[1.0556],[1.4153],[1.8111],[2.0986],[2.275],[2.3264],[2.2764],[2.2208],[2.2889],[2.5111],[2.7569],[2.8861],[2.8861],[2.8153],[2.7542],[2.725],[2.675],[2.4542],[1.8389],[0.8069],[-1.1847],[-1.0653],[-0.8333],[-0.5569],[-0.3972],[-0.3875],[-0.4014],[-0.3014],[-0.1097],[0.1167],[0.3597],[0.5972],[0.7597],[0.7],[0.475],[0.3028],[0.3028],[0.5069],[0.8514],[1.2556],[1.5514],[1.5597],[1.2361],[0.7417],[0.2153],[-0.4514],[-1.3528]]},{"header":{"disciplineName":["Meteorological products"],"parameterCategory":[2],"parameterCategoryName":["v-component of wind"],"parameterNumberName":["v-component of wind"],"parameterNumber":[3],"parameterUnits":["m s-1"],"refTime":["2017-03-17T0000:00.000Z"],"numberPoints":[621],"nx":[27],"ny":[23],"lo1":[-20],"la1":[70],"lo2":[45],"la2":[45],"dx":[2.5],"dy":[2.5]},"data":[[0.5514],[0.8847],[1.1694],[1.3625],[1.4375],[1.3847],[1.1986],[0.9139],[0.5278],[0.0944],[-0.3611],[-0.8181],[-1.2458],[-1.6236],[-1.95],[-2.2042],[-2.3903],[-2.5167],[-2.5833],[-2.5903],[-2.5514],[-2.45],[-2.3208],[-2.1736],[-2.0306],[-1.8958],[-1.8042],[2.1917],[2.3111],[2.3472],[2.2889],[2.1583],[1.9556],[1.7111],[1.4125],[1.0972],[0.7431],[0.3722],[-0.0306],[-0.4403],[-0.8486],[-1.2472],[-1.6333],[-1.9944],[-2.3139],[-2.5736],[-2.7556],[-2.8444],[-2.8139],[-2.6958],[-2.4833],[-2.2125],[-1.9375],[-1.6931],[3.7917],[3.7167],[3.5389],[3.3056],[3.0472],[2.7861],[2.5361],[2.2931],[2.0014],[1.6653],[1.2764],[0.8139],[0.3042],[-0.2333],[-0.7667],[-1.2917],[-1.7792],[-2.2042],[-2.5653],[-2.8],[-2.8903],[-2.8319],[-2.6139],[-2.2653],[-1.8486],[-1.4528],[-1.1389],[4.7222],[4.5944],[4.3847],[4.1542],[3.9125],[3.6889],[3.4653],[3.2014],[2.8611],[2.4069],[1.8569],[1.2139],[0.5389],[-0.1292],[-0.7417],[-1.2806],[-1.7653],[-2.1736],[-2.5181],[-2.7431],[-2.8028],[-2.6792],[-2.3569],[-1.8972],[-1.4056],[-0.9556],[-0.6556],[5.0667],[5.0264],[4.9278],[4.7833],[4.6],[4.3639],[4.0639],[3.6625],[3.1514],[2.4903],[1.7458],[0.9458],[0.1792],[-0.4847],[-1.0125],[-1.4264],[-1.7736],[-2.0972],[-2.4153],[-2.6681],[-2.775],[-2.6736],[-2.3167],[-1.8028],[-1.2486],[-0.7847],[-0.5083],[5.2083],[5.2972],[5.3333],[5.2444],[5.0181],[4.6403],[4.1333],[3.5347],[2.8361],[2.0583],[1.2153],[0.3639],[-0.3833],[-0.9694],[-1.3528],[-1.5819],[-1.7958],[-2.0681],[-2.4333],[-2.7972],[-3.0264],[-2.9542],[-2.5583],[-1.9292],[-1.2361],[-0.6583],[-0.3181],[5.1958],[5.3764],[5.4889],[5.3931],[5.0639],[4.5167],[3.8556],[3.1694],[2.4833],[1.7708],[0.9847],[0.1681],[-0.6167],[-1.2375],[-1.6444],[-1.8792],[-2.0833],[-2.3944],[-2.8319],[-3.2694],[-3.5014],[-3.325],[-2.7347],[-1.8556],[-0.925],[-0.1667],[0.3042],[4.8431],[5.0792],[5.2264],[5.125],[4.7361],[4.1292],[3.45],[2.8681],[2.3806],[1.9125],[1.3014],[0.5111],[-0.4139],[-1.2694],[-1.9153],[-2.3403],[-2.6625],[-3.0528],[-3.5097],[-3.8708],[-3.8931],[-3.4028],[-2.45],[-1.3014],[-0.225],[0.55],[1.0097],[4.1903],[4.4736],[4.6653],[4.5972],[4.1958],[3.5569],[2.8819],[2.3708],[2.0833],[1.8639],[1.475],[0.7667],[-0.2375],[-1.275],[-2.1333],[-2.7208],[-3.1375],[-3.5431],[-3.9139],[-4.0792],[-3.7736],[-2.8972],[-1.6403],[-0.3861],[0.5125],[0.9792],[1.1514],[3.5014],[3.8583],[4.0708],[3.9694],[3.4861],[2.7097],[1.8736],[1.2389],[0.9375],[0.8569],[0.7278],[0.2819],[-0.4958],[-1.3958],[-2.1653],[-2.6875],[-3.0417],[-3.3639],[-3.6319],[-3.6],[-3.0139],[-1.8792],[-0.5292],[0.5389],[0.9889],[0.8944],[0.6278],[2.8528],[3.2264],[3.3444],[3.1097],[2.4708],[1.5042],[0.4375],[-0.4472],[-0.8875],[-0.9167],[-0.7653],[-0.7639],[-1.05],[-1.5236],[-1.9528],[-2.2222],[-2.4097],[-2.6153],[-2.7847],[-2.6417],[-1.9292],[-0.7375],[0.4944],[1.2083],[1.1444],[0.5792],[0.0611],[2.1264],[2.3653],[2.2625],[1.85],[1.15],[0.2056],[-0.8639],[-1.8222],[-2.3472],[-2.3528],[-1.9972],[-1.6222],[-1.4778],[-1.5583],[-1.6847],[-1.7347],[-1.7625],[-1.8542],[-1.9167],[-1.6889],[-0.9556],[0.1403],[1.1125],[1.4583],[1.0903],[0.3931],[-0.0403],[1.2958],[1.3069],[0.9653],[0.4833],[-0.0194],[-0.6181],[-1.3722],[-2.1472],[-2.6681],[-2.7278],[-2.3764],[-1.9319],[-1.6569],[-1.6097],[-1.6486],[-1.625],[-1.5542],[-1.5028],[-1.4069],[-1.075],[-0.3569],[0.5694],[1.2639],[1.3556],[0.9208],[0.4167],[0.3083],[0.5181],[0.3389],[-0.0917],[-0.4278],[-0.5639],[-0.6931],[-1.0681],[-1.6667],[-2.1972],[-2.3986],[-2.2264],[-1.9111],[-1.7222],[-1.7486],[-1.8403],[-1.8431],[-1.7056],[-1.5375],[-1.3167],[-0.9167],[-0.25],[0.5375],[1.0611],[1.0889],[0.7917],[0.6069],[0.8083],[-0.1417],[-0.3542],[-0.6694],[-0.7278],[-0.5611],[-0.4722],[-0.725],[-1.2806],[-1.8167],[-2.0306],[-1.9069],[-1.6611],[-1.5625],[-1.6944],[-1.9014],[-1.9958],[-1.9],[-1.7264],[-1.5111],[-1.1931],[-0.6417],[0.0583],[0.6417],[0.9],[0.9278],[1.05],[1.3542],[-0.6958],[-0.8194],[-0.9056],[-0.7722],[-0.5792],[-0.6292],[-1.0361],[-1.5653],[-1.8444],[-1.7181],[-1.3042],[-0.925],[-0.8556],[-1.1431],[-1.5847],[-1.8875],[-1.9486],[-1.8736],[-1.8014],[-1.6861],[-1.3361],[-0.6514],[0.1889],[0.9153],[1.4278],[1.7764],[1.9847],[-1.0069],[-1.025],[-0.9569],[-0.8181],[-0.8736],[-1.2972],[-1.8917],[-2.2264],[-1.9736],[-1.2111],[-0.3375],[0.2167],[0.1778],[-0.3833],[-1.1278],[-1.6806],[-1.8792],[-1.8958],[-1.9514],[-2.0194],[-1.8611],[-1.1528],[-0.0153],[1.2417],[2.2347],[2.7931],[2.8028],[-0.8875],[-0.8486],[-0.7611],[-0.7681],[-1.1375],[-1.8875],[-2.5681],[-2.6167],[-1.8653],[-0.6542],[0.4319],[0.9403],[0.7389],[0.0167],[-0.85],[-1.4681],[-1.6889],[-1.7139],[-1.8028],[-1.9333],[-1.7931],[-1.0125],[0.3639],[1.9417],[3.2389],[3.8833],[3.7097],[-0.3944],[-0.4153],[-0.3889],[-0.5],[-1.0111],[-1.8458],[-2.4847],[-2.4014],[-1.5486],[-0.4222],[0.4153],[0.6833],[0.4333],[-0.0931],[-0.6458],[-1.0278],[-1.2153],[-1.3403],[-1.5139],[-1.5875],[-1.2208],[-0.2028],[1.35],[2.9694],[4.1889],[4.6722],[4.3083],[0.1778],[-0.0528],[-0.1472],[-0.275],[-0.6681],[-1.275],[-1.7375],[-1.6806],[-1.1222],[-0.4708],[-0.1069],[-0.0833],[-0.1611],[-0.1611],[-0.0972],[-0.1208],[-0.3875],[-0.8917],[-1.3375],[-1.3597],[-0.6181],[0.8403],[2.5639],[3.9736],[4.7097],[4.7139],[4.0292],[0.6389],[0.0583],[-0.2583],[-0.3681],[-0.4819],[-0.7111],[-0.9208],[-0.9069],[-0.6681],[-0.4153],[-0.3597],[-0.3944],[-0.2389],[0.2694],[0.8528],[1.0611],[0.5986],[-0.3444],[-1.1569],[-1.1986],[-0.1708],[1.6069],[3.3986],[4.4792],[4.5472],[3.8333],[2.6931],[0.9611],[0.0736],[-0.4917],[-0.6528],[-0.5778],[-0.5153],[-0.5361],[-0.55],[-0.4181],[-0.2208],[-0.1125],[-0.0347],[0.2819],[0.9722],[1.7125],[1.9694],[1.4347],[0.3792],[-0.5222],[-0.6347],[0.2764],[1.8958],[3.4667],[4.1986],[3.7444],[2.4306],[0.9069],[1.0792],[0.1861],[-0.4736],[-0.7556],[-0.7139],[-0.625],[-0.6889],[-0.7611],[-0.6],[-0.2097],[0.1792],[0.4736],[0.8597],[1.4708],[2.0931],[2.3125],[1.9444],[1.2472],[0.6347],[0.4431],[0.8167],[1.7194],[2.7403],[3.2167],[2.6069],[1.1028],[-0.5236]]}]