html/data/WT_pct09_ind_wt_11_9.json
[{"header":{"disciplineName":["Meteorological products"],"parameterCategory":[0],"parameterCategoryName":["Temperature"],"parameterNumberName":["Temperature"],"parameterNumber":[0],"parameterUnits":["K"],"refTime":["2017-03-17T0000:00.000Z"],"numberPoints":[621],"nx":[27],"ny":[23],"lo1":[-20],"la1":[70],"lo2":[45],"la2":[45],"dx":[2.5],"dy":[2.5]},"data":[[-11.6664],[-10.764],[-9.9378],[-9.214],[-8.5907],[-8.0589],[-7.6192],[-7.2617],[-6.9836],[-6.7696],[-6.6313],[-6.5664],[-6.5678],[-6.6294],[-6.7542],[-6.914],[-7.1201],[-7.3439],[-7.5841],[-7.8252],[-8.0687],[-8.322],[-8.5766],[-8.8565],[-9.1743],[-9.5332],[-9.9556],[-8.5701],[-8.0332],[-7.5785],[-7.179],[-6.8173],[-6.4762],[-6.1519],[-5.8467],[-5.5743],[-5.3603],[-5.2164],[-5.1654],[-5.2093],[-5.3453],[-5.564],[-5.8514],[-6.1874],[-6.543],[-6.9065],[-7.2505],[-7.5636],[-7.8397],[-8.0841],[-8.3098],[-8.5477],[-8.822],[-9.1514],[-5.5944],[-5.4902],[-5.4224],[-5.3304],[-5.1897],[-4.9911],[-4.7491],[-4.4991],[-4.2836],[-4.1355],[-4.0841],[-4.1379],[-4.2907],[-4.5374],[-4.8388],[-5.1911],[-5.5603],[-5.9467],[-6.3243],[-6.6864],[-7.0178],[-7.307],[-7.55],[-7.7509],[-7.9421],[-8.1472],[-8.3935],[-3.4944],[-3.6187],[-3.6995],[-3.7112],[-3.6364],[-3.4925],[-3.3243],[-3.1738],[-3.0981],[-3.115],[-3.2369],[-3.4565],[-3.7257],[-4.0136],[-4.2935],[-4.5439],[-4.7738],[-5.0033],[-5.2547],[-5.5318],[-5.8369],[-6.1626],[-6.4724],[-6.7547],[-7.0173],[-7.2692],[-7.5411],[-2.2888],[-2.3327],[-2.3257],[-2.278],[-2.1846],[-2.0855],[-2.0047],[-1.986],[-2.05],[-2.2136],[-2.4664],[-2.7514],[-3.0491],[-3.285],[-3.4514],[-3.543],[-3.5958],[-3.665],[-3.7981],[-4.0192],[-4.3453],[-4.7341],[-5.1519],[-5.5603],[-5.928],[-6.272],[-6.6061],[-1.3397],[-1.2065],[-1.1056],[-1.0308],[-0.9972],[-0.9963],[-1.0238],[-1.0822],[-1.1827],[-1.3336],[-1.5276],[-1.7407],[-1.9383],[-2.0949],[-2.1883],[-2.2388],[-2.2893],[-2.3874],[-2.5827],[-2.8799],[-3.2771],[-3.7178],[-4.1701],[-4.5668],[-4.9192],[-5.2369],[-5.5439],[-0.1626],[-0.0173],[0.021],[-0.0266],[-0.1364],[-0.2579],[-0.3509],[-0.4061],[-0.4332],[-0.4589],[-0.5206],[-0.6089],[-0.7215],[-0.843],[-0.9724],[-1.1257],[-1.3159],[-1.5762],[-1.9005],[-2.2893],[-2.6967],[-3.0808],[-3.4075],[-3.6593],[-3.857],[-4.057],[-4.285],[1.1379],[1.136],[1.0346],[0.8673],[0.6766],[0.5252],[0.4322],[0.4136],[0.4145],[0.3949],[0.3308],[0.2196],[0.071],[-0.0981],[-0.2771],[-0.4911],[-0.7379],[-1.0262],[-1.3407],[-1.6402],[-1.9126],[-2.1248],[-2.2864],[-2.4145],[-2.535],[-2.6827],[-2.8949],[2.2939],[2.1995],[2.0766],[1.9472],[1.8299],[1.7327],[1.6682],[1.5967],[1.4813],[1.3],[1.05],[0.7762],[0.5201],[0.307],[0.1477],[0.0075],[-0.1294],[-0.271],[-0.393],[-0.4752],[-0.522],[-0.5584],[-0.628],[-0.7636],[-0.9757],[-1.2458],[-1.5411],[3.3804],[3.3243],[3.3093],[3.2991],[3.2715],[3.2089],[3.0907],[2.9117],[2.657],[2.329],[1.9678],[1.629],[1.3561],[1.1738],[1.0598],[0.9743],[0.8967],[0.829],[0.821],[0.8846],[1.014],[1.1234],[1.128],[0.9547],[0.6299],[0.243],[-0.1215],[4.6112],[4.6168],[4.672],[4.6827],[4.6056],[4.429],[4.1977],[3.9435],[3.7098],[3.5033],[3.3084],[3.1425],[3.0051],[2.8794],[2.7397],[2.5472],[2.3159],[2.0953],[1.9696],[2.0075],[2.2056],[2.4734],[2.6575],[2.6402],[2.4121],[2.0603],[1.714],[5.914],[5.9294],[5.9369],[5.8364],[5.5977],[5.2593],[4.9355],[4.7411],[4.7005],[4.7893],[4.9229],[5.0285],[5.0472],[4.9364],[4.693],[4.322],[3.8911],[3.472],[3.1967],[3.1593],[3.3738],[3.7771],[4.2009],[4.4696],[4.5107],[4.3575],[4.115],[7.0509],[7.043],[6.9832],[6.8084],[6.5014],[6.1472],[5.8682],[5.7911],[5.9388],[6.221],[6.5168],[6.729],[6.7808],[6.6528],[6.3565],[5.9533],[5.5168],[5.1435],[4.9042],[4.8659],[5.0687],[5.4785],[5.9593],[6.3584],[6.6098],[6.7173],[6.729],[7.9621],[7.9481],[7.9023],[7.7995],[7.6327],[7.4584],[7.3561],[7.3953],[7.5645],[7.7888],[7.9706],[8.0762],[8.078],[7.9621],[7.7364],[7.4528],[7.193],[7.0248],[6.9463],[6.9636],[7.0836],[7.3252],[7.6463],[7.9421],[8.207],[8.5364],[9.0033],[8.8449],[8.815],[8.8248],[8.8902],[8.9925],[9.0902],[9.1785],[9.2738],[9.3593],[9.3963],[9.3743],[9.3411],[9.3206],[9.2715],[9.1453],[8.9364],[8.7472],[8.6603],[8.6565],[8.6729],[8.7243],[8.85],[9.0579],[9.2523],[9.4383],[9.85],[10.728],[9.7626],[9.7271],[9.815],[10.0551],[10.3804],[10.6762],[10.8902],[11.007],[11.0364],[10.9752],[10.8678],[10.7911],[10.7841],[10.7734],[10.6439],[10.3523],[10.0336],[9.8276],[9.7701],[9.7729],[9.8523],[10.1234],[10.5715],[10.9603],[11.1145],[11.2981],[12.072],[10.6121],[10.6869],[10.9178],[11.2907],[11.7238],[12.0883],[12.3402],[12.4972],[12.586],[12.6224],[12.5799],[12.4893],[12.3977],[12.2832],[12.0322],[11.6098],[11.1495],[10.857],[10.7846],[10.8379],[11.0435],[11.5986],[12.5364],[13.4154],[13.6832],[13.3869],[13.3299],[11.486],[11.8364],[12.2701],[12.7112],[13.114],[13.4397],[13.6818],[13.9103],[14.1692],[14.4103],[14.5047],[14.3519],[14.0248],[13.6491],[13.2294],[12.7453],[12.2818],[12.0453],[12.0991],[12.2855],[12.5822],[13.2556],[14.5304],[15.9383],[16.5327],[15.914],[14.8514],[12.7687],[13.4589],[14.029],[14.4056],[14.6533],[14.8771],[15.1154],[15.4056],[15.7981],[16.2196],[16.4206],[16.1551],[15.528],[14.8621],[14.3229],[13.8495],[13.4224],[13.2252],[13.4299],[13.8103],[14.1678],[14.7346],[15.9346],[17.5991],[18.6822],[18.3112],[16.8523],[14.6626],[15.565],[16.1453],[16.3388],[16.3799],[16.4995],[16.715],[16.9813],[17.3397],[17.7636],[17.9495],[17.5589],[16.7173],[15.9028],[15.4033],[15.0238],[14.5654],[14.2659],[14.4832],[15.1234],[15.7051],[16.1706],[17.0266],[18.5238],[19.9098],[20.1271],[19.0117],[16.7827],[17.7126],[18.2248],[18.2729],[18.1939],[18.2748],[18.4491],[18.572],[18.7005],[18.8981],[18.921],[18.4154],[17.5042],[16.7836],[16.5668],[16.4794],[16.0692],[15.5883],[15.7103],[16.5799],[17.5743],[18.1939],[18.7089],[19.6519],[20.7621],[21.1743],[20.4682],[18.4065],[19.2421],[19.7192],[19.7864],[19.7547],[19.8584],[19.9869],[19.9519],[19.8178],[19.7458],[19.5766],[19.0145],[18.2121],[17.7636],[17.9822],[18.3631],[18.229],[17.7252],[17.6888],[18.564],[19.8192],[20.6939],[21.0776],[21.3939],[21.7182],[21.5925],[20.7093],[19.0953],[19.7813],[20.265],[20.4836],[20.5935],[20.7327],[20.828],[20.7416],[20.5579],[20.4126],[20.229],[19.7925],[19.2379],[19.0864],[19.6093],[20.3411],[20.593],[20.2776],[20.0738],[20.5612],[21.578],[22.5126],[23.0126],[23.079],[22.7201],[21.7832],[20.3009]]},{"header":{"disciplineName":["Meteorological products"],"parameterCategory":[2],"parameterCategoryName":["u-component of wind"],"parameterNumberName":["u-component of wind"],"parameterNumber":[2],"parameterUnits":["m s-1"],"refTime":["2017-03-17T0000:00.000Z"],"numberPoints":[621],"nx":[27],"ny":[23],"lo1":[-20],"la1":[70],"lo2":[45],"la2":[45],"dx":[2.5],"dy":[2.5]},"data":[[2.6724],[2.7481],[2.7495],[2.7042],[2.6421],[2.5944],[2.5995],[2.6752],[2.8332],[3.0542],[3.3126],[3.5902],[3.8463],[4.057],[4.2164],[4.3229],[4.3893],[4.4397],[4.4874],[4.5453],[4.6136],[4.6902],[4.7752],[4.8407],[4.8771],[4.8893],[4.8593],[3.1561],[3.3678],[3.4556],[3.4617],[3.4322],[3.4136],[3.4551],[3.579],[3.7907],[4.072],[4.3893],[4.6888],[4.9304],[5.0827],[5.1421],[5.1173],[5.0388],[4.9486],[4.8738],[4.8472],[4.8729],[4.9472],[5.0617],[5.1916],[5.3238],[5.4449],[5.5533],[3.7991],[4.0388],[4.1879],[4.2785],[4.3472],[4.4285],[4.5561],[4.7453],[5.0014],[5.286],[5.5673],[5.7925],[5.9313],[5.9603],[5.8925],[5.7463],[5.5757],[5.4201],[5.3168],[5.2977],[5.3565],[5.4827],[5.6771],[5.9014],[6.1523],[6.4112],[6.6678],[4.7463],[4.9341],[5.0748],[5.1963],[5.2986],[5.4033],[5.5075],[5.6224],[5.7397],[5.8561],[5.9491],[5.993],[5.993],[5.9463],[5.8701],[5.8075],[5.7935],[5.8322],[5.9407],[6.1028],[6.2907],[6.4944],[6.7051],[6.921],[7.1477],[7.3897],[7.6542],[6.3972],[6.4696],[6.5093],[6.5154],[6.4949],[6.4341],[6.3322],[6.2047],[6.0612],[5.915],[5.7785],[5.6523],[5.5453],[5.4939],[5.522],[5.665],[5.921],[6.2668],[6.6481],[7.0126],[7.315],[7.5266],[7.6673],[7.7603],[7.8238],[7.9103],[8.0304],[8.4276],[8.3421],[8.1972],[7.9846],[7.7271],[7.4257],[7.0972],[6.7766],[6.4771],[6.2379],[6.0332],[5.8724],[5.7369],[5.679],[5.7121],[5.8766],[6.1734],[6.5589],[6.9598],[7.307],[7.5678],[7.7201],[7.8005],[7.8215],[7.8276],[7.828],[7.8757],[9.8678],[9.6121],[9.2687],[8.8696],[8.4542],[8.0374],[7.6617],[7.3579],[7.1463],[7.0238],[6.9579],[6.8916],[6.7902],[6.664],[6.5435],[6.4738],[6.486],[6.5547],[6.6336],[6.7098],[6.7888],[6.8995],[7.0421],[7.207],[7.3664],[7.4715],[7.5593],[10.2206],[9.8243],[9.393],[8.971],[8.5907],[8.2659],[8],[7.7972],[7.6864],[7.6505],[7.6528],[7.6458],[7.5729],[7.4215],[7.2098],[6.9687],[6.7187],[6.4589],[6.193],[5.9766],[5.8888],[5.9967],[6.2902],[6.6785],[7.0121],[7.2164],[7.2916],[9.9603],[9.5117],[9.1131],[8.8079],[8.5897],[8.4103],[8.2107],[7.9701],[7.7014],[7.4561],[7.2612],[7.1407],[7.0668],[7.0252],[6.993],[6.9336],[6.807],[6.5776],[6.2514],[5.9472],[5.8033],[5.9341],[6.3093],[6.7621],[7.0832],[7.1486],[7.0126],[9.657],[9.2505],[8.9369],[8.728],[8.5874],[8.4374],[8.1738],[7.7593],[7.2047],[6.6332],[6.1458],[5.8458],[5.7673],[5.8888],[6.1542],[6.4682],[6.7103],[6.7813],[6.6472],[6.422],[6.3033],[6.4248],[6.7472],[7.0874],[7.2234],[7.0682],[6.7248],[9.1827],[8.8743],[8.6047],[8.3584],[8.1262],[7.8893],[7.5804],[7.1463],[6.6005],[6.0229],[5.5397],[5.2416],[5.1664],[5.3033],[5.6131],[6.0388],[6.4444],[6.7098],[6.7383],[6.6023],[6.4794],[6.5173],[6.7009],[6.886],[6.9089],[6.7383],[6.4921],[8.1472],[7.9425],[7.6841],[7.3645],[7.0579],[6.8201],[6.6664],[6.5491],[6.414],[6.2752],[6.1659],[6.0813],[6.007],[5.9383],[5.9252],[6.0364],[6.25],[6.4463],[6.4869],[6.3453],[6.1308],[5.9953],[5.9799],[6.022],[6.0607],[6.1112],[6.2659],[6.6678],[6.5505],[6.3841],[6.1668],[6.029],[6.0598],[6.2668],[6.5607],[6.865],[7.1537],[7.4107],[7.5626],[7.5075],[7.2248],[6.8388],[6.5561],[6.4836],[6.535],[6.5182],[6.3047],[5.9313],[5.5449],[5.2808],[5.1752],[5.2379],[5.4949],[5.9692],[5.2668],[5.2444],[5.2593],[5.3495],[5.6238],[6.0916],[6.6402],[7.1154],[7.4575],[7.7332],[8.028],[8.2785],[8.3318],[8.1047],[7.7056],[7.3579],[7.2005],[7.1771],[7.0804],[6.757],[6.2182],[5.6346],[5.1869],[5.0065],[5.0897],[5.3986],[5.8336],[4.178],[4.264],[4.4579],[4.8425],[5.4636],[6.2224],[6.8794],[7.2229],[7.2598],[7.2402],[7.3766],[7.6855],[7.9902],[8.115],[8.0589],[7.9364],[7.8477],[7.743],[7.5014],[7.0444],[6.4355],[5.8383],[5.4636],[5.4313],[5.7037],[6.0724],[6.278],[3.1939],[3.4533],[3.7776],[4.2407],[4.893],[5.5911],[6.085],[6.2065],[6.0449],[5.8986],[6.0252],[6.4402],[6.9654],[7.3977],[7.6374],[7.7079],[7.6126],[7.3542],[6.935],[6.4322],[5.9458],[5.5888],[5.5192],[5.8355],[6.4603],[7.0533],[7.1874],[2.3252],[2.8439],[3.2911],[3.7098],[4.1519],[4.5533],[4.7668],[4.7804],[4.7117],[4.772],[5.0458],[5.4696],[5.8944],[6.2093],[6.3738],[6.3617],[6.1579],[5.7864],[5.365],[5.0388],[4.9093],[4.9626],[5.2439],[5.8201],[6.657],[7.4322],[7.6682],[2.065],[2.7879],[3.3388],[3.7449],[4.0276],[4.1696],[4.1944],[4.1953],[4.3173],[4.5869],[4.871],[5.0187],[4.9533],[4.7645],[4.5364],[4.3047],[4.0346],[3.7444],[3.5626],[3.6215],[3.9453],[4.4065],[4.907],[5.4766],[6.1421],[6.7266],[6.8981],[2.6766],[3.307],[3.7766],[4.1308],[4.3888],[4.4818],[4.45],[4.4621],[4.6252],[4.8495],[4.8748],[4.5673],[3.9762],[3.335],[2.8098],[2.4664],[2.2607],[2.1841],[2.2855],[2.6439],[3.25],[3.9364],[4.5308],[4.9561],[5.2103],[5.2411],[4.9813],[3.4121],[3.6458],[3.7257],[3.8556],[4.0477],[4.178],[4.1977],[4.2173],[4.3136],[4.3477],[4.0944],[3.5121],[2.7874],[2.1383],[1.6771],[1.4346],[1.3813],[1.4766],[1.6883],[2.0243],[2.5248],[3.1299],[3.686],[4.0079],[3.9593],[3.4808],[2.6603],[2.9364],[2.7598],[2.4201],[2.2093],[2.2397],[2.3533],[2.4308],[2.5023],[2.5977],[2.5636],[2.2729],[1.7935],[1.3523],[1.0748],[0.9458],[0.9509],[1.0785],[1.2799],[1.4453],[1.5467],[1.6678],[1.9061],[2.1972],[2.3621],[2.1818],[1.5252],[0.4617],[0.5673],[0.3533],[-0.0435],[-0.3519],[-0.4196],[-0.35],[-0.2612],[-0.1304],[0.0519],[0.1397],[0.0421],[-0.1369],[-0.1977],[-0.0986],[0.0799],[0.3131],[0.6346],[0.965],[1.1411],[1.0963],[0.9407],[0.7972],[0.6477],[0.429],[0.0509],[-0.571],[-1.479],[-2.9664],[-2.8743],[-2.9061],[-2.9411],[-2.8841],[-2.7907],[-2.7336],[-2.6117],[-2.3645],[-2.1028],[-1.9467],[-1.8416],[-1.6617],[-1.4243],[-1.1626],[-0.8294],[-0.3692],[0.0799],[0.3481],[0.4093],[0.3556],[0.1542],[-0.2972],[-0.978],[-1.6818],[-2.3037],[-2.921]]},{"header":{"disciplineName":["Meteorological products"],"parameterCategory":[2],"parameterCategoryName":["v-component of wind"],"parameterNumberName":["v-component of wind"],"parameterNumber":[3],"parameterUnits":["m s-1"],"refTime":["2017-03-17T0000:00.000Z"],"numberPoints":[621],"nx":[27],"ny":[23],"lo1":[-20],"la1":[70],"lo2":[45],"la2":[45],"dx":[2.5],"dy":[2.5]},"data":[[-0.9654],[-0.6084],[-0.2136],[0.1935],[0.5757],[0.9187],[1.1972],[1.3949],[1.5005],[1.5079],[1.4248],[1.2729],[1.0673],[0.8505],[0.6411],[0.4668],[0.3154],[0.1916],[0.072],[-0.0664],[-0.2407],[-0.4626],[-0.722],[-1.0065],[-1.2977],[-1.5743],[-1.815],[-0.2093],[-0.093],[0.0575],[0.25],[0.4935],[0.7626],[1.0528],[1.3271],[1.5397],[1.6668],[1.6785],[1.5963],[1.4243],[1.2089],[0.9977],[0.8103],[0.6692],[0.5547],[0.4491],[0.3131],[0.1276],[-0.1266],[-0.4304],[-0.7626],[-1.0925],[-1.3832],[-1.6192],[0.5201],[0.4439],[0.4252],[0.4972],[0.6509],[0.8911],[1.1897],[1.493],[1.7463],[1.8883],[1.8921],[1.7416],[1.4734],[1.1575],[0.8495],[0.6159],[0.4729],[0.4201],[0.4117],[0.3921],[0.3304],[0.1981],[0.0075],[-0.2257],[-0.465],[-0.693],[-0.8944],[0.9383],[0.8346],[0.8051],[0.857],[0.9822],[1.1822],[1.4285],[1.6902],[1.8963],[1.9935],[1.9336],[1.7159],[1.3724],[0.9864],[0.6537],[0.428],[0.3383],[0.3678],[0.4593],[0.5472],[0.5869],[0.5659],[0.4888],[0.3846],[0.2664],[0.1374],[-0.028],[1.1252],[1.0626],[1.0621],[1.0939],[1.1472],[1.2196],[1.3308],[1.4706],[1.6145],[1.7005],[1.6827],[1.5308],[1.2893],[1.029],[0.8322],[0.7467],[0.785],[0.8808],[0.9818],[1.0196],[0.9734],[0.8836],[0.7808],[0.7028],[0.6556],[0.6126],[0.5145],[1.1617],[1.0262],[0.9551],[0.8776],[0.7893],[0.6972],[0.6715],[0.736],[0.886],[1.0523],[1.1659],[1.1939],[1.1495],[1.1075],[1.1416],[1.2785],[1.4794],[1.65],[1.6981],[1.5963],[1.364],[1.0944],[0.8706],[0.7486],[0.735],[0.7654],[0.7692],[0.9019],[0.565],[0.329],[0.1472],[-0.0084],[-0.1243],[-0.1379],[-0.0164],[0.2346],[0.5173],[0.7388],[0.8449],[0.8664],[0.9075],[1.0631],[1.3467],[1.6869],[1.9458],[2.014],[1.878],[1.5995],[1.2874],[1.0481],[0.9257],[0.9159],[0.978],[1.0374],[0.2836],[-0.2542],[-0.5729],[-0.7103],[-0.7444],[-0.6921],[-0.5383],[-0.2715],[0.0818],[0.4248],[0.6393],[0.6729],[0.5888],[0.5327],[0.6332],[0.9168],[1.286],[1.5981],[1.7519],[1.7477],[1.6603],[1.5678],[1.4977],[1.4276],[1.3743],[1.3304],[1.322],[-0.4449],[-1.0262],[-1.2636],[-1.2322],[-1.0477],[-0.821],[-0.5734],[-0.2808],[0.0519],[0.3724],[0.578],[0.6065],[0.5126],[0.4262],[0.4664],[0.6561],[0.914],[1.1327],[1.285],[1.4332],[1.636],[1.8846],[2.0486],[2.0215],[1.7958],[1.4935],[1.2944],[-0.9935],[-1.4477],[-1.5491],[-1.3972],[-1.1505],[-0.964],[-0.8505],[-0.7458],[-0.5579],[-0.2626],[0.079],[0.371],[0.5841],[0.7491],[0.8981],[1.0252],[1.0678],[1.028],[1.0084],[1.179],[1.6009],[2.1304],[2.4626],[2.3743],[1.8907],[1.2902],[0.9037],[-1.3299],[-1.6491],[-1.7192],[-1.629],[-1.5262],[-1.5173],[-1.621],[-1.7252],[-1.6551],[-1.3173],[-0.7449],[-0.0542],[0.6051],[1.1533],[1.5271],[1.6584],[1.5136],[1.1883],[0.9411],[1.0579],[1.5981],[2.2935],[2.6879],[2.4724],[1.7575],[0.9808],[0.5598],[-1.6379],[-1.9019],[-2.0678],[-2.1439],[-2.1706],[-2.2168],[-2.307],[-2.3841],[-2.2911],[-1.9103],[-1.2304],[-0.3832],[0.4734],[1.2037],[1.7019],[1.8808],[1.6939],[1.264],[0.9178],[1.007],[1.5981],[2.3607],[2.7449],[2.4397],[1.6519],[0.9234],[0.6579],[-1.922],[-2.2131],[-2.4804],[-2.6285],[-2.5949],[-2.4262],[-2.2416],[-2.0935],[-1.9182],[-1.6],[-1.093],[-0.4495],[0.2126],[0.8098],[1.2841],[1.5243],[1.4491],[1.1234],[0.8159],[0.8949],[1.4565],[2.1832],[2.5407],[2.2626],[1.6192],[1.1444],[1.1421],[-2.0827],[-2.3701],[-2.6159],[-2.6589],[-2.414],[-1.9687],[-1.535],[-1.257],[-1.1215],[-0.9855],[-0.7402],[-0.4014],[-0.0458],[0.3131],[0.6729],[0.9589],[1.0299],[0.8393],[0.5575],[0.5285],[0.9364],[1.5757],[2.0051],[1.972],[1.6724],[1.5388],[1.7215],[-2.0248],[-2.2551],[-2.3617],[-2.2238],[-1.8033],[-1.2673],[-0.8603],[-0.7079],[-0.7299],[-0.7145],[-0.5523],[-0.2935],[-0.0645],[0.1196],[0.3061],[0.507],[0.5808],[0.3977],[0.0285],[-0.2089],[0.0023],[0.6421],[1.3766],[1.8439],[2.0257],[2.122],[2.2229],[-1.7621],[-1.8911],[-1.8682],[-1.6173],[-1.1864],[-0.7944],[-0.6117],[-0.6542],[-0.7206],[-0.6042],[-0.2692],[0.107],[0.3159],[0.3],[0.2009],[0.1332],[0.0379],[-0.2533],[-0.7505],[-1.1687],[-1.0673],[-0.2584],[1.0103],[2.1967],[2.8916],[3.0005],[2.6477],[-1.2332],[-1.2598],[-1.215],[-1.0322],[-0.7818],[-0.6224],[-0.6196],[-0.6631],[-0.5388],[-0.1435],[0.4047],[0.8089],[0.8486],[0.5238],[0.0509],[-0.3397],[-0.6332],[-1.0019],[-1.5229],[-1.9804],[-1.8523],[-0.7729],[1.0827],[2.979],[4.0986],[4.0407],[3.0276],[-0.3341],[-0.3],[-0.3776],[-0.4593],[-0.5042],[-0.5771],[-0.6299],[-0.507],[-0.0972],[0.5262],[1.0743],[1.2537],[0.9692],[0.3603],[-0.3159],[-0.8374],[-1.1967],[-1.5458],[-1.9748],[-2.3075],[-2.0421],[-0.7346],[1.493],[3.8042],[5.1136],[4.8486],[3.3005],[0.8407],[0.829],[0.5168],[0.1327],[-0.2019],[-0.4561],[-0.5444],[-0.3416],[0.1804],[0.7715],[1.0827],[0.9322],[0.4164],[-0.1935],[-0.7075],[-1.0967],[-1.4178],[-1.7238],[-2.0028],[-2.0692],[-1.5598],[-0.1145],[2.1234],[4.3463],[5.479],[4.9696],[3.2196],[1.9164],[1.6724],[1.1154],[0.5626],[0.1383],[-0.1617],[-0.3215],[-0.2336],[0.0921],[0.4336],[0.4654],[0.1192],[-0.3575],[-0.6621],[-0.7864],[-0.9486],[-1.2607],[-1.5949],[-1.7047],[-1.4164],[-0.5888],[0.8888],[2.821],[4.4986],[5.0678],[4.2098],[2.4519],[2.4308],[1.8528],[1.1477],[0.6547],[0.4098],[0.2435],[0.0449],[-0.0995],[-0.0986],[-0.0537],[-0.1864],[-0.5037],[-0.7421],[-0.672],[-0.4519],[-0.4612],[-0.821],[-1.2033],[-1.1668],[-0.5995],[0.4154],[1.7636],[3.2126],[4.1991],[4.0752],[2.7678],[0.9813],[2.2383],[1.4458],[0.7463],[0.4407],[0.4556],[0.4706],[0.2766],[-0.0294],[-0.264],[-0.3776],[-0.4944],[-0.6341],[-0.6014],[-0.2762],[0.1178],[0.1682],[-0.185],[-0.5327],[-0.443],[0.1042],[0.8771],[1.8023],[2.7972],[3.3813],[2.8981],[1.2939],[-0.6229],[1.6617],[0.929],[0.3561],[0.1584],[0.2224],[0.2519],[0.0547],[-0.2864],[-0.5514],[-0.6421],[-0.6192],[-0.5215],[-0.2743],[0.179],[0.6308],[0.7439],[0.4925],[0.2379],[0.2528],[0.421],[0.5509],[0.8505],[1.5472],[2.2009],[1.885],[0.2981],[-1.6981]]}]