html/data/WT_pct09_ind_wt_3_5.json
[{"header":{"disciplineName":["Meteorological products"],"parameterCategory":[0],"parameterCategoryName":["Temperature"],"parameterNumberName":["Temperature"],"parameterNumber":[0],"parameterUnits":["K"],"refTime":["2017-03-17T0000:00.000Z"],"numberPoints":[621],"nx":[27],"ny":[23],"lo1":[-20],"la1":[70],"lo2":[45],"la2":[45],"dx":[2.5],"dy":[2.5]},"data":[[-15.3029],[-14.3574],[-13.4176],[-12.5559],[-11.7588],[-11.0765],[-10.4926],[-10.0221],[-9.6426],[-9.3456],[-9.1294],[-8.9809],[-8.8853],[-8.8265],[-8.8206],[-8.8426],[-8.9147],[-9.0147],[-9.1559],[-9.3162],[-9.4882],[-9.6691],[-9.8603],[-10.0588],[-10.2632],[-10.4941],[-10.7574],[-11.9588],[-11.3147],[-10.7132],[-10.1412],[-9.6059],[-9.1221],[-8.6691],[-8.2912],[-7.9691],[-7.7353],[-7.5735],[-7.4912],[-7.5015],[-7.575],[-7.725],[-7.9265],[-8.1735],[-8.4382],[-8.7176],[-8.975],[-9.2147],[-9.3912],[-9.55],[-9.6721],[-9.7868],[-9.8985],[-10.0544],[-8.4647],[-8.2132],[-7.9735],[-7.7074],[-7.4132],[-7.0794],[-6.7485],[-6.4368],[-6.1838],[-6.0206],[-5.9706],[-6.0338],[-6.2015],[-6.475],[-6.8088],[-7.1956],[-7.6059],[-8.0147],[-8.3853],[-8.6926],[-8.9324],[-9.1088],[-9.2118],[-9.2912],[-9.3382],[-9.4029],[-9.5206],[-6.0956],[-6.0162],[-5.9015],[-5.7441],[-5.5118],[-5.2515],[-4.9971],[-4.7706],[-4.6338],[-4.6059],[-4.7059],[-4.9309],[-5.2676],[-5.6735],[-6.1309],[-6.6],[-7.0559],[-7.4632],[-7.8074],[-8.0706],[-8.2485],[-8.3735],[-8.4529],[-8.5059],[-8.5882],[-8.6926],[-8.8632],[-4.9265],[-4.7074],[-4.4662],[-4.2059],[-3.9471],[-3.7176],[-3.5353],[-3.4265],[-3.4088],[-3.5265],[-3.7397],[-4.0603],[-4.4603],[-4.9],[-5.3618],[-5.8294],[-6.2559],[-6.6426],[-6.9471],[-7.1632],[-7.3103],[-7.3956],[-7.4691],[-7.5735],[-7.7147],[-7.9088],[-8.1426],[-3.9103],[-3.4956],[-3.1118],[-2.8176],[-2.5926],[-2.4544],[-2.3868],[-2.3926],[-2.4515],[-2.5985],[-2.8294],[-3.1235],[-3.4676],[-3.8588],[-4.2765],[-4.7294],[-5.1971],[-5.6206],[-5.9985],[-6.2824],[-6.4603],[-6.5721],[-6.6794],[-6.8265],[-7.0353],[-7.2735],[-7.5206],[-2.3074],[-1.9191],[-1.6544],[-1.5029],[-1.4706],[-1.5074],[-1.5603],[-1.625],[-1.7103],[-1.825],[-2.0029],[-2.2206],[-2.4897],[-2.7985],[-3.1515],[-3.5809],[-4.0676],[-4.5765],[-5.0574],[-5.4294],[-5.6676],[-5.8132],[-5.9544],[-6.1397],[-6.4132],[-6.7044],[-6.9544],[-0.3559],[-0.2426],[-0.2456],[-0.3382],[-0.5059],[-0.6824],[-0.8397],[-0.9706],[-1.0912],[-1.2456],[-1.4353],[-1.6632],[-1.8853],[-2.1191],[-2.3618],[-2.6794],[-3.0897],[-3.5559],[-4.0132],[-4.3662],[-4.5971],[-4.7397],[-4.8897],[-5.1485],[-5.5029],[-5.875],[-6.1529],[1.3397],[1.2309],[1.0559],[0.8676],[0.6662],[0.4265],[0.1912],[-0.05],[-0.3103],[-0.575],[-0.8691],[-1.1603],[-1.4015],[-1.575],[-1.6985],[-1.8647],[-2.1279],[-2.475],[-2.8324],[-3.1162],[-3.2882],[-3.4088],[-3.5809],[-3.8882],[-4.2897],[-4.6588],[-4.8868],[2.6985],[2.5265],[2.4029],[2.3059],[2.1897],[1.9647],[1.6324],[1.2574],[0.8809],[0.5353],[0.225],[-0.0397],[-0.2588],[-0.425],[-0.5632],[-0.7426],[-1.0103],[-1.35],[-1.7074],[-1.9809],[-2.1397],[-2.2544],[-2.4294],[-2.7074],[-3.0162],[-3.2324],[-3.2691],[3.9015],[3.7676],[3.7456],[3.7647],[3.7088],[3.4691],[3.0529],[2.6044],[2.2279],[2.0088],[1.8897],[1.7882],[1.6397],[1.4176],[1.1],[0.6912],[0.2162],[-0.2691],[-0.6824],[-0.9779],[-1.1279],[-1.2265],[-1.3485],[-1.5221],[-1.6618],[-1.6706],[-1.5294],[4.9853],[4.8515],[4.8544],[4.8971],[4.8309],[4.5382],[4.0824],[3.6412],[3.3809],[3.3706],[3.5088],[3.6162],[3.5426],[3.2338],[2.7147],[2.0779],[1.4471],[0.9294],[0.5706],[0.3676],[0.2882],[0.2515],[0.1985],[0.1456],[0.1426],[0.2279],[0.3529],[5.85],[5.7441],[5.7426],[5.7765],[5.6985],[5.4206],[5],[4.6088],[4.4088],[4.4603],[4.6574],[4.8132],[4.7809],[4.4735],[3.9456],[3.3294],[2.8059],[2.4779],[2.3397],[2.3147],[2.325],[2.3221],[2.3235],[2.3647],[2.4353],[2.5382],[2.5794],[6.5809],[6.5632],[6.6368],[6.7588],[6.8044],[6.6853],[6.3956],[6.0559],[5.8],[5.6809],[5.6868],[5.7338],[5.7118],[5.525],[5.1676],[4.7632],[4.4662],[4.3485],[4.3618],[4.3706],[4.3324],[4.3088],[4.3971],[4.6],[4.8221],[5.0294],[5.225],[7.3103],[7.4044],[7.6191],[7.9544],[8.2662],[8.4221],[8.3691],[8.1265],[7.7882],[7.4618],[7.2279],[7.1191],[7.0824],[7.0118],[6.8132],[6.525],[6.2691],[6.1235],[6.0221],[5.875],[5.7132],[5.7279],[6.0618],[6.5662],[7.0118],[7.3456],[7.7794],[8.025],[8.1794],[8.5279],[9.0853],[9.7059],[10.1882],[10.3926],[10.3059],[10.0088],[9.6412],[9.3397],[9.1603],[9.0779],[8.9647],[8.6985],[8.2926],[7.8662],[7.5235],[7.2309],[6.95],[6.7868],[7.0529],[7.8294],[8.7618],[9.3103],[9.3912],[9.6],[8.7324],[8.9353],[9.3706],[10.0618],[10.8647],[11.55],[11.9426],[12.0294],[11.9294],[11.7735],[11.6324],[11.4956],[11.3059],[10.9779],[10.4897],[9.85],[9.2397],[8.7868],[8.4971],[8.3176],[8.3676],[8.9647],[10.2029],[11.5382],[12.0824],[11.5779],[10.8853],[9.6029],[9.9368],[10.4338],[11.1044],[11.8691],[12.5544],[13.025],[13.2691],[13.4412],[13.65],[13.8235],[13.7926],[13.4529],[12.8647],[12.1574],[11.4074],[10.7515],[10.3176],[10.1706],[10.2221],[10.4559],[11.1765],[12.5868],[14.2279],[15.0176],[14.2926],[12.7309],[10.8044],[11.3882],[11.9529],[12.4897],[13.0279],[13.5603],[14.0235],[14.4029],[14.8324],[15.3809],[15.8426],[15.8706],[15.3794],[14.6176],[13.8676],[13.1912],[12.5809],[12.1147],[11.9809],[12.1397],[12.3956],[12.9118],[14.0941],[15.9162],[17.3897],[17.3838],[15.9118],[12.45],[13.2868],[13.8985],[14.275],[14.5721],[14.9662],[15.4221],[15.8912],[16.4265],[17.0794],[17.5912],[17.5456],[16.8721],[16.0456],[15.4897],[15.125],[14.6206],[13.9941],[13.6765],[13.8368],[14.1368],[14.4088],[15.1324],[16.7971],[18.9074],[20.1103],[19.5985],[14.5544],[15.5353],[16.1956],[16.5],[16.6941],[17.0059],[17.4471],[17.8779],[18.3],[18.7574],[19.0294],[18.7309],[17.9029],[17.1324],[16.9632],[17.1368],[16.9309],[16.2162],[15.6691],[15.8574],[16.4485],[16.8235],[17.1471],[18.2059],[20.125],[21.7941],[22.0382],[17.0118],[17.9676],[18.6382],[18.9706],[19.1735],[19.4544],[19.8059],[20.0824],[20.2515],[20.3838],[20.3471],[19.8794],[19.0279],[18.4471],[18.7059],[19.4485],[19.7176],[19.1338],[18.4544],[18.6426],[19.5853],[20.3779],[20.6235],[20.9059],[21.7368],[22.6279],[22.5926],[19.1794],[20.0132],[20.6338],[21.0147],[21.2338],[21.4632],[21.6985],[21.8441],[21.8441],[21.8176],[21.7074],[21.3574],[20.7912],[20.5074],[21.0015],[22.0353],[22.6956],[22.3824],[21.6485],[21.5912],[22.5044],[23.6294],[24.1044],[23.9956],[23.7647],[23.3926],[22.4132]]},{"header":{"disciplineName":["Meteorological products"],"parameterCategory":[2],"parameterCategoryName":["u-component of wind"],"parameterNumberName":["u-component of wind"],"parameterNumber":[2],"parameterUnits":["m s-1"],"refTime":["2017-03-17T0000:00.000Z"],"numberPoints":[621],"nx":[27],"ny":[23],"lo1":[-20],"la1":[70],"lo2":[45],"la2":[45],"dx":[2.5],"dy":[2.5]},"data":[[1.7647],[2.2853],[2.725],[3.0691],[3.3426],[3.5779],[3.8088],[4.0721],[4.3574],[4.6912],[5.0147],[5.3132],[5.5382],[5.6588],[5.6706],[5.5794],[5.4279],[5.2294],[5.0426],[4.8706],[4.7221],[4.5941],[4.475],[4.3412],[4.1971],[4.0632],[3.9529],[2.1618],[2.9382],[3.5456],[4.0191],[4.3588],[4.6412],[4.9118],[5.2368],[5.6132],[6.0441],[6.4721],[6.8279],[7.025],[7.0324],[6.8368],[6.4618],[5.9941],[5.5074],[5.0882],[4.7691],[4.5721],[4.4662],[4.4294],[4.3824],[4.3191],[4.2221],[4.1309],[3.4397],[4.1397],[4.7059],[5.1691],[5.5221],[5.8382],[6.1676],[6.55],[7],[7.4882],[7.9426],[8.2603],[8.3824],[8.2294],[7.8029],[7.1662],[6.4353],[5.7471],[5.2059],[4.8868],[4.8015],[4.8794],[5.0426],[5.2265],[5.3603],[5.4176],[5.4147],[6.1221],[6.5265],[6.8897],[7.225],[7.5279],[7.8176],[8.0824],[8.3206],[8.5618],[8.7868],[8.9588],[9.0176],[8.8971],[8.5603],[8.0059],[7.3235],[6.6029],[5.9838],[5.5838],[5.4191],[5.5],[5.7309],[6.0147],[6.2662],[6.4412],[6.5309],[6.5588],[9.3676],[9.4603],[9.5985],[9.7853],[9.9662],[10.0926],[10.0809],[9.9221],[9.6397],[9.2941],[8.9265],[8.5574],[8.1721],[7.7676],[7.325],[6.8926],[6.5191],[6.2765],[6.2],[6.2662],[6.4456],[6.6162],[6.7309],[6.7426],[6.6765],[6.5838],[6.5103],[11.6926],[11.6279],[11.6176],[11.6456],[11.6485],[11.5191],[11.1529],[10.55],[9.7691],[8.9206],[8.1456],[7.5235],[7.0647],[6.7603],[6.5765],[6.4838],[6.4956],[6.5926],[6.7353],[6.8868],[6.9721],[6.9279],[6.7382],[6.4515],[6.1147],[5.8397],[5.7029],[12.6426],[12.5603],[12.4412],[12.2956],[12.0706],[11.6765],[11.0574],[10.2235],[9.2676],[8.3353],[7.5647],[7.0279],[6.7118],[6.5735],[6.5191],[6.5206],[6.5471],[6.5721],[6.5706],[6.5103],[6.3471],[6.1162],[5.8132],[5.5221],[5.2809],[5.1368],[5.1147],[12.8971],[12.7632],[12.4956],[12.1338],[11.6676],[11.0691],[10.3412],[9.4853],[8.625],[7.875],[7.3294],[7.0103],[6.8559],[6.7765],[6.6765],[6.5029],[6.2324],[5.8912],[5.4971],[5.0912],[4.7132],[4.4324],[4.3147],[4.3559],[4.5191],[4.7382],[4.95],[12.7971],[12.4691],[11.9926],[11.4279],[10.7765],[10.075],[9.2956],[8.4779],[7.6941],[7.0044],[6.4926],[6.1897],[6.0471],[5.9588],[5.8456],[5.6324],[5.2765],[4.8221],[4.2706],[3.7515],[3.3662],[3.2221],[3.3618],[3.7279],[4.1824],[4.5691],[4.7838],[11.7588],[11.1868],[10.5529],[9.8824],[9.1794],[8.4456],[7.6838],[6.9059],[6.1132],[5.3309],[4.6676],[4.1691],[3.9309],[3.8912],[3.9853],[4.0926],[4.1206],[4.0235],[3.8147],[3.5853],[3.4412],[3.4985],[3.7765],[4.1853],[4.5456],[4.7029],[4.6162],[9.4647],[8.7471],[8.0926],[7.4309],[6.7426],[6.0662],[5.45],[4.8838],[4.3265],[3.7029],[3.0779],[2.5588],[2.2941],[2.3456],[2.6588],[3.1206],[3.5809],[3.9412],[4.1853],[4.3294],[4.4706],[4.6588],[4.9044],[5.1441],[5.2397],[5.1059],[4.7603],[6.6147],[5.8926],[5.2971],[4.7044],[4.0794],[3.5647],[3.2882],[3.25],[3.3221],[3.3529],[3.2412],[3.05],[2.9279],[2.9868],[3.2426],[3.6515],[4.0956],[4.5103],[4.8118],[5.0309],[5.175],[5.2779],[5.3691],[5.4397],[5.4441],[5.3485],[5.15],[4.1],[3.4559],[2.9794],[2.5647],[2.1794],[1.9853],[2.1471],[2.6941],[3.4735],[4.2294],[4.7721],[5.0544],[5.1544],[5.1809],[5.2235],[5.2985],[5.4088],[5.4897],[5.525],[5.475],[5.3529],[5.1735],[5.0471],[5.0221],[5.1176],[5.2941],[5.5368],[2.2485],[1.7515],[1.5221],[1.4632],[1.5324],[1.7897],[2.2794],[3.0353],[3.9441],[4.875],[5.6824],[6.2721],[6.6294],[6.7809],[6.8132],[6.8044],[6.7735],[6.6897],[6.5103],[6.2206],[5.8338],[5.4603],[5.1868],[5.1279],[5.2868],[5.6176],[5.9941],[1.1368],[0.9088],[0.9926],[1.3485],[1.8779],[2.4088],[2.8897],[3.2706],[3.6779],[4.1926],[4.8588],[5.5956],[6.2632],[6.7603],[7.0985],[7.3338],[7.4838],[7.5118],[7.3706],[7.0868],[6.7588],[6.475],[6.3353],[6.3956],[6.6118],[6.8471],[6.9294],[0.8397],[0.9574],[1.2618],[1.7691],[2.3485],[2.7809],[2.9088],[2.7676],[2.6721],[2.8721],[3.4985],[4.4265],[5.3824],[6.1426],[6.6559],[6.9926],[7.2221],[7.3176],[7.2691],[7.1691],[7.1324],[7.2412],[7.4868],[7.8147],[8.1882],[8.4309],[8.3338],[1.0441],[1.4206],[1.7441],[2.0618],[2.3412],[2.4368],[2.2912],[2.0985],[2.1397],[2.6441],[3.5676],[4.6735],[5.6088],[6.1485],[6.3279],[6.3294],[6.2868],[6.2588],[6.2485],[6.3662],[6.6779],[7.1574],[7.6794],[8.2015],[8.7662],[9.325],[9.6044],[1.1353],[1.6309],[1.9353],[2.1132],[2.2147],[2.2368],[2.2882],[2.5912],[3.2824],[4.3147],[5.4206],[6.2765],[6.6662],[6.5382],[6.1088],[5.6706],[5.4206],[5.3824],[5.5515],[5.9147],[6.4632],[7.0412],[7.5],[7.8632],[8.4074],[9.25],[10.1353],[1.2397],[1.8912],[2.3368],[2.7103],[3.0515],[3.4279],[3.9426],[4.7471],[5.8],[6.8103],[7.4485],[7.5294],[7.075],[6.3485],[5.6412],[5.2279],[5.2029],[5.4941],[5.9676],[6.5735],[7.2191],[7.6926],[7.8721],[7.8779],[8.1],[8.7912],[9.7853],[2.3338],[3.2103],[3.8441],[4.4456],[5.1],[5.7809],[6.4824],[7.2059],[7.8235],[8.1103],[7.8882],[7.2],[6.2941],[5.5015],[5.0956],[5.1603],[5.6044],[6.1868],[6.7765],[7.3603],[7.9059],[8.2574],[8.2926],[8.1456],[8.075],[8.2559],[8.5882],[4.3574],[5.3368],[5.8926],[6.3265],[6.8015],[7.275],[7.5941],[7.7147],[7.5691],[7.1397],[6.475],[5.7],[5.0294],[4.6544],[4.7206],[5.1794],[5.8118],[6.2926],[6.5765],[6.8221],[7.1456],[7.4338],[7.5426],[7.5235],[7.4456],[7.1882],[6.6294],[5.2235],[5.9971],[6.1779],[6.1353],[6.0956],[6.0603],[5.8618],[5.4838],[4.9926],[4.5074],[4.1412],[3.9118],[3.775],[3.75],[3.9632],[4.4221],[4.9162],[5.1176],[5.0353],[4.9853],[5.1765],[5.4265],[5.5485],[5.5794],[5.5529],[5.1691],[4.1412],[2.8088],[3.1324],[3.0779],[2.8662],[2.6529],[2.4294],[2.1353],[1.8176],[1.5691],[1.5088],[1.6691],[1.9456],[2.0971],[2.0544],[2.0353],[2.2956],[2.7059],[2.8956],[2.8368],[2.8765],[3.2015],[3.5044],[3.4309],[3.1265],[2.9029],[2.5676],[1.6015]]},{"header":{"disciplineName":["Meteorological products"],"parameterCategory":[2],"parameterCategoryName":["v-component of wind"],"parameterNumberName":["v-component of wind"],"parameterNumber":[3],"parameterUnits":["m s-1"],"refTime":["2017-03-17T0000:00.000Z"],"numberPoints":[621],"nx":[27],"ny":[23],"lo1":[-20],"la1":[70],"lo2":[45],"la2":[45],"dx":[2.5],"dy":[2.5]},"data":[[-1.0368],[-0.5529],[-0.0015],[0.5529],[1.1044],[1.6191],[2.0662],[2.425],[2.6691],[2.7956],[2.7912],[2.7309],[2.5809],[2.4044],[2.2294],[2.0647],[1.9294],[1.7956],[1.6412],[1.4559],[1.2368],[0.9794],[0.7279],[0.5338],[0.4118],[0.3971],[0.4721],[1.0059],[1.3],[1.5735],[1.8485],[2.1338],[2.4382],[2.7368],[2.9926],[3.1529],[3.1676],[3.0353],[2.7382],[2.3485],[1.9235],[1.5324],[1.2279],[1.0397],[0.9353],[0.8676],[0.7824],[0.6485],[0.4676],[0.2735],[0.1309],[0.0926],[0.1971],[0.4456],[2.8412],[2.9147],[2.95],[2.9941],[3.1074],[3.2853],[3.5162],[3.7397],[3.8397],[3.75],[3.3897],[2.7971],[2.0353],[1.2324],[0.5368],[0.0471],[-0.1632],[-0.1471],[0.0221],[0.2235],[0.3632],[0.3912],[0.3368],[0.2824],[0.2853],[0.4103],[0.6691],[3.6221],[3.6544],[3.6574],[3.6779],[3.7574],[3.9059],[4.0956],[4.2441],[4.2544],[4.0059],[3.4515],[2.5824],[1.5059],[0.4059],[-0.5191],[-1.0868],[-1.2338],[-1.0103],[-0.5382],[-0.0147],[0.425],[0.6897],[0.7838],[0.7824],[0.7926],[0.8647],[1.0176],[3.5985],[3.7382],[3.8544],[3.9441],[4.0147],[4.0456],[4.0338],[3.9735],[3.7853],[3.3897],[2.7324],[1.8074],[0.6912],[-0.3941],[-1.2721],[-1.725],[-1.7132],[-1.3029],[-0.6632],[-0.0176],[0.4941],[0.7985],[0.9265],[0.9662],[1.0044],[1.0985],[1.2265],[3.4691],[3.6529],[3.8324],[3.925],[3.8426],[3.6147],[3.2544],[2.8544],[2.4426],[1.9941],[1.4426],[0.7338],[-0.0956],[-0.8985],[-1.4735],[-1.6853],[-1.5029],[-1.0294],[-0.4647],[0.0044],[0.2971],[0.4059],[0.4338],[0.5],[0.6779],[0.9324],[1.2279],[3.4632],[3.4574],[3.4824],[3.4324],[3.1647],[2.6647],[2.0309],[1.4088],[0.925],[0.5853],[0.2853],[-0.0912],[-0.5809],[-1.0676],[-1.3897],[-1.4074],[-1.1162],[-0.6838],[-0.3074],[-0.1235],[-0.15],[-0.2529],[-0.2882],[-0.1324],[0.2397],[0.7382],[1.2441],[3.3353],[2.9191],[2.6485],[2.4324],[2.0853],[1.5294],[0.8338],[0.1912],[-0.2044],[-0.3412],[-0.3794],[-0.5176],[-0.8456],[-1.2515],[-1.5368],[-1.5294],[-1.2471],[-0.8529],[-0.5824],[-0.55],[-0.6721],[-0.7471],[-0.6279],[-0.25],[0.3176],[0.9397],[1.4809],[2.8971],[2.0382],[1.5029],[1.2265],[0.9559],[0.4956],[-0.15],[-0.7721],[-1.1221],[-1.1279],[-0.9721],[-0.9515],[-1.2074],[-1.6515],[-2.0265],[-2.0868],[-1.8544],[-1.5015],[-1.2397],[-1.1515],[-1.0926],[-0.8691],[-0.3882],[0.2765],[0.9368],[1.4471],[1.7559],[2.2574],[1.1279],[0.4559],[0.2147],[0.0515],[-0.3603],[-1.0779],[-1.85],[-2.3206],[-2.3059],[-1.9868],[-1.7],[-1.7103],[-2.0015],[-2.2926],[-2.3691],[-2.1794],[-1.8868],[-1.6779],[-1.5294],[-1.2735],[-0.7176],[0.1],[0.9544],[1.5588],[1.8059],[1.7515],[1.4647],[0.3029],[-0.3735],[-0.6059],[-0.7647],[-1.2015],[-2.0529],[-3.0324],[-3.6588],[-3.6662],[-3.1382],[-2.475],[-2.0294],[-1.9103],[-1.9221],[-1.8588],[-1.6926],[-1.5412],[-1.4971],[-1.4529],[-1.1662],[-0.4882],[0.4382],[1.2662],[1.6971],[1.6941],[1.425],[0.4544],[-0.5412],[-1.1632],[-1.4206],[-1.5662],[-1.9603],[-2.7397],[-3.6574],[-4.2971],[-4.2912],[-3.6721],[-2.7706],[-1.9794],[-1.4897],[-1.2029],[-0.9971],[-0.8397],[-0.8485],[-1.0132],[-1.1574],[-0.9735],[-0.3765],[0.4265],[1.0882],[1.3559],[1.3162],[1.1603],[-0.7456],[-1.4235],[-1.8882],[-2.0647],[-2.0838],[-2.2118],[-2.5971],[-3.1706],[-3.6456],[-3.7088],[-3.2632],[-2.5103],[-1.7529],[-1.1897],[-0.8088],[-0.5456],[-0.4382],[-0.5676],[-0.8838],[-1.1426],[-1.0471],[-0.5515],[0.1118],[0.6206],[0.8897],[1.0618],[1.2779],[-1.9044],[-2.1706],[-2.2647],[-2.1706],[-1.9309],[-1.7206],[-1.6956],[-1.9426],[-2.3044],[-2.525],[-2.425],[-2.0265],[-1.5206],[-1.075],[-0.7603],[-0.5868],[-0.6029],[-0.8735],[-1.3015],[-1.5985],[-1.4676],[-0.9338],[-0.275],[0.2221],[0.5985],[1.0456],[1.6471],[-2.8088],[-2.6044],[-2.1662],[-1.6676],[-1.2309],[-0.9456],[-0.8647],[-1.0338],[-1.3662],[-1.6676],[-1.7044],[-1.4529],[-1.0632],[-0.7441],[-0.5838],[-0.6132],[-0.8485],[-1.3265],[-1.9015],[-2.225],[-2.0044],[-1.2941],[-0.4515],[0.1868],[0.6426],[1.1529],[1.8162],[-3.2868],[-2.6515],[-1.7265],[-0.9691],[-0.6088],[-0.6118],[-0.7794],[-1.0059],[-1.1956],[-1.2279],[-1],[-0.5706],[-0.175],[-0.0338],[-0.1809],[-0.5103],[-0.9838],[-1.6279],[-2.3162],[-2.6985],[-2.4162],[-1.4794],[-0.3397],[0.5382],[1.0279],[1.35],[1.6441],[-3.1809],[-2.3044],[-1.1882],[-0.4956],[-0.4794],[-0.9059],[-1.2971],[-1.3676],[-1.0941],[-0.5647],[0.0779],[0.6426],[0.8368],[0.5279],[-0.1132],[-0.7676],[-1.3088],[-1.8647],[-2.4912],[-2.8882],[-2.6088],[-1.5485],[-0.1235],[1.0956],[1.7368],[1.8588],[1.6632],[-2.5618],[-1.6559],[-0.6941],[-0.2956],[-0.6176],[-1.2618],[-1.5721],[-1.2176],[-0.3853],[0.5809],[1.3382],[1.6412],[1.3029],[0.3853],[-0.7015],[-1.4735],[-1.8324],[-2.0618],[-2.4456],[-2.7971],[-2.6088],[-1.5824],[0.0456],[1.6397],[2.6559],[2.8882],[2.4706],[-1.6853],[-0.9338],[-0.25],[-0.075],[-0.4603],[-0.9485],[-0.9544],[-0.2956],[0.7324],[1.6191],[2.0059],[1.7221],[0.8559],[-0.3324],[-1.3926],[-1.9353],[-1.9794],[-1.9118],[-2.0735],[-2.3691],[-2.2706],[-1.3809],[0.275],[2.1382],[3.5824],[4.175],[3.8574],[-0.6397],[-0.1559],[0.2882],[0.4926],[0.4162],[0.2765],[0.4029],[0.8941],[1.5],[1.8235],[1.5824],[0.8632],[-0.0882],[-0.8971],[-1.3485],[-1.4221],[-1.2853],[-1.2353],[-1.4044],[-1.6529],[-1.5853],[-0.8132],[0.7162],[2.5941],[4.1941],[4.9765],[4.7809],[0.8794],[0.9985],[1.1926],[1.5044],[1.8015],[1.9088],[1.8382],[1.7088],[1.5618],[1.2559],[0.6382],[-0.1735],[-0.725],[-0.7529],[-0.3735],[-0.0441],[-0.0338],[-0.3059],[-0.6382],[-0.8544],[-0.7735],[-0.1338],[1.1853],[2.8721],[4.2353],[4.7603],[4.3618],[2.8059],[2.5221],[2.3529],[2.5588],[2.9368],[3.0191],[2.5603],[1.8147],[1.1662],[0.6441],[0.0544],[-0.4941],[-0.5662],[0.0853],[1.0147],[1.4441],[1.1588],[0.5588],[0.1162],[-0.1206],[-0.1853],[0.1706],[1.2676],[2.7691],[3.8088],[3.7559],[2.8147],[4.2074],[3.6118],[2.9985],[2.7824],[2.8765],[2.7471],[2.0941],[1.2015],[0.5676],[0.2735],[0.0441],[-0.1426],[0.1206],[1.0574],[2.0824],[2.3662],[1.8338],[1.1603],[0.8015],[0.5118],[0.0544],[-0.0544],[0.8338],[2.3544],[3.2191],[2.6088],[1.0397]]}]