html/data/WT_pct09_ind_wt_12_8.json
[{"header":{"disciplineName":["Meteorological products"],"parameterCategory":[0],"parameterCategoryName":["Temperature"],"parameterNumberName":["Temperature"],"parameterNumber":[0],"parameterUnits":["K"],"refTime":["2017-03-17T0000:00.000Z"],"numberPoints":[621],"nx":[27],"ny":[23],"lo1":[-20],"la1":[70],"lo2":[45],"la2":[45],"dx":[2.5],"dy":[2.5]},"data":[[-11.754],[-10.874],[-10.11],[-9.466],[-8.938],[-8.518],[-8.214],[-7.99],[-7.806],[-7.654],[-7.546],[-7.466],[-7.43],[-7.422],[-7.466],[-7.578],[-7.738],[-7.946],[-8.182],[-8.446],[-8.726],[-9.026],[-9.346],[-9.698],[-10.102],[-10.586],[-11.138],[-8.578],[-7.982],[-7.534],[-7.222],[-6.994],[-6.85],[-6.742],[-6.63],[-6.522],[-6.39],[-6.238],[-6.114],[-6.018],[-5.99],[-6.046],[-6.218],[-6.474],[-6.802],[-7.198],[-7.61],[-8.03],[-8.43],[-8.818],[-9.17],[-9.534],[-9.926],[-10.382],[-6.058],[-5.854],[-5.73],[-5.642],[-5.598],[-5.542],[-5.47],[-5.366],[-5.246],[-5.086],[-4.966],[-4.858],[-4.806],[-4.866],[-4.986],[-5.242],[-5.582],[-6.038],[-6.558],[-7.102],[-7.658],[-8.174],[-8.63],[-9.006],[-9.326],[-9.658],[-9.978],[-4.57],[-4.55],[-4.506],[-4.422],[-4.294],[-4.174],[-4.026],[-3.922],[-3.874],[-3.858],[-3.886],[-3.986],[-4.114],[-4.262],[-4.482],[-4.738],[-5.058],[-5.454],[-5.91],[-6.426],[-6.978],[-7.518],[-8.03],[-8.486],[-8.894],[-9.27],[-9.642],[-3.578],[-3.446],[-3.27],[-3.062],[-2.862],[-2.718],[-2.642],[-2.67],[-2.794],[-3.018],[-3.282],[-3.578],[-3.886],[-4.15],[-4.378],[-4.602],[-4.818],[-5.058],[-5.366],[-5.702],[-6.142],[-6.63],[-7.15],[-7.662],[-8.186],[-8.706],[-9.254],[-2.278],[-1.97],[-1.726],[-1.562],[-1.474],[-1.506],[-1.662],[-1.898],[-2.214],[-2.59],[-2.954],[-3.318],[-3.638],[-3.942],[-4.206],[-4.442],[-4.662],[-4.882],[-5.126],[-5.414],[-5.762],[-6.166],[-6.614],[-7.098],[-7.598],[-8.158],[-8.794],[-0.57],[-0.27],[-0.166],[-0.234],[-0.422],[-0.71],[-1.042],[-1.398],[-1.766],[-2.126],[-2.47],[-2.778],[-3.078],[-3.378],[-3.718],[-4.098],[-4.47],[-4.87],[-5.23],[-5.598],[-5.942],[-6.302],[-6.662],[-7.022],[-7.39],[-7.798],[-8.31],[0.974],[1.098],[0.998],[0.738],[0.402],[0.066],[-0.246],[-0.606],[-1.002],[-1.41],[-1.798],[-2.174],[-2.51],[-2.874],[-3.302],[-3.802],[-4.338],[-4.846],[-5.282],[-5.666],[-6.01],[-6.338],[-6.674],[-7.002],[-7.31],[-7.602],[-7.926],[1.986],[1.998],[1.85],[1.646],[1.426],[1.258],[1.042],[0.694],[0.162],[-0.494],[-1.178],[-1.77],[-2.266],[-2.694],[-3.118],[-3.61],[-4.118],[-4.566],[-4.918],[-5.15],[-5.354],[-5.61],[-5.934],[-6.362],[-6.806],[-7.202],[-7.542],[2.818],[2.87],[2.81],[2.758],[2.722],[2.706],[2.538],[2.094],[1.342],[0.414],[-0.514],[-1.25],[-1.814],[-2.206],[-2.594],[-3.022],[-3.486],[-3.914],[-4.19],[-4.29],[-4.294],[-4.302],[-4.49],[-4.906],[-5.446],[-6.062],[-6.598],[3.802],[3.906],[3.918],[3.95],[3.978],[3.93],[3.646],[3.062],[2.222],[1.33],[0.522],[-0.078],[-0.474],[-0.786],[-1.134],[-1.598],[-2.202],[-2.814],[-3.262],[-3.442],[-3.334],[-3.102],[-2.934],[-3.038],[-3.438],[-4.01],[-4.65],[4.762],[4.854],[4.906],[4.926],[4.898],[4.694],[4.25],[3.582],[2.878],[2.262],[1.838],[1.57],[1.366],[1.138],[0.806],[0.27],[-0.454],[-1.278],[-1.962],[-2.326],[-2.306],[-1.958],[-1.534],[-1.286],[-1.306],[-1.582],[-2.018],[5.366],[5.43],[5.53],[5.622],[5.606],[5.306],[4.718],[4.05],[3.47],[3.154],[3.03],[2.926],[2.778],[2.558],[2.246],[1.838],[1.286],[0.626],[-0.006],[-0.422],[-0.506],[-0.278],[0.05],[0.314],[0.442],[0.462],[0.442],[5.722],[5.802],[6.03],[6.27],[6.338],[6.042],[5.442],[4.738],[4.238],[4.026],[3.922],[3.794],[3.558],[3.322],[3.114],[2.946],[2.75],[2.506],[2.254],[2.09],[2.09],[2.158],[2.194],[2.11],[1.986],[2.038],[2.374],[6.254],[6.362],[6.618],[6.938],[7.098],[6.882],[6.362],[5.738],[5.33],[5.13],[5.002],[4.802],[4.538],[4.298],[4.154],[4.046],[3.962],[3.954],[4.058],[4.274],[4.51],[4.714],[4.674],[4.342],[3.894],[3.718],[4.138],[7.098],[7.174],[7.37],[7.63],[7.782],[7.674],[7.354],[7.014],[6.81],[6.718],[6.606],[6.406],[6.178],[5.99],[5.77],[5.49],[5.202],[5.078],[5.274],[5.714],[6.242],[6.706],[6.958],[6.858],[6.366],[5.89],[6.018],[8.058],[8.138],[8.262],[8.434],[8.53],[8.55],[8.514],[8.494],[8.586],[8.638],[8.534],[8.286],[8.01],[7.79],[7.51],[7.078],[6.626],[6.45],[6.654],[7.158],[7.702],[8.258],[8.87],[9.27],[9.078],[8.41],[7.97],[9.046],[9.274],[9.462],[9.574],[9.702],[9.834],[9.994],[10.226],[10.486],[10.614],[10.474],[10.046],[9.57],[9.246],[8.974],[8.646],[8.318],[8.318],[8.71],[9.206],[9.534],[9.858],[10.526],[11.354],[11.67],[11.07],[10.086],[10.318],[10.778],[11.106],[11.278],[11.43],[11.63],[11.874],[12.15],[12.43],[12.594],[12.422],[11.862],[11.158],[10.694],[10.522],[10.338],[10.186],[10.286],[10.782],[11.338],[11.542],[11.578],[12.086],[13.178],[14.066],[13.862],[12.742],[12.086],[12.742],[13.17],[13.39],[13.574],[13.806],[14.05],[14.262],[14.482],[14.646],[14.538],[13.938],[13.122],[12.626],[12.51],[12.426],[12.106],[11.874],[12.154],[12.766],[13.186],[13.314],[13.786],[14.99],[16.29],[16.602],[15.698],[14.178],[14.894],[15.378],[15.626],[15.83],[16.106],[16.358],[16.486],[16.582],[16.682],[16.542],[15.906],[15.074],[14.646],[14.742],[14.774],[14.242],[13.434],[13.246],[13.874],[14.77],[15.41],[16.018],[17.058],[18.21],[18.622],[17.87],[16.266],[16.918],[17.406],[17.678],[17.922],[18.222],[18.442],[18.486],[18.43],[18.35],[18.094],[17.406],[16.582],[16.29],[16.722],[17.158],[16.774],[15.774],[15.198],[15.698],[16.946],[18.102],[18.882],[19.45],[19.806],[19.558],[18.522],[17.878],[18.454],[18.93],[19.234],[19.446],[19.658],[19.814],[19.806],[19.682],[19.514],[19.186],[18.562],[17.89],[17.782],[18.474],[19.302],[19.446],[18.758],[18.074],[18.246],[19.362],[20.726],[21.65],[21.826],[21.222],[19.97],[18.27]]},{"header":{"disciplineName":["Meteorological products"],"parameterCategory":[2],"parameterCategoryName":["u-component of wind"],"parameterNumberName":["u-component of wind"],"parameterNumber":[2],"parameterUnits":["m s-1"],"refTime":["2017-03-17T0000:00.000Z"],"numberPoints":[621],"nx":[27],"ny":[23],"lo1":[-20],"la1":[70],"lo2":[45],"la2":[45],"dx":[2.5],"dy":[2.5]},"data":[[4.252],[4.68],[5],[5.26],[5.48],[5.7],[5.964],[6.264],[6.64],[7.016],[7.424],[7.788],[8.076],[8.276],[8.372],[8.352],[8.256],[8.084],[7.86],[7.624],[7.38],[7.164],[6.956],[6.804],[6.696],[6.632],[6.648],[3.132],[3.976],[4.628],[5.144],[5.556],[5.928],[6.288],[6.7],[7.14],[7.612],[8.084],[8.496],[8.8],[8.964],[8.996],[8.868],[8.644],[8.348],[8.024],[7.716],[7.46],[7.256],[7.152],[7.104],[7.14],[7.26],[7.444],[2.724],[3.812],[4.72],[5.464],[6.052],[6.536],[6.964],[7.316],[7.66],[7.984],[8.24],[8.436],[8.532],[8.516],[8.392],[8.18],[7.924],[7.68],[7.476],[7.34],[7.308],[7.344],[7.464],[7.64],[7.848],[8.06],[8.304],[3.528],[4.472],[5.324],[6.056],[6.632],[7.056],[7.304],[7.408],[7.408],[7.344],[7.26],[7.176],[7.092],[6.984],[6.9],[6.824],[6.804],[6.852],[6.98],[7.176],[7.392],[7.624],[7.836],[8.024],[8.168],[8.228],[8.244],[5.284],[5.744],[6.176],[6.556],[6.82],[6.92],[6.816],[6.564],[6.2],[5.852],[5.58],[5.42],[5.408],[5.5],[5.664],[5.916],[6.248],[6.612],[6.98],[7.324],[7.572],[7.692],[7.72],[7.668],[7.56],[7.404],[7.188],[7.4],[7.292],[7.164],[6.992],[6.74],[6.408],[5.992],[5.504],[5.04],[4.672],[4.468],[4.448],[4.616],[4.896],[5.224],[5.596],[5.984],[6.36],[6.656],[6.844],[6.888],[6.784],[6.624],[6.444],[6.344],[6.304],[6.316],[9.548],[9.008],[8.368],[7.716],[7.068],[6.48],[5.964],[5.508],[5.148],[4.908],[4.784],[4.788],[4.852],[4.936],[5.012],[5.064],[5.1],[5.156],[5.16],[5.124],[5.004],[4.876],[4.812],[4.92],[5.248],[5.724],[6.28],[11.46],[10.692],[9.8],[8.896],[8.124],[7.556],[7.16],[6.856],[6.592],[6.296],[5.972],[5.648],[5.276],[4.888],[4.484],[4.096],[3.744],[3.476],[3.292],[3.164],[3.104],[3.176],[3.46],[3.968],[4.676],[5.52],[6.376],[12.532],[11.672],[10.76],[9.916],[9.264],[8.856],[8.572],[8.292],[7.884],[7.272],[6.52],[5.768],[5.056],[4.432],[3.92],[3.492],[3.16],[2.892],[2.708],[2.604],[2.664],[2.948],[3.46],[4.132],[4.828],[5.436],[5.896],[12.12],[11.236],[10.428],[9.76],[9.28],[8.944],[8.648],[8.188],[7.5],[6.588],[5.612],[4.756],[4.152],[3.812],[3.692],[3.704],[3.716],[3.684],[3.572],[3.488],[3.576],[3.952],[4.552],[5.184],[5.612],[5.688],[5.48],[10.292],[9.356],[8.62],[8.032],[7.588],[7.232],[6.868],[6.356],[5.62],[4.764],[4],[3.484],[3.308],[3.44],[3.756],[4.144],[4.436],[4.532],[4.452],[4.34],[4.444],[4.908],[5.624],[6.312],[6.624],[6.476],[6.032],[7.988],[7],[6.176],[5.536],[5.052],[4.732],[4.468],[4.176],[3.824],[3.484],[3.288],[3.296],[3.468],[3.744],[4.068],[4.384],[4.612],[4.7],[4.62],[4.592],[4.808],[5.416],[6.244],[7.008],[7.396],[7.332],[7.132],[6.248],[5.312],[4.464],[3.752],[3.324],[3.176],[3.24],[3.344],[3.488],[3.74],[4.128],[4.568],[4.892],[5.024],[5.032],[5.044],[5.084],[5.108],[5.152],[5.272],[5.612],[6.208],[6.932],[7.496],[7.716],[7.68],[7.684],[5.304],[4.668],[3.94],[3.356],[3.12],[3.28],[3.6],[3.916],[4.292],[4.852],[5.628],[6.404],[6.884],[7.004],[6.892],[6.768],[6.716],[6.76],[6.852],[7.036],[7.332],[7.644],[7.912],[8.008],[7.9],[7.696],[7.628],[4.54],[4.332],[3.876],[3.556],[3.628],[4.008],[4.4],[4.596],[4.812],[5.392],[6.396],[7.528],[8.352],[8.768],[8.892],[8.916],[8.924],[8.912],[8.892],[8.896],[8.88],[8.76],[8.504],[8.276],[8.124],[8.032],[7.94],[3.424],[3.488],[3.328],[3.304],[3.64],[4.14],[4.428],[4.42],[4.448],[5.02],[6.192],[7.56],[8.664],[9.352],[9.752],[9.96],[10.004],[9.86],[9.672],[9.452],[9.132],[8.668],[8.18],[8.008],[8.316],[8.856],[9.108],[2.256],[2.476],[2.584],[2.848],[3.348],[3.928],[4.196],[4.116],[4.168],[4.784],[5.92],[7.128],[7.988],[8.524],[8.88],[9.104],[9.132],[8.94],[8.724],[8.544],[8.288],[7.832],[7.436],[7.56],[8.428],[9.6],[10.296],[1.932],[2.42],[2.844],[3.352],[3.996],[4.568],[4.872],[4.916],[5.116],[5.68],[6.416],[6.924],[7],[6.904],[6.908],[7.008],[7.012],[6.876],[6.832],[6.96],[7.116],[7.06],[7.048],[7.436],[8.456],[9.7],[10.424],[2.788],[3.644],[4.348],[4.996],[5.612],[6.076],[6.352],[6.516],[6.768],[7.128],[7.276],[6.928],[6.14],[5.372],[4.984],[4.924],[4.852],[4.756],[4.796],[5.128],[5.656],[6.168],[6.676],[7.316],[8.16],[8.864],[9.128],[3.916],[4.888],[5.62],[6.132],[6.468],[6.66],[6.784],[6.944],[7.216],[7.412],[7.2],[6.396],[5.236],[4.212],[3.668],[3.488],[3.356],[3.176],[3.116],[3.3],[3.804],[4.54],[5.404],[6.252],[6.852],[7.02],[6.748],[3.872],[4.6],[5.016],[5.168],[5.088],[4.9],[4.788],[4.896],[5.2],[5.428],[5.296],[4.652],[3.728],[2.94],[2.532],[2.424],[2.404],[2.336],[2.216],[2.14],[2.256],[2.684],[3.364],[4.084],[4.484],[4.352],[3.824],[2.012],[2.444],[2.636],[2.512],[2.096],[1.6],[1.264],[1.296],[1.588],[1.908],[2.008],[1.812],[1.436],[1.108],[1.004],[1.168],[1.528],[1.868],[2.044],[1.984],[1.796],[1.7],[1.804],[1.98],[1.976],[1.62],[1],[-1.072],[-0.672],[-0.348],[-0.396],[-0.876],[-1.496],[-1.924],[-1.964],[-1.748],[-1.472],[-1.236],[-1.092],[-0.976],[-0.948],[-0.8],[-0.412],[0.224],[0.976],[1.56],[1.796],[1.74],[1.512],[1.228],[0.872],[0.36],[-0.312],[-1.148]]},{"header":{"disciplineName":["Meteorological products"],"parameterCategory":[2],"parameterCategoryName":["v-component of wind"],"parameterNumberName":["v-component of wind"],"parameterNumber":[3],"parameterUnits":["m s-1"],"refTime":["2017-03-17T0000:00.000Z"],"numberPoints":[621],"nx":[27],"ny":[23],"lo1":[-20],"la1":[70],"lo2":[45],"la2":[45],"dx":[2.5],"dy":[2.5]},"data":[[-0.004],[0.588],[1.184],[1.708],[2.104],[2.316],[2.308],[2.108],[1.716],[1.188],[0.568],[-0.06],[-0.676],[-1.232],[-1.684],[-2.032],[-2.304],[-2.564],[-2.824],[-3.124],[-3.472],[-3.836],[-4.208],[-4.532],[-4.768],[-4.868],[-4.808],[1.964],[2.228],[2.472],[2.652],[2.76],[2.776],[2.692],[2.476],[2.148],[1.688],[1.12],[0.468],[-0.188],[-0.812],[-1.38],[-1.836],[-2.228],[-2.536],[-2.832],[-3.188],[-3.536],[-3.9],[-4.228],[-4.452],[-4.56],[-4.488],[-4.26],[4.424],[4.368],[4.196],[3.964],[3.7],[3.412],[3.144],[2.864],[2.532],[2.112],[1.552],[0.872],[0.116],[-0.64],[-1.324],[-1.856],[-2.248],[-2.512],[-2.744],[-2.956],[-3.184],[-3.436],[-3.624],[-3.712],[-3.668],[-3.48],[-3.192],[6.708],[6.452],[5.984],[5.344],[4.636],[3.936],[3.34],[2.856],[2.432],[2],[1.484],[0.824],[0.06],[-0.68],[-1.344],[-1.836],[-2.092],[-2.232],[-2.292],[-2.372],[-2.516],[-2.684],[-2.84],[-2.88],[-2.836],[-2.664],[-2.444],[8.136],[7.824],[7.156],[6.184],[5.024],[3.864],[2.86],[2.108],[1.612],[1.26],[0.932],[0.512],[4.7684e-09],[-0.584],[-1.08],[-1.404],[-1.528],[-1.548],[-1.612],[-1.744],[-2.024],[-2.348],[-2.628],[-2.748],[-2.712],[-2.588],[-2.42],[8.476],[8.052],[7.2],[5.988],[4.536],[3.056],[1.76],[0.856],[0.424],[0.316],[0.388],[0.38],[0.196],[-0.108],[-0.424],[-0.624],[-0.712],[-0.764],[-0.96],[-1.388],[-1.984],[-2.556],[-2.964],[-3.072],[-2.908],[-2.62],[-2.4],[7.772],[7.1],[6.124],[4.856],[3.392],[1.92],[0.644],[-0.2],[-0.472],[-0.264],[0.172],[0.512],[0.576],[0.368],[0.072],[-0.14],[-0.232],[-0.348],[-0.68],[-1.308],[-2.12],[-2.796],[-3.088],[-2.94],[-2.44],[-1.88],[-1.52],[6.392],[5.44],[4.392],[3.332],[2.2],[1.044],[2.3842e-08],[-0.692],[-0.896],[-0.56],[0.012],[0.472],[0.552],[0.268],[-0.144],[-0.42],[-0.496],[-0.528],[-0.756],[-1.3],[-2.004],[-2.484],[-2.484],[-1.948],[-1.116],[-0.42],[-0.096],[4.844],[3.744],[2.78],[1.996],[1.312],[0.528],[-0.328],[-1.064],[-1.376],[-1.168],[-0.632],[-0.152],[-0.06],[-0.376],[-0.852],[-1.14],[-1.108],[-0.948],[-0.94],[-1.208],[-1.572],[-1.696],[-1.348],[-0.592],[0.212],[0.728],[0.752],[3.476],[2.44],[1.6],[1.056],[0.604],[-0.008],[-0.9],[-1.844],[-2.452],[-2.42],[-1.86],[-1.184],[-0.832],[-0.916],[-1.188],[-1.348],[-1.256],[-1.072],[-0.972],[-1.048],[-1.068],[-0.8],[-0.196],[0.516],[0.972],[0.972],[0.544],[2.14],[1.424],[0.796],[0.316],[-0.104],[-0.772],[-1.784],[-2.924],[-3.724],[-3.792],[-3.128],[-2.152],[-1.344],[-0.94],[-0.844],[-0.804],[-0.732],[-0.724],[-0.848],[-0.932],[-0.724],[-0.092],[0.744],[1.332],[1.316],[0.724],[-0.06],[0.552],[0.296],[-0.044],[-0.396],[-0.8],[-1.428],[-2.372],[-3.468],[-4.292],[-4.416],[-3.784],[-2.728],[-1.688],[-0.924],[-0.408],[-0.136],[-0.084],[-0.336],[-0.704],[-0.884],[-0.5],[0.444],[1.46],[1.952],[1.608],[0.704],[-0.212],[-1.208],[-1.012],[-0.98],[-1.056],[-1.184],[-1.48],[-2.096],[-2.924],[-3.68],[-4],[-3.724],[-3.016],[-2.156],[-1.288],[-0.564],[-0.056],[0.056],[-0.224],[-0.644],[-0.74],[-0.168],[0.916],[1.94],[2.288],[1.824],[0.948],[0.264],[-2.556],[-2.128],[-1.784],[-1.448],[-1.132],[-0.988],[-1.192],[-1.784],[-2.496],[-3.024],[-3.196],[-3.008],[-2.508],[-1.796],[-1.04],[-0.48],[-0.28],[-0.428],[-0.62],[-0.44],[0.28],[1.264],[1.984],[2.056],[1.612],[1.12],[0.88],[-3.072],[-2.688],[-2.216],[-1.576],[-0.9],[-0.46],[-0.492],[-0.944],[-1.552],[-2.076],[-2.4],[-2.436],[-2.18],[-1.704],[-1.18],[-0.836],[-0.764],[-0.824],[-0.728],[-0.288],[0.476],[1.196],[1.52],[1.38],[1.12],[1.084],[1.324],[-3.096],[-2.828],[-2.336],[-1.552],[-0.748],[-0.324],[-0.392],[-0.74],[-1.076],[-1.256],[-1.284],[-1.184],[-1.008],[-0.792],[-0.692],[-0.816],[-1.104],[-1.296],[-1.16],[-0.652],[0.012],[0.516],[0.724],[0.756],[0.884],[1.236],[1.648],[-3.18],[-2.848],[-2.256],[-1.436],[-0.704],[-0.44],[-0.596],[-0.82],[-0.768],[-0.42],[-0.004],[0.284],[0.4],[0.296],[-0.048],[-0.604],[-1.252],[-1.676],[-1.76],[-1.492],[-1.076],[-0.576],[-0.024],[0.636],[1.356],[1.932],[2.1],[-3.212],[-2.644],[-1.9],[-1.044],[-0.452],[-0.336],[-0.58],[-0.692],[-0.376],[0.26],[0.88],[1.18],[1.156],[0.844],[0.288],[-0.42],[-1.148],[-1.72],[-2.116],[-2.244],[-2.076],[-1.416],[-0.284],[1.14],[2.38],[2.976],[2.728],[-2.488],[-1.82],[-1.016],[-0.2],[0.28],[0.24],[-0.1],[-0.308],[-0.088],[0.428],[0.892],[1.088],[1.004],[0.724],[0.32],[-0.216],[-0.828],[-1.464],[-2.072],[-2.452],[-2.312],[-1.404],[0.184],[1.96],[3.292],[3.7],[3.14],[-0.844],[-0.456],[0.2],[0.908],[1.272],[1.116],[0.6],[0.12],[-0.052],[0.052],[0.204],[0.28],[0.296],[0.348],[0.332],[0.1],[-0.436],[-1.16],[-1.828],[-2.124],[-1.712],[-0.512],[1.208],[2.784],[3.672],[3.652],[2.924],[0.868],[0.764],[1.12],[1.684],[1.972],[1.772],[1.132],[0.376],[-0.196],[-0.472],[-0.6],[-0.612],[-0.384],[0.06],[0.492],[0.496],[-0.064],[-0.896],[-1.512],[-1.52],[-0.74],[0.668],[2.256],[3.38],[3.6],[3.068],[2.144],[1.676],[1.244],[1.328],[1.712],[1.972],[1.772],[1.124],[0.312],[-0.372],[-0.8],[-1.048],[-1.1],[-0.724],[0.072],[0.86],[1.052],[0.496],[-0.356],[-0.896],[-0.784],[0.008],[1.28],[2.62],[3.444],[3.332],[2.424],[1.176],[1.712],[1.24],[1.128],[1.272],[1.368],[1.16],[0.592],[-0.136],[-0.7],[-0.988],[-1.136],[-1.052],[-0.508],[0.496],[1.488],[1.808],[1.332],[0.612],[0.104],[0.012],[0.268],[0.932],[1.932],[2.756],[2.684],[1.616],[0.156]]}]