html/data/WT_pct09_ind_wt_7_9.json
[{"header":{"disciplineName":["Meteorological products"],"parameterCategory":[0],"parameterCategoryName":["Temperature"],"parameterNumberName":["Temperature"],"parameterNumber":[0],"parameterUnits":["K"],"refTime":["2017-03-17T0000:00.000Z"],"numberPoints":[621],"nx":[27],"ny":[23],"lo1":[-20],"la1":[70],"lo2":[45],"la2":[45],"dx":[2.5],"dy":[2.5]},"data":[[2.3761],[2.4616],[2.5645],[2.6486],[2.7558],[2.8558],[2.9572],[3.0906],[3.25],[3.4645],[3.7181],[3.9862],[4.292],[4.5862],[4.8558],[5.0804],[5.2413],[5.3326],[5.3688],[5.3674],[5.3326],[5.2993],[5.263],[5.2355],[5.2254],[5.2094],[5.1717],[2.5688],[2.7703],[2.9804],[3.1819],[3.3674],[3.5413],[3.6978],[3.8732],[4.0514],[4.2659],[4.5094],[4.7833],[5.079],[5.3674],[5.6239],[5.8399],[5.9935],[6.0949],[6.1442],[6.1761],[6.2065],[6.2601],[6.3442],[6.4428],[6.5514],[6.6457],[6.6804],[2.9138],[3.163],[3.4196],[3.6761],[3.9167],[4.137],[4.3399],[4.5543],[4.7543],[4.9819],[5.208],[5.479],[5.7529],[6.0254],[6.279],[6.4833],[6.6529],[6.7761],[6.8833],[6.9833],[7.1239],[7.2935],[7.5123],[7.7616],[8.0109],[8.1877],[8.2935],[3.4877],[3.6674],[3.8413],[4.021],[4.2471],[4.479],[4.7428],[5.0268],[5.321],[5.6196],[5.9152],[6.2152],[6.5036],[6.7848],[7.0384],[7.25],[7.4152],[7.5457],[7.6514],[7.7674],[7.95],[8.2022],[8.5138],[8.8674],[9.2138],[9.4848],[9.6587],[4.1717],[4.208],[4.2254],[4.2833],[4.4138],[4.6225],[4.9239],[5.3051],[5.7138],[6.1399],[6.5341],[6.8877],[7.2022],[7.4775],[7.7138],[7.8906],[8.0051],[8.0717],[8.1152],[8.1775],[8.3152],[8.5674],[8.9297],[9.3601],[9.8283],[10.2297],[10.5109],[4.9413],[4.8848],[4.808],[4.75],[4.7761],[4.9384],[5.2355],[5.6283],[6.0906],[6.5312],[6.9312],[7.2804],[7.55],[7.7688],[7.9399],[8.0819],[8.1717],[8.2239],[8.2543],[8.3065],[8.4384],[8.6935],[9.0935],[9.5964],[10.1572],[10.6703],[11.0732],[5.8978],[5.8457],[5.7442],[5.6457],[5.6341],[5.7341],[5.9471],[6.2572],[6.6123],[6.9529],[7.2659],[7.5123],[7.6978],[7.8283],[7.963],[8.1167],[8.3036],[8.5109],[8.7152],[8.9355],[9.1761],[9.4848],[9.9138],[10.4268],[10.9732],[11.4601],[11.8239],[6.979],[6.9471],[6.8674],[6.8181],[6.8384],[6.9152],[7.0616],[7.2399],[7.4543],[7.6964],[7.9529],[8.1616],[8.3109],[8.4065],[8.5167],[8.7109],[9.0442],[9.4804],[9.9384],[10.3529],[10.721],[11.0572],[11.4457],[11.879],[12.3239],[12.6949],[12.9645],[8.0457],[7.9558],[7.9268],[8.0109],[8.1601],[8.3283],[8.4572],[8.5717],[8.7268],[8.979],[9.3239],[9.6587],[9.8964],[10.0036],[10.0239],[10.1341],[10.4297],[10.8862],[11.3746],[11.7674],[12.0239],[12.2297],[12.4935],[12.8833],[13.3442],[13.7587],[14.1181],[9.0906],[8.9761],[9.0587],[9.3355],[9.7109],[10.0268],[10.2239],[10.3225],[10.4775],[10.8036],[11.3109],[11.8572],[12.2297],[12.3022],[12.1659],[11.9935],[11.9993],[12.1775],[12.3978],[12.4616],[12.3833],[12.3457],[12.5471],[13.0399],[13.7022],[14.3587],[14.9486],[10.2428],[10.2022],[10.463],[10.9746],[11.5659],[12.0601],[12.3514],[12.4949],[12.6471],[12.9848],[13.537],[14.1543],[14.5616],[14.5848],[14.2486],[13.8109],[13.5181],[13.4326],[13.3587],[13.1471],[12.8355],[12.7065],[13.05],[13.8355],[14.75],[15.4877],[15.9732],[11.4428],[11.5616],[11.979],[12.6543],[13.4109],[14.0891],[14.592],[14.8949],[15.0891],[15.3181],[15.6775],[16.0978],[16.379],[16.3239],[15.8993],[15.379],[15.0775],[15.0341],[15.0717],[14.9819],[14.8399],[14.9877],[15.7457],[16.9703],[18.0949],[18.5848],[18.4167],[12.479],[12.7181],[13.2254],[13.9732],[14.892],[15.8688],[16.7587],[17.408],[17.7283],[17.7906],[17.7804],[17.8036],[17.8051],[17.6051],[17.1572],[16.6703],[16.4964],[16.7572],[17.2181],[17.5891],[17.9007],[18.5471],[19.8529],[21.5906],[23.0109],[23.4399],[22.7587],[13.379],[13.7268],[14.308],[15.1877],[16.3717],[17.7891],[19.1862],[20.2283],[20.6833],[20.5471],[20.0964],[19.6514],[19.2775],[18.8442],[18.2384],[17.6225],[17.4109],[17.792],[18.537],[19.2732],[19.9297],[20.9123],[22.5804],[24.8007],[26.7732],[27.7804],[27.6442],[14.4848],[15.0254],[15.8268],[17.0399],[18.6659],[20.5283],[22.2254],[23.3993],[23.7659],[23.3732],[22.5572],[21.692],[20.9659],[20.2152],[19.3036],[18.3891],[17.8848],[18.0428],[18.6848],[19.3891],[20.0572],[21.0514],[22.8225],[25.2543],[27.7181],[29.5891],[30.7761],[16.0746],[16.937],[18.1036],[19.7674],[21.8123],[23.8413],[25.4399],[26.3036],[26.3471],[25.7225],[24.7123],[23.65],[22.6442],[21.6051],[20.4471],[19.3254],[18.5819],[18.4601],[18.7703],[19.1935],[19.6964],[20.6659],[22.4442],[24.863],[27.3022],[29.3659],[31.2123],[18.0804],[19.2572],[20.7399],[22.6543],[24.7587],[26.5587],[27.6819],[28.0399],[27.7906],[27.1616],[26.2993],[25.2529],[24.0761],[22.8152],[21.5804],[20.5601],[19.937],[19.7138],[19.75],[19.9326],[20.4051],[21.5601],[23.5558],[25.9645],[28.0123],[29.3239],[30.3529],[20.1949],[21.5355],[23.0486],[24.779],[26.4833],[27.7601],[28.3732],[28.421],[28.2181],[27.9239],[27.4355],[26.5703],[25.2819],[23.8529],[22.6688],[21.9225],[21.5659],[21.4065],[21.3138],[21.363],[21.908],[23.3225],[25.6094],[28.1659],[30.0094],[30.6181],[30.3732],[21.9819],[23.3312],[24.6022],[25.8123],[26.879],[27.6036],[27.9572],[28.0703],[28.1848],[28.3399],[28.2732],[27.621],[26.3558],[24.9022],[23.7906],[23.2457],[23.05],[22.9225],[22.7486],[22.75],[23.25],[24.55],[26.6601],[29.1732],[31.2514],[32.1326],[31.7109],[22.95],[24.1703],[25.1384],[25.8297],[26.3312],[26.721],[27.063],[27.3964],[27.7862],[28.1862],[28.3514],[27.9688],[27.0239],[25.8906],[25.0471],[24.6326],[24.4514],[24.2819],[24.1428],[24.163],[24.4674],[25.121],[26.3225],[28.1659],[30.3717],[32.2036],[32.8906],[22.7471],[23.75],[24.4283],[24.7964],[25.0312],[25.3167],[25.7254],[26.1558],[26.5514],[26.8978],[27.1196],[27.1051],[26.8225],[26.4254],[26.1094],[25.9036],[25.7486],[25.6297],[25.621],[25.7442],[25.7703],[25.6732],[25.7341],[26.5457],[28.3543],[30.6486],[32.3485],[21.5543],[22.1833],[22.5978],[22.821],[23.0312],[23.3601],[23.7804],[24.1529],[24.3993],[24.5732],[24.8123],[25.1703],[25.6065],[26.0225],[26.2616],[26.2775],[26.1688],[26.1674],[26.308],[26.3775],[26.1297],[25.6065],[25.2254],[25.5471],[26.7949],[28.6109],[30.1341],[19.9051],[20.1486],[20.3007],[20.4819],[20.7688],[21.1616],[21.5514],[21.8428],[22.0181],[22.1457],[22.3717],[22.8746],[23.6848],[24.5341],[25.0225],[25.0399],[24.9138],[24.9833],[25.137],[24.9341],[24.2949],[23.7326],[23.8283],[24.6601],[25.8022],[26.7616],[27.2543]]},{"header":{"disciplineName":["Meteorological products"],"parameterCategory":[2],"parameterCategoryName":["u-component of wind"],"parameterNumberName":["u-component of wind"],"parameterNumber":[2],"parameterUnits":["m s-1"],"refTime":["2017-03-17T0000:00.000Z"],"numberPoints":[621],"nx":[27],"ny":[23],"lo1":[-20],"la1":[70],"lo2":[45],"la2":[45],"dx":[2.5],"dy":[2.5]},"data":[[0.1942],[0.3594],[0.4986],[0.6014],[0.7058],[0.8377],[1.0261],[1.271],[1.5957],[1.9435],[2.2986],[2.6159],[2.8696],[3.0377],[3.1348],[3.1681],[3.1884],[3.2174],[3.2739],[3.3855],[3.5478],[3.742],[3.9348],[4.1159],[4.2652],[4.3565],[4.3855],[-0.6652],[-0.329],[-0.0565],[0.187],[0.413],[0.6696],[0.9681],[1.3464],[1.7754],[2.2058],[2.6014],[2.8754],[3.0217],[3.0145],[2.8884],[2.6986],[2.5101],[2.3826],[2.358],[2.4623],[2.6638],[2.9464],[3.2609],[3.5623],[3.8174],[4.0014],[4.1087],[-0.5986],[-0.2957],[-0.0319],[0.2174],[0.4464],[0.7029],[1.0087],[1.3681],[1.7768],[2.158],[2.4551],[2.6174],[2.613],[2.4478],[2.1754],[1.8841],[1.6014],[1.4304],[1.3797],[1.4638],[1.6652],[1.9377],[2.2739],[2.6203],[2.9304],[3.1884],[3.3797],[1.2725],[1.342],[1.3899],[1.429],[1.4493],[1.4826],[1.5348],[1.642],[1.7667],[1.8855],[1.942],[1.9362],[1.8391],[1.6884],[1.529],[1.413],[1.3681],[1.3986],[1.4739],[1.5841],[1.6971],[1.8232],[1.9783],[2.1536],[2.3609],[2.5739],[2.7667],[4.5507],[4.329],[4.0942],[3.8507],[3.5884],[3.2942],[3],[2.7014],[2.429],[2.1855],[1.9638],[1.7754],[1.6507],[1.5986],[1.6623],[1.8551],[2.1275],[2.429],[2.6507],[2.742],[2.6971],[2.5667],[2.4087],[2.3159],[2.3159],[2.4043],[2.5087],[7.6957],[7.3116],[6.9203],[6.5319],[6.1159],[5.6348],[5.1087],[4.5667],[4.0551],[3.6058],[3.2623],[3.0174],[2.8565],[2.7986],[2.8667],[3.0507],[3.3072],[3.5623],[3.713],[3.6812],[3.4623],[3.113],[2.7638],[2.5159],[2.4174],[2.4362],[2.5014],[9.5217],[9.1101],[8.7087],[8.3536],[7.9913],[7.5696],[7.087],[6.5638],[6.0899],[5.7188],[5.4855],[5.3304],[5.1826],[4.9797],[4.729],[4.4623],[4.2391],[4.0768],[3.9087],[3.6783],[3.3478],[2.9812],[2.6522],[2.4377],[2.3942],[2.4696],[2.5754],[10.0406],[9.587],[9.1971],[8.9246],[8.7217],[8.5174],[8.242],[7.8899],[7.5507],[7.3406],[7.2696],[7.2884],[7.2043],[6.9],[6.3304],[5.5913],[4.8551],[4.2246],[3.7551],[3.3899],[3.0609],[2.7391],[2.4783],[2.329],[2.3159],[2.4145],[2.5623],[9.7754],[9.2058],[8.7377],[8.4667],[8.3884],[8.3899],[8.3116],[8.1116],[7.8406],[7.6217],[7.5406],[7.5739],[7.5493],[7.2913],[6.7217],[5.9507],[5.158],[4.4667],[3.9681],[3.5913],[3.2493],[2.9058],[2.5928],[2.3478],[2.2435],[2.2551],[2.358],[8.9725],[8.2783],[7.6681],[7.2812],[7.1812],[7.2826],[7.4072],[7.4029],[7.2058],[6.9029],[6.6246],[6.4304],[6.2971],[6.1101],[5.8043],[5.3957],[4.9493],[4.5493],[4.1913],[3.858],[3.471],[3.0362],[2.6014],[2.2565],[2.0507],[2.0043],[2.1043],[7.5304],[6.8609],[6.1725],[5.6232],[5.3899],[5.5304],[5.9304],[6.3391],[6.5377],[6.413],[6.0304],[5.5435],[5.1072],[4.7928],[4.5884],[4.4188],[4.2232],[3.9449],[3.6072],[3.2087],[2.7942],[2.4072],[2.0565],[1.7826],[1.6072],[1.6014],[1.8246],[5.4478],[5.0159],[4.4841],[3.9768],[3.7377],[3.9826],[4.7304],[5.7275],[6.5971],[6.9957],[6.7855],[6.158],[5.4159],[4.7609],[4.3],[3.9],[3.4594],[2.8986],[2.2783],[1.771],[1.4565],[1.3406],[1.2913],[1.2014],[1.0623],[1.0188],[1.2522],[3.0145],[3.071],[3.1101],[3.1203],[3.2261],[3.6957],[4.6841],[6.0043],[7.258],[8.013],[8.0493],[7.487],[6.6203],[5.7203],[4.9058],[4.1],[3.213],[2.2609],[1.3986],[0.8826],[0.7986],[1.0449],[1.3],[1.3116],[0.9986],[0.6188],[0.5029],[1.0101],[1.7609],[2.6797],[3.5319],[4.2391],[4.9174],[5.6899],[6.542],[7.2841],[7.7029],[7.7058],[7.3261],[6.6971],[5.9594],[5.1652],[4.3174],[3.413],[2.5261],[1.8406],[1.5507],[1.6986],[2.1232],[2.4971],[2.5145],[2.0493],[1.2855],[0.5652],[0.3145],[1.7174],[3.342],[4.7797],[5.7754],[6.229],[6.2377],[5.9145],[5.4348],[4.9841],[4.7159],[4.629],[4.571],[4.387],[4.0754],[3.7043],[3.3899],[3.1725],[3.0667],[3.0899],[3.2739],[3.5971],[3.9652],[4.1623],[3.9812],[3.3145],[2.2275],[1.0391],[2.6406],[4.2246],[5.3899],[5.8522],[5.5667],[4.613],[3.2174],[1.7739],[0.7507],[0.4319],[0.7246],[1.2275],[1.6159],[1.8377],[2.0928],[2.5319],[3.0913],[3.5681],[3.787],[3.8536],[3.9841],[4.3638],[4.9594],[5.4768],[5.4391],[4.5116],[1.9493],[3.1116],[3.8652],[3.9203],[3.2899],[2.1493],[0.729],[-0.758],[-2.0348],[-2.7768],[-2.8174],[-2.3043],[-1.6333],[-1.1029],[-0.6377],[-0.0145],[0.8826],[1.8478],[2.5768],[2.9406],[3.0623],[3.2667],[3.758],[4.5725],[5.4406],[5.8826],[5.4043],[1.5043],[1.8783],[1.5812],[0.5391],[-0.9623],[-2.3899],[-3.4261],[-3.9841],[-4.1696],[-4.1217],[-3.9203],[-3.6609],[-3.371],[-3.0275],[-2.4783],[-1.6246],[-0.5565],[0.4449],[1.2043],[1.813],[2.4478],[3.1478],[3.7406],[4.1478],[4.3783],[4.458],[4.213],[-0.7043],[-0.9652],[-1.8072],[-3.1333],[-4.5203],[-5.4609],[-5.6377],[-5.1043],[-4.2841],[-3.713],[-3.6522],[-3.9087],[-4.0812],[-3.7797],[-2.9029],[-1.6609],[-0.4536],[0.4826],[1.229],[2.158],[3.442],[4.7],[5.2145],[4.7072],[3.587],[2.6725],[2.3203],[-3.9348],[-4.4203],[-5.1174],[-5.7652],[-6.1638],[-6.1855],[-5.7174],[-4.7986],[-3.7826],[-3.213],[-3.3188],[-3.7406],[-3.8232],[-3.129],[-1.7174],[-0.0942],[1.2362],[2.0957],[2.7536],[3.7029],[5.0841],[6.3304],[6.5145],[5.2377],[3.158],[1.4957],[0.9739],[-7.3058],[-7.7783],[-8.0101],[-7.6348],[-6.8536],[-6.0899],[-5.5101],[-4.9551],[-4.3594],[-3.9232],[-3.7841],[-3.6652],[-3.1029],[-1.9174],[-0.3522],[1.1725],[2.3435],[3.0783],[3.5261],[4.0043],[4.6696],[5.229],[5.0391],[3.7681],[1.887],[0.3609],[-0.1667],[-9.9957],[-10.4942],[-10.4333],[-9.4681],[-8.0536],[-7.0029],[-6.6319],[-6.6188],[-6.4536],[-6.0203],[-5.3783],[-4.5087],[-3.4058],[-2.2275],[-1.1783],[-0.3],[0.4884],[1.1391],[1.4667],[1.4261],[1.1913],[0.9884],[0.7754],[0.3435],[-0.3696],[-1.1246],[-1.5652],[-10.7812],[-11.329],[-11.3783],[-10.5855],[-9.413],[-8.6348],[-8.542],[-8.7826],[-8.8507],[-8.4913],[-7.7159],[-6.6841],[-5.6725],[-5.0043],[-4.6609],[-4.3029],[-3.6464],[-2.8449],[-2.387],[-2.5174],[-2.9812],[-3.2609],[-3.0174],[-2.3739],[-1.8217],[-1.7594],[-2.0971]]},{"header":{"disciplineName":["Meteorological products"],"parameterCategory":[2],"parameterCategoryName":["v-component of wind"],"parameterNumberName":["v-component of wind"],"parameterNumber":[3],"parameterUnits":["m s-1"],"refTime":["2017-03-17T0000:00.000Z"],"numberPoints":[621],"nx":[27],"ny":[23],"lo1":[-20],"la1":[70],"lo2":[45],"la2":[45],"dx":[2.5],"dy":[2.5]},"data":[[0.4478],[0.6246],[0.842],[1.0986],[1.3942],[1.7261],[2.0754],[2.3942],[2.6594],[2.8478],[2.9174],[2.8725],[2.7217],[2.4884],[2.213],[1.9087],[1.6174],[1.3493],[1.1232],[0.9536],[0.8304],[0.7609],[0.7377],[0.7609],[0.7942],[0.8159],[0.7971],[1.1101],[1.3362],[1.5536],[1.8014],[2.0913],[2.4159],[2.771],[3.0754],[3.2884],[3.371],[3.3029],[3.0841],[2.7522],[2.3594],[1.9826],[1.6449],[1.3725],[1.1754],[1.0638],[1.0203],[1.0188],[1.0478],[1.0841],[1.113],[1.1043],[1.0435],[0.8884],[1.7304],[1.987],[2.2319],[2.4942],[2.7957],[3.1377],[3.4638],[3.7145],[3.8145],[3.713],[3.4116],[2.9565],[2.4174],[1.8797],[1.4116],[1.0565],[0.8478],[0.7754],[0.8333],[0.9913],[1.2246],[1.4826],[1.7],[1.8319],[1.8174],[1.6435],[1.2928],[1.871],[2.1797],[2.4725],[2.7725],[3.1101],[3.4696],[3.7739],[3.9435],[3.929],[3.6841],[3.2435],[2.671],[2.087],[1.5406],[1.1159],[0.8246],[0.6536],[0.6087],[0.7232],[0.987],[1.387],[1.8681],[2.3232],[2.6362],[2.6884],[2.4261],[1.8797],[1.5377],[1.8739],[2.2029],[2.5261],[2.8696],[3.1942],[3.429],[3.5246],[3.4145],[3.1116],[2.6928],[2.2362],[1.842],[1.5435],[1.3275],[1.1304],[0.9522],[0.7812],[0.7101],[0.8275],[1.2159],[1.8043],[2.4565],[2.958],[3.1217],[2.8362],[2.1391],[0.9522],[1.2536],[1.5652],[1.858],[2.1333],[2.3696],[2.4971],[2.4899],[2.3406],[2.0942],[1.8188],[1.6174],[1.5159],[1.5246],[1.5362],[1.4507],[1.213],[0.8536],[0.5261],[0.4203],[0.6725],[1.2667],[2.0362],[2.7043],[2.9696],[2.7174],[1.9783],[0.2304],[0.429],[0.6667],[0.9246],[1.1391],[1.2855],[1.3464],[1.3188],[1.2391],[1.1377],[1.0768],[1.0739],[1.1275],[1.1913],[1.2246],[1.1275],[0.8522],[0.442],[0.0609],[-0.1101],[0.1145],[0.7217],[1.5551],[2.3159],[2.6899],[2.5101],[1.8565],[-0.6203],[-0.529],[-0.2971],[0.0101],[0.2899],[0.4667],[0.5304],[0.5507],[0.6043],[0.7304],[0.8855],[0.9681],[0.9087],[0.7087],[0.4319],[0.1362],[-0.158],[-0.4116],[-0.5841],[-0.558],[-0.2246],[0.4319],[1.2971],[2.0913],[2.5551],[2.5159],[2.0188],[-1.5174],[-1.4812],[-1.1304],[-0.5768],[-0.0464],[0.2609],[0.342],[0.3087],[0.3942],[0.6478],[0.9522],[1.0754],[0.8333],[0.2725],[-0.4145],[-0.9464],[-1.2362],[-1.2754],[-1.1565],[-0.9159],[-0.5],[0.1493],[0.9812],[1.813],[2.3768],[2.5145],[2.1768],[-2.3551],[-2.3449],[-1.7797],[-0.8435],[0.0638],[0.5768],[0.5696],[0.3014],[0.1217],[0.2406],[0.5623],[0.7464],[0.4986],[-0.1768],[-0.9797],[-1.5957],[-1.8319],[-1.7478],[-1.5348],[-1.2884],[-0.9377],[-0.3754],[0.4304],[1.3609],[2.1159],[2.4406],[2.2348],[-3.1246],[-3.1696],[-2.4623],[-1.1841],[0.1406],[0.9522],[0.9783],[0.4319],[-0.213],[-0.5101],[-0.4116],[-0.2275],[-0.3145],[-0.7623],[-1.3899],[-1.8841],[-2.0652],[-2.0145],[-1.887],[-1.7507],[-1.4884],[-0.9246],[-0.0014],[1.1188],[2.1188],[2.6855],[2.6493],[-3.8116],[-3.9275],[-3.1884],[-1.713],[0.0116],[1.2971],[1.6406],[1.0841],[0.0812],[-0.7754],[-1.1899],[-1.2652],[-1.3246],[-1.6014],[-2.0594],[-2.5043],[-2.7406],[-2.7855],[-2.6783],[-2.4275],[-1.9681],[-1.1696],[-0.0493],[1.213],[2.371],[3.2101],[3.5348],[-4.1768],[-4.2188],[-3.4971],[-1.9261],[0.1159],[1.9261],[2.8188],[2.5304],[1.3522],[-0.0594],[-1.1507],[-1.7696],[-2.1493],[-2.6072],[-3.2638],[-3.9246],[-4.3681],[-4.4203],[-4.0435],[-3.3058],[-2.2913],[-1.1145],[0.071],[1.1493],[2.142],[3.113],[3.9681],[-3.8913],[-3.6304],[-2.7768],[-1.1768],[0.9536],[3.0101],[4.2159],[4.0855],[2.7754],[0.9565],[-0.6783],[-1.8304],[-2.6681],[-3.5551],[-4.6435],[-5.7058],[-6.3159],[-6.2],[-5.3522],[-3.9783],[-2.3913],[-0.9406],[0.087],[0.642],[1.0449],[1.7696],[2.9942],[-2.8478],[-2.1594],[-1.1174],[0.387],[2.2681],[4.0043],[4.9101],[4.5464],[3.0812],[1.1536],[-0.5623],[-1.8449],[-2.9188],[-4.1348],[-5.5565],[-6.7942],[-7.3507],[-6.9681],[-5.7826],[-4.0971],[-2.2812],[-0.7029],[0.2406],[0.3507],[-0.0072],[-0.0043],[0.9275],[-1.3594],[-0.3783],[0.671],[1.8551],[3.0899],[4.0145],[4.1768],[3.3942],[1.9623],[0.4145],[-0.8681],[-1.871],[-2.9333],[-4.2928],[-5.7551],[-6.8478],[-7.1174],[-6.5435],[-5.4217],[-4.0029],[-2.342],[-0.5565],[0.8043],[1.0783],[0.1957],[-0.8783],[-1.0058],[0.0797],[1.0478],[1.7768],[2.3478],[2.7275],[2.7739],[2.3101],[1.4261],[0.4609],[-0.3391],[-0.9725],[-1.7101],[-2.8203],[-4.2507],[-5.6217],[-6.4087],[-6.4],[-5.8565],[-5.1551],[-4.3116],[-2.8928],[-0.729],[1.4913],[2.4449],[1.4087],[-0.7725],[-2.3],[0.9783],[1.7087],[1.913],[1.7536],[1.4304],[0.9884],[0.4594],[0.0029],[-0.2145],[-0.3043],[-0.587],[-1.3739],[-2.671],[-4.1377],[-5.3145],[-5.871],[-5.8319],[-5.5362],[-5.2377],[-4.7319],[-3.3855],[-0.9203],[1.8435],[3.2565],[2.1696],[-0.7449],[-3.3232],[1.142],[1.558],[1.2667],[0.6246],[0.0319],[-0.3333],[-0.4014],[-0.2043],[0.1464],[0.2957],[-0.0899],[-1.0942],[-2.4],[-3.5623],[-4.3681],[-4.8058],[-5.0116],[-5.0565],[-4.8522],[-4.1739],[-2.6913],[-0.4319],[1.8435],[2.8203],[1.5812],[-1.3377],[-4.0942],[0.6928],[0.813],[0.2913],[-0.4043],[-0.8072],[-0.7072],[-0.2203],[0.4029],[0.8304],[0.7159],[-0.0087],[-1.029],[-1.8333],[-2.258],[-2.5101],[-2.9449],[-3.5362],[-3.8812],[-3.5072],[-2.3464],[-0.758],[0.7029],[1.5174],[1.313],[0.0116],[-2.0377],[-4.0043],[0.0696],[-0.0261],[-0.5029],[-0.9493],[-0.9899],[-0.5043],[0.2478],[0.9043],[1.029],[0.4855],[-0.4391],[-1.1232],[-1.1957],[-0.8522],[-0.7362],[-1.2652],[-2.2014],[-2.7406],[-2.2333],[-0.7754],[0.6812],[1.1536],[0.4],[-0.9072],[-1.9594],[-2.5913],[-3.2145],[-0.3667],[-0.4942],[-0.7696],[-0.9333],[-0.7986],[-0.3406],[0.2826],[0.6826],[0.5174],[-0.242],[-1.1],[-1.4116],[-1.0319],[-0.4942],[-0.4696],[-1.1884],[-2.2217],[-2.8159],[-2.3942],[-1.1362],[-0.0217],[-0.1783],[-1.7203],[-3.4971],[-4.1507],[-3.5812],[-2.9826],[-0.5739],[-0.6145],[-0.6826],[-0.7145],[-0.6797],[-0.5478],[-0.2884],[-0.1232],[-0.371],[-1.0681],[-1.7493],[-1.9058],[-1.613],[-1.458],[-1.8768],[-2.7246],[-3.5768],[-4.0058],[-3.8159],[-3.0232],[-2.2043],[-2.2928],[-3.6304],[-5.3232],[-5.9188],[-5.0899],[-3.9391]]}]