html/data/WT_pct09_ind_wt_3_8.json
[{"header":{"disciplineName":["Meteorological products"],"parameterCategory":[0],"parameterCategoryName":["Temperature"],"parameterNumberName":["Temperature"],"parameterNumber":[0],"parameterUnits":["K"],"refTime":["2017-03-17T0000:00.000Z"],"numberPoints":[621],"nx":[27],"ny":[23],"lo1":[-20],"la1":[70],"lo2":[45],"la2":[45],"dx":[2.5],"dy":[2.5]},"data":[[-15.0647],[-14.1471],[-13.2603],[-12.4015],[-11.625],[-10.9338],[-10.3485],[-9.875],[-9.5059],[-9.2309],[-9.0338],[-8.8882],[-8.7985],[-8.7471],[-8.7471],[-8.7706],[-8.8471],[-8.9735],[-9.1324],[-9.3338],[-9.5618],[-9.8147],[-10.0779],[-10.375],[-10.6882],[-11.0338],[-11.4309],[-11.2956],[-10.6985],[-10.15],[-9.6397],[-9.1765],[-8.7779],[-8.4221],[-8.1471],[-7.9162],[-7.7529],[-7.6338],[-7.5691],[-7.5529],[-7.5676],[-7.6441],[-7.7765],[-7.9603],[-8.1971],[-8.4691],[-8.7603],[-9.0397],[-9.3],[-9.5235],[-9.7368],[-9.9397],[-10.1691],[-10.4485],[-7.7279],[-7.4941],[-7.325],[-7.1574],[-6.9956],[-6.8397],[-6.6691],[-6.5338],[-6.425],[-6.3603],[-6.3471],[-6.3721],[-6.45],[-6.5721],[-6.75],[-6.9912],[-7.2779],[-7.6206],[-7.9706],[-8.3206],[-8.6294],[-8.8779],[-9.0735],[-9.2191],[-9.3412],[-9.4794],[-9.6603],[-5.4],[-5.3147],[-5.2838],[-5.2324],[-5.1824],[-5.1162],[-5.0382],[-5.0118],[-5.0221],[-5.0735],[-5.1824],[-5.325],[-5.5191],[-5.7324],[-5.9721],[-6.25],[-6.5618],[-6.8809],[-7.2147],[-7.5265],[-7.7956],[-8.0147],[-8.1765],[-8.3162],[-8.4382],[-8.5897],[-8.7632],[-4.15],[-3.9221],[-3.7412],[-3.5971],[-3.5088],[-3.4676],[-3.5],[-3.5868],[-3.7426],[-3.9588],[-4.2118],[-4.4882],[-4.7779],[-5.0529],[-5.3132],[-5.5647],[-5.8235],[-6.0853],[-6.3265],[-6.5471],[-6.7426],[-6.8897],[-7.0235],[-7.1632],[-7.3294],[-7.5235],[-7.7397],[-2.9941],[-2.5382],[-2.1794],[-1.9529],[-1.8838],[-1.9588],[-2.1382],[-2.3941],[-2.6956],[-3.0353],[-3.4118],[-3.7868],[-4.1324],[-4.4426],[-4.7015],[-4.9279],[-5.1412],[-5.3544],[-5.5529],[-5.7235],[-5.8441],[-5.9485],[-6.0368],[-6.1574],[-6.3191],[-6.5235],[-6.7412],[-1.4603],[-0.9632],[-0.625],[-0.4926],[-0.5632],[-0.8029],[-1.1368],[-1.5029],[-1.875],[-2.2735],[-2.6794],[-3.1044],[-3.4971],[-3.8338],[-4.0941],[-4.2882],[-4.4647],[-4.6515],[-4.8382],[-4.9926],[-5.1191],[-5.2162],[-5.2897],[-5.4088],[-5.5765],[-5.7676],[-5.9588],[0.0868],[0.4044],[0.5824],[0.5691],[0.3588],[0.0221],[-0.3691],[-0.75],[-1.1059],[-1.4941],[-1.9338],[-2.4],[-2.85],[-3.2221],[-3.4721],[-3.6294],[-3.7397],[-3.8662],[-4.0162],[-4.1676],[-4.2956],[-4.4235],[-4.5794],[-4.7897],[-5.0265],[-5.2647],[-5.4382],[1.2706],[1.4162],[1.4926],[1.4265],[1.2132],[0.8941],[0.525],[0.1721],[-0.1691],[-0.5412],[-0.9794],[-1.4882],[-1.9853],[-2.3882],[-2.6529],[-2.8015],[-2.9074],[-3.0103],[-3.1338],[-3.2691],[-3.4118],[-3.5824],[-3.825],[-4.1382],[-4.4588],[-4.7074],[-4.85],[2.2691],[2.3382],[2.4206],[2.4368],[2.3206],[2.0662],[1.7059],[1.3294],[0.9706],[0.6206],[0.225],[-0.2029],[-0.6441],[-1.0441],[-1.3765],[-1.6588],[-1.9191],[-2.1515],[-2.3676],[-2.5162],[-2.6324],[-2.7515],[-2.9441],[-3.2132],[-3.4926],[-3.6544],[-3.6588],[3.3029],[3.3515],[3.4765],[3.5574],[3.4971],[3.2515],[2.8574],[2.4324],[2.0632],[1.7794],[1.5647],[1.3309],[1.0426],[0.6706],[0.2221],[-0.2765],[-0.8059],[-1.2706],[-1.6059],[-1.7603],[-1.7559],[-1.6794],[-1.6574],[-1.7176],[-1.8118],[-1.8338],[-1.7118],[4.3309],[4.3412],[4.4059],[4.4574],[4.3838],[4.1368],[3.7426],[3.325],[3.0191],[2.8485],[2.7956],[2.7397],[2.5971],[2.2676],[1.7397],[1.0838],[0.4191],[-0.1221],[-0.4368],[-0.4912],[-0.3132],[-0.0191],[0.2618],[0.45],[0.5294],[0.5691],[0.6397],[5.2574],[5.2235],[5.1956],[5.1544],[5.0765],[4.8838],[4.6162],[4.3294],[4.1162],[4.0088],[3.9779],[3.9588],[3.825],[3.5338],[3.0338],[2.4471],[1.8971],[1.5176],[1.3838],[1.4632],[1.7147],[2.0926],[2.5015],[2.8456],[3.0324],[3.0544],[3.0147],[6.1794],[6.1426],[6.0662],[6.0235],[6.0265],[6.0221],[5.9721],[5.8647],[5.7544],[5.6191],[5.475],[5.3265],[5.15],[4.8941],[4.5191],[4.0912],[3.7382],[3.5515],[3.5176],[3.5676],[3.6779],[3.9426],[4.3897],[4.8971],[5.2515],[5.3868],[5.4338],[7.1412],[7.1221],[7.0971],[7.2162],[7.4647],[7.7515],[7.9559],[8.0191],[7.9456],[7.7324],[7.4515],[7.1794],[6.9794],[6.7912],[6.5294],[6.1691],[5.8235],[5.5838],[5.4147],[5.2382],[5.0985],[5.2324],[5.8103],[6.6426],[7.3147],[7.6574],[7.9324],[7.9691],[7.9485],[8.0838],[8.5162],[9.15],[9.775],[10.1941],[10.3632],[10.3015],[10.0544],[9.7132],[9.4059],[9.2191],[9.0779],[8.8265],[8.3824],[7.8515],[7.3897],[7.0176],[6.6603],[6.4118],[6.6206],[7.5206],[8.7985],[9.7824],[10.1191],[10.2676],[8.6426],[8.6691],[9.0132],[9.7721],[10.7368],[11.6088],[12.1941],[12.4368],[12.4368],[12.2853],[12.0309],[11.7662],[11.5397],[11.3147],[10.9676],[10.3971],[9.6941],[9.0926],[8.6971],[8.4382],[8.3382],[8.7574],[9.9912],[11.6824],[12.875],[12.925],[12.3691],[9.4529],[9.6721],[10.225],[11.1235],[12.1765],[13.1132],[13.7441],[14.0706],[14.2294],[14.325],[14.3294],[14.15],[13.8074],[13.375],[12.8662],[12.2088],[11.4515],[10.8588],[10.6118],[10.6176],[10.7515],[11.2868],[12.6265],[14.5721],[16.0221],[15.9853],[14.7279],[10.7441],[11.2985],[12.0059],[12.8279],[13.6735],[14.45],[15.0338],[15.4118],[15.7485],[16.1471],[16.4647],[16.3985],[15.9059],[15.2191],[14.5824],[13.9559],[13.2456],[12.6544],[12.4735],[12.6588],[12.9324],[13.3632],[14.4735],[16.4544],[18.3838],[18.9324],[17.7603],[12.5647],[13.4809],[14.3059],[14.9397],[15.4544],[15.9868],[16.4485],[16.7868],[17.1397],[17.6544],[18.1426],[18.1368],[17.5088],[16.6647],[16.0926],[15.7088],[15.1721],[14.5029],[14.1706],[14.4],[14.8044],[15.1206],[15.8088],[17.4809],[19.7162],[21.1338],[20.8103],[14.7926],[15.9706],[16.8559],[17.3368],[17.625],[17.9412],[18.2691],[18.4559],[18.6132],[18.9691],[19.3559],[19.2868],[18.5735],[17.7794],[17.5088],[17.6515],[17.4897],[16.8118],[16.2662],[16.4765],[17.1574],[17.6132],[17.9529],[18.8985],[20.675],[22.2897],[22.5985],[17.2176],[18.3926],[19.2544],[19.6735],[19.8559],[20.0721],[20.2897],[20.3324],[20.2897],[20.3809],[20.5515],[20.3794],[19.725],[19.1574],[19.3324],[20.0632],[20.4132],[19.8868],[19.2044],[19.3368],[20.2735],[21.1118],[21.3221],[21.4456],[22.0529],[22.7971],[22.8147],[19.2912],[20.2441],[20.9544],[21.3309],[21.4956],[21.6456],[21.8191],[21.8824],[21.8544],[21.8735],[21.95],[21.85],[21.4647],[21.2368],[21.7221],[22.7441],[23.4294],[23.1471],[22.4088],[22.2926],[23.1647],[24.2132],[24.5779],[24.2603],[23.8529],[23.4353],[22.5956]]},{"header":{"disciplineName":["Meteorological products"],"parameterCategory":[2],"parameterCategoryName":["u-component of wind"],"parameterNumberName":["u-component of wind"],"parameterNumber":[2],"parameterUnits":["m s-1"],"refTime":["2017-03-17T0000:00.000Z"],"numberPoints":[621],"nx":[27],"ny":[23],"lo1":[-20],"la1":[70],"lo2":[45],"la2":[45],"dx":[2.5],"dy":[2.5]},"data":[[2.5824],[3.1],[3.4926],[3.7574],[3.9191],[4.0103],[4.0765],[4.15],[4.2603],[4.4221],[4.6162],[4.8176],[5.0176],[5.1471],[5.2324],[5.2618],[5.2353],[5.2],[5.1794],[5.1897],[5.2441],[5.3309],[5.4456],[5.5735],[5.7029],[5.8235],[5.9235],[3.4618],[4.1176],[4.6029],[4.9382],[5.1426],[5.2824],[5.4074],[5.5574],[5.7824],[6.0603],[6.3706],[6.6412],[6.8294],[6.875],[6.7779],[6.5603],[6.2426],[5.9015],[5.6191],[5.4294],[5.3559],[5.3926],[5.5294],[5.7235],[5.9309],[6.1559],[6.3897],[5.1956],[5.7338],[6.1309],[6.4029],[6.5809],[6.6985],[6.8206],[6.9647],[7.1897],[7.45],[7.7338],[7.9647],[8.0735],[8.0191],[7.7926],[7.4191],[6.9632],[6.5132],[6.15],[5.9176],[5.8338],[5.8824],[6.0353],[6.2441],[6.4676],[6.7176],[6.9897],[7.5588],[7.8],[7.9735],[8.0632],[8.0882],[8.0471],[7.9471],[7.8176],[7.6985],[7.6044],[7.5471],[7.4912],[7.4132],[7.2721],[7.0721],[6.8221],[6.5956],[6.4162],[6.3294],[6.3485],[6.4456],[6.5853],[6.7265],[6.8412],[6.9662],[7.1015],[7.2985],[9.7868],[9.7426],[9.6809],[9.5838],[9.3971],[9.0662],[8.6015],[7.9941],[7.3441],[6.7044],[6.1662],[5.7544],[5.4706],[5.2956],[5.2412],[5.2868],[5.4397],[5.7103],[6.0574],[6.425],[6.7456],[6.9662],[7.0529],[7.0382],[6.9868],[6.9765],[7.0529],[11.2265],[11.0353],[10.8206],[10.5485],[10.1441],[9.5515],[8.7794],[7.8647],[6.8912],[5.9956],[5.2544],[4.7176],[4.3765],[4.1956],[4.1838],[4.2926],[4.5353],[4.8956],[5.3353],[5.7618],[6.1147],[6.3118],[6.3588],[6.2794],[6.1824],[6.1074],[6.1485],[11.8515],[11.5824],[11.2324],[10.7838],[10.1985],[9.5029],[8.6912],[7.8206],[6.9912],[6.2868],[5.7588],[5.3897],[5.1441],[4.9382],[4.7279],[4.5132],[4.3353],[4.2279],[4.2103],[4.2706],[4.3632],[4.4412],[4.4941],[4.5176],[4.5235],[4.5397],[4.5779],[11.7618],[11.3691],[10.8456],[10.2485],[9.6235],[9.0147],[8.4265],[7.8912],[7.4132],[7.0221],[6.7309],[6.5147],[6.3015],[6.0147],[5.5956],[5.0324],[4.3735],[3.7088],[3.1132],[2.6676],[2.4088],[2.3485],[2.4529],[2.625],[2.7809],[2.8735],[2.8912],[10.8647],[10.2912],[9.6456],[9.0221],[8.5162],[8.1765],[7.9412],[7.7103],[7.4118],[6.9985],[6.5426],[6.1132],[5.7353],[5.4044],[5.0588],[4.6147],[4.0574],[3.3868],[2.6721],[2.05],[1.6368],[1.5044],[1.6324],[1.8809],[2.0941],[2.1647],[2.1044],[9.2353],[8.5721],[7.9294],[7.3956],[7.0765],[6.9926],[7.0485],[6.9912],[6.65],[5.9574],[5.0559],[4.1779],[3.5382],[3.2294],[3.1926],[3.2912],[3.3676],[3.2824],[2.9985],[2.6294],[2.3103],[2.2074],[2.3309],[2.5853],[2.7971],[2.8368],[2.7441],[7.4779],[6.8971],[6.3235],[5.8191],[5.5088],[5.4912],[5.6662],[5.7721],[5.5382],[4.85],[3.8441],[2.8353],[2.0941],[1.7809],[1.9265],[2.3721],[2.9059],[3.3235],[3.4971],[3.4426],[3.3088],[3.2647],[3.4044],[3.6853],[3.9559],[4.1324],[4.2279],[6.0412],[5.5926],[5.0676],[4.4779],[4.0206],[3.9118],[4.1618],[4.5662],[4.8162],[4.7118],[4.2882],[3.7176],[3.2147],[2.9059],[2.8618],[3.0441],[3.3794],[3.7118],[3.9],[3.9044],[3.8191],[3.7603],[3.8809],[4.175],[4.5824],[5.0118],[5.4162],[4.5956],[4.2176],[3.7691],[3.2426],[2.8603],[2.8529],[3.3044],[4.0853],[4.8853],[5.5088],[5.8824],[6.0529],[6.0426],[5.8706],[5.6088],[5.3618],[5.2015],[5.0882],[4.9544],[4.7412],[4.475],[4.2794],[4.2309],[4.4059],[4.7809],[5.3206],[5.8971],[2.7735],[2.4544],[2.2676],[2.1941],[2.3294],[2.7897],[3.5618],[4.4838],[5.3868],[6.1912],[6.9324],[7.5985],[8.0956],[8.3382],[8.3191],[8.1382],[7.9],[7.6059],[7.2074],[6.7206],[6.2132],[5.7912],[5.5029],[5.4103],[5.5353],[5.8721],[6.2926],[1.1529],[1],[1.2221],[1.7691],[2.5368],[3.4368],[4.3],[4.9706],[5.4559],[5.9044],[6.5132],[7.3147],[8.175],[8.9353],[9.5088],[9.9074],[10.1088],[10.0206],[9.6176],[9.0088],[8.3721],[7.8824],[7.5485],[7.3265],[7.2397],[7.2971],[7.3735],[0.5691],[0.7485],[1.3176],[2.1544],[3.0838],[3.8809],[4.4029],[4.6338],[4.7176],[4.9147],[5.4529],[6.3235],[7.325],[8.2868],[9.1397],[9.8647],[10.3926],[10.5382],[10.2662],[9.7441],[9.3176],[9.0941],[9.0588],[9.0706],[9.1176],[9.1603],[9.1059],[0.9206],[1.5015],[2.25],[3.0015],[3.5529],[3.8059],[3.8235],[3.8088],[3.9647],[4.4574],[5.2824],[6.2515],[7.1088],[7.6985],[8.0794],[8.4162],[8.7118],[8.8235],[8.7191],[8.5618],[8.6147],[8.9279],[9.3456],[9.7279],[10.0794],[10.4103],[10.575],[1.4176],[2.3529],[3.2706],[3.9088],[4.125],[3.9926],[3.8044],[3.8735],[4.3794],[5.2485],[6.2853],[7.1603],[7.6],[7.5206],[7.1309],[6.7676],[6.6118],[6.6368],[6.7853],[7.1176],[7.7147],[8.4279],[9.0544],[9.5029],[9.9338],[10.4544],[10.9015],[2.0309],[3.1926],[4.2029],[4.8809],[5.1559],[5.1265],[5.0882],[5.2941],[5.8294],[6.5471],[7.2265],[7.6544],[7.6456],[7.2103],[6.5147],[5.9382],[5.6956],[5.825],[6.2544],[6.9368],[7.7632],[8.4985],[8.9015],[9.0324],[9.1971],[9.5559],[10.0044],[3.4059],[4.4676],[5.2691],[5.8353],[6.1897],[6.3824],[6.5029],[6.6324],[6.7735],[6.8765],[6.8926],[6.8529],[6.7],[6.4044],[6.0765],[5.8706],[5.9676],[6.3162],[6.8456],[7.4574],[8.0882],[8.5],[8.5574],[8.3912],[8.3088],[8.4118],[8.5015],[5.1221],[5.7809],[5.9853],[6.0088],[6.0765],[6.1676],[6.2191],[6.1706],[6.0147],[5.7559],[5.5132],[5.3794],[5.3618],[5.3926],[5.4691],[5.6971],[6.0926],[6.5368],[6.8882],[7.1515],[7.3485],[7.4324],[7.3088],[7.1544],[7.1632],[7.2132],[6.9368],[5.2412],[5.4353],[5.0515],[4.5044],[4.1368],[4],[3.9603],[3.9412],[3.9118],[3.9074],[3.9647],[4.0735],[4.1941],[4.2426],[4.3176],[4.5662],[4.9853],[5.3647],[5.5074],[5.5088],[5.5118],[5.4691],[5.3294],[5.2485],[5.4221],[5.5632],[5.1118],[2.3721],[2.2985],[1.8176],[1.2338],[0.9103],[0.8691],[1],[1.2118],[1.5132],[1.8706],[2.2147],[2.4853],[2.5647],[2.4441],[2.3015],[2.3794],[2.7088],[3.0118],[3.1412],[3.2279],[3.45],[3.5897],[3.4044],[3.0882],[3.0235],[3.1029],[2.6441]]},{"header":{"disciplineName":["Meteorological products"],"parameterCategory":[2],"parameterCategoryName":["v-component of wind"],"parameterNumberName":["v-component of wind"],"parameterNumber":[3],"parameterUnits":["m s-1"],"refTime":["2017-03-17T0000:00.000Z"],"numberPoints":[621],"nx":[27],"ny":[23],"lo1":[-20],"la1":[70],"lo2":[45],"la2":[45],"dx":[2.5],"dy":[2.5]},"data":[[1.2676],[1.525],[1.7265],[1.8632],[1.9412],[1.9868],[2.0118],[2.025],[2.0382],[2.0426],[2.0382],[2.0176],[1.9853],[1.9206],[1.825],[1.7176],[1.5691],[1.3706],[1.1103],[0.7838],[0.3985],[-0.05],[-0.5191],[-0.9824],[-1.3912],[-1.7103],[-1.9456],[2.8059],[2.7824],[2.6706],[2.5176],[2.3574],[2.2324],[2.1706],[2.1632],[2.1765],[2.1838],[2.1544],[2.0515],[1.8912],[1.6809],[1.4574],[1.2471],[1.0676],[0.9235],[0.7721],[0.5956],[0.3632],[0.0853],[-0.25],[-0.5779],[-0.8765],[-1.1015],[-1.2309],[4.0426],[3.725],[3.3309],[2.9471],[2.6324],[2.4559],[2.3956],[2.4309],[2.4956],[2.5],[2.3912],[2.125],[1.7397],[1.2676],[0.8191],[0.4544],[0.225],[0.1309],[0.1324],[0.1838],[0.2118],[0.1809],[0.1088],[-0.0132],[-0.1426],[-0.2353],[-0.2897],[4.3853],[3.9103],[3.3853],[2.9132],[2.5544],[2.3559],[2.3044],[2.3706],[2.4662],[2.4897],[2.3515],[2.0088],[1.4971],[0.8985],[0.3382],[-0.0926],[-0.3059],[-0.3279],[-0.2176],[-0.0309],[0.1397],[0.2765],[0.3809],[0.4559],[0.5206],[0.5735],[0.6235],[4.1721],[3.7015],[3.1676],[2.6294],[2.1412],[1.7691],[1.5588],[1.5221],[1.5868],[1.6618],[1.6309],[1.4279],[1.0529],[0.6118],[0.2103],[-0.0382],[-0.1074],[-0.0353],[0.0971],[0.2132],[0.2853],[0.3338],[0.4162],[0.5676],[0.7985],[1.0426],[1.2103],[3.9471],[3.5059],[2.9368],[2.2162],[1.4176],[0.675],[0.1353],[-0.1044],[-0.0618],[0.1632],[0.3853],[0.4868],[0.4206],[0.2971],[0.2118],[0.2765],[0.4794],[0.7088],[0.8309],[0.8029],[0.6221],[0.425],[0.3441],[0.4794],[0.7941],[1.1779],[1.4809],[3.5941],[3.0971],[2.3853],[1.4309],[0.3162],[-0.7485],[-1.525],[-1.8353],[-1.6662],[-1.1662],[-0.6382],[-0.2824],[-0.1735],[-0.1824],[-0.1338],[0.1324],[0.5926],[1.0544],[1.3176],[1.2838],[0.9897],[0.6368],[0.4441],[0.525],[0.8485],[1.2691],[1.5971],[2.6897],[2.0574],[1.2441],[0.2471],[-0.8882],[-1.9662],[-2.7059],[-2.8985],[-2.5103],[-1.7544],[-1.0191],[-0.5912],[-0.5824],[-0.8074],[-0.9324],[-0.7132],[-0.1574],[0.5162],[1.0221],[1.1926],[1.075],[0.8382],[0.7074],[0.8015],[1.0662],[1.3853],[1.6162],[1.2868],[0.5426],[-0.1471],[-0.85],[-1.6338],[-2.4353],[-3.0397],[-3.1971],[-2.8118],[-2.0368],[-1.2676],[-0.8721],[-0.9941],[-1.4118],[-1.7412],[-1.6632],[-1.1574],[-0.4235],[0.2294],[0.6279],[0.7897],[0.8515],[0.9397],[1.0676],[1.2441],[1.3897],[1.5],[-0.0515],[-0.8015],[-1.2176],[-1.4544],[-1.7574],[-2.2721],[-2.9088],[-3.3676],[-3.3838],[-2.9162],[-2.2529],[-1.7632],[-1.6779],[-1.8676],[-2.025],[-1.8912],[-1.4176],[-0.8162],[-0.2897],[0.0912],[0.4132],[0.7368],[1.0588],[1.2574],[1.3074],[1.2897],[1.3206],[-1.0338],[-1.7309],[-1.9603],[-1.8618],[-1.8015],[-2.1515],[-2.9265],[-3.8338],[-4.3985],[-4.3662],[-3.8324],[-3.1191],[-2.5603],[-2.1765],[-1.8059],[-1.3235],[-0.7956],[-0.3824],[-0.1574],[-4.6018e-09],[0.2971],[0.7882],[1.2794],[1.5309],[1.5015],[1.3618],[1.3735],[-1.7221],[-2.3735],[-2.6103],[-2.4471],[-2.225],[-2.3809],[-3.0765],[-4.0941],[-4.9397],[-5.2147],[-4.8265],[-4.0588],[-3.2088],[-2.4],[-1.5897],[-0.7853],[-0.1368],[0.1603],[0.1353],[0.1044],[0.3706],[0.9706],[1.6309],[1.9706],[1.9441],[1.7912],[1.7985],[-2.2721],[-2.8456],[-3.1338],[-3.0162],[-2.6779],[-2.4897],[-2.7632],[-3.4662],[-4.225],[-4.6221],[-4.4868],[-3.9676],[-3.2824],[-2.5456],[-1.7206],[-0.8706],[-0.225],[0.0191],[-0.0824],[-0.15],[0.1882],[0.9294],[1.7529],[2.2529],[2.3721],[2.3632],[2.4441],[-2.7691],[-3.0721],[-3.1985],[-2.9971],[-2.4882],[-1.9838],[-1.8191],[-2.1412],[-2.7603],[-3.2706],[-3.4147],[-3.2221],[-2.8529],[-2.3882],[-1.8324],[-1.2456],[-0.8088],[-0.7221],[-0.8868],[-0.9221],[-0.5074],[0.3706],[1.3368],[2.0397],[2.4441],[2.7426],[2.9868],[-3.2382],[-3.0868],[-2.8],[-2.3235],[-1.6868],[-1.0721],[-0.8015],[-1.0603],[-1.7162],[-2.35],[-2.6118],[-2.4618],[-2.0926],[-1.7088],[-1.3838],[-1.1691],[-1.1544],[-1.4176],[-1.8029],[-1.9088],[-1.4647],[-0.5029],[0.6059],[1.5191],[2.225],[2.8309],[3.2471],[-3.575],[-2.9382],[-2.1985],[-1.4897],[-0.8471],[-0.3868],[-0.2926],[-0.6985],[-1.4176],[-2.0147],[-2.1118],[-1.7147],[-1.1118],[-0.6397],[-0.4662],[-0.6191],[-1.0735],[-1.7824],[-2.4588],[-2.7176],[-2.2706],[-1.1956],[0.0912],[1.2221],[2.1206],[2.8279],[3.2574],[-3.4059],[-2.45],[-1.4706],[-0.7382],[-0.3029],[-0.1265],[-0.2515],[-0.6735],[-1.2147],[-1.4956],[-1.2809],[-0.6941],[-0.0721],[0.2574],[0.1794],[-0.2779],[-1.0485],[-2.0103],[-2.8691],[-3.1897],[-2.6838],[-1.4471],[0.0647],[1.4132],[2.4029],[3.0088],[3.2235],[-2.4971],[-1.3662],[-0.4191],[0.0926],[0.2029],[0.0456],[-0.2735],[-0.5985],[-0.7529],[-0.5647],[-0.1103],[0.3485],[0.5544],[0.4294],[0.0912],[-0.4441],[-1.1956],[-2.1338],[-2.9588],[-3.2368],[-2.6618],[-1.3044],[0.3853],[1.9191],[2.9765],[3.4809],[3.4632],[-1.0059],[0.1456],[0.8956],[1.1412],[0.9324],[0.4206],[-0.1882],[-0.5618],[-0.4544],[0.0985],[0.6471],[0.775],[0.4456],[-0.0191],[-0.3529],[-0.6088],[-1.0632],[-1.8015],[-2.525],[-2.7515],[-2.175],[-0.8603],[0.8235],[2.4279],[3.5647],[4.1015],[4.0191],[0.6809],[1.5941],[2.0559],[2.1162],[1.7779],[0.9941],[0.0132],[-0.6456],[-0.5441],[0.1426],[0.6647],[0.5397],[-0.0574],[-0.4735],[-0.3897],[-0.1412],[-0.2691],[-0.8882],[-1.5676],[-1.7897],[-1.3338],[-0.2529],[1.2118],[2.7118],[3.8824],[4.475],[4.4485],[2.4],[2.7221],[2.7397],[2.6676],[2.3838],[1.5838],[0.3809],[-0.5221],[-0.5559],[0.0853],[0.5691],[0.3368],[-0.2191],[-0.3029],[0.2912],[0.9279],[0.9368],[0.3118],[-0.3691],[-0.6559],[-0.4588],[0.2059],[1.3044],[2.6456],[3.7632],[4.25],[4.0647],[3.9426],[3.4956],[2.9515],[2.6618],[2.4544],[1.825],[0.7662],[-0.1029],[-0.1515],[0.4338],[0.8588],[0.6574],[0.3015],[0.5471],[1.3985],[2.1074],[2.0353],[1.3941],[0.7632],[0.3441],[0.0897],[0.1485],[0.9074],[2.2324],[3.3412],[3.4926],[2.7956],[4.6324],[3.6309],[2.6029],[1.9985],[1.7235],[1.3294],[0.6544],[0.0926],[0.1294],[0.6559],[1.0632],[1.0618],[1.0441],[1.5426],[2.4044],[2.9118],[2.6956],[2.1279],[1.5985],[0.9574],[0.0853],[-0.4441],[0.1647],[1.7324],[2.9206],[2.6632],[1.2412]]}]