html/data/WT_pct09_ind_wt_2_7.json
[{"header":{"disciplineName":["Meteorological products"],"parameterCategory":[0],"parameterCategoryName":["Temperature"],"parameterNumberName":["Temperature"],"parameterNumber":[0],"parameterUnits":["K"],"refTime":["2017-03-17T0000:00.000Z"],"numberPoints":[621],"nx":[27],"ny":[23],"lo1":[-20],"la1":[70],"lo2":[45],"la2":[45],"dx":[2.5],"dy":[2.5]},"data":[[-13.1977],[-12.2318],[-11.3045],[-10.425],[-9.6409],[-8.9341],[-8.35],[-7.8977],[-7.5818],[-7.4045],[-7.3295],[-7.3682],[-7.4795],[-7.6318],[-7.825],[-8.0205],[-8.2227],[-8.4523],[-8.6864],[-8.975],[-9.2886],[-9.6705],[-10.1],[-10.5932],[-11.1409],[-11.7432],[-12.3932],[-9.6886],[-9.0568],[-8.4932],[-7.9977],[-7.5409],[-7.1591],[-6.8591],[-6.625],[-6.5136],[-6.5045],[-6.5909],[-6.7477],[-6.9523],[-7.1795],[-7.4136],[-7.6455],[-7.8818],[-8.1341],[-8.4295],[-8.7432],[-9.1136],[-9.525],[-9.9727],[-10.4636],[-10.9682],[-11.5045],[-12.0705],[-6.9523],[-6.7205],[-6.5364],[-6.3523],[-6.1591],[-5.9659],[-5.8023],[-5.6955],[-5.6886],[-5.7909],[-5.9818],[-6.2432],[-6.5432],[-6.8386],[-7.1386],[-7.4114],[-7.7023],[-8.0205],[-8.3909],[-8.8205],[-9.2955],[-9.7841],[-10.2591],[-10.7182],[-11.1205],[-11.5045],[-11.8659],[-5.5318],[-5.5068],[-5.4614],[-5.3773],[-5.2205],[-5.0568],[-4.9159],[-4.8523],[-4.9205],[-5.0864],[-5.3659],[-5.7182],[-6.0818],[-6.4114],[-6.7182],[-6.9955],[-7.3],[-7.6614],[-8.1273],[-8.6705],[-9.2773],[-9.8705],[-10.425],[-10.8591],[-11.1909],[-11.4182],[-11.6091],[-4.8773],[-4.7864],[-4.6818],[-4.5273],[-4.3682],[-4.2068],[-4.0955],[-4.0932],[-4.2068],[-4.4318],[-4.7659],[-5.1273],[-5.4636],[-5.7614],[-6.0045],[-6.2545],[-6.5364],[-6.9523],[-7.5],[-8.1727],[-8.9182],[-9.6205],[-10.2227],[-10.6523],[-10.8932],[-11.0159],[-11.0886],[-4.1023],[-3.8727],[-3.7136],[-3.6045],[-3.5386],[-3.4886],[-3.4864],[-3.5409],[-3.6636],[-3.875],[-4.1295],[-4.4045],[-4.6409],[-4.85],[-5.0455],[-5.2773],[-5.6023],[-6.1023],[-6.7705],[-7.5705],[-8.4205],[-9.175],[-9.7432],[-10.0705],[-10.1909],[-10.2045],[-10.2045],[-2.95],[-2.7568],[-2.7318],[-2.7977],[-2.9045],[-3.0227],[-3.0773],[-3.125],[-3.175],[-3.2705],[-3.4],[-3.5818],[-3.7591],[-3.9523],[-4.1727],[-4.4682],[-4.8864],[-5.4659],[-6.2159],[-7.0545],[-7.8864],[-8.575],[-9.0318],[-9.2295],[-9.2341],[-9.1386],[-9.1182],[-1.8295],[-1.7568],[-1.85],[-2.0432],[-2.2545],[-2.3932],[-2.4295],[-2.4],[-2.3932],[-2.4545],[-2.6114],[-2.8386],[-3.1136],[-3.3795],[-3.675],[-4.0364],[-4.475],[-5.0341],[-5.6864],[-6.3841],[-7.0432],[-7.5955],[-7.9568],[-8.1023],[-8.0932],[-8.05],[-8.0795],[-0.8841],[-0.8045],[-0.8591],[-0.9955],[-1.1136],[-1.1682],[-1.1705],[-1.1795],[-1.2591],[-1.5136],[-1.8636],[-2.2932],[-2.7],[-3.0636],[-3.3841],[-3.7091],[-4.0841],[-4.4886],[-4.925],[-5.3659],[-5.7818],[-6.1432],[-6.4386],[-6.6273],[-6.7409],[-6.8386],[-7.0023],[0.1091],[0.2955],[0.4091],[0.4318],[0.4159],[0.3659],[0.2886],[0.1091],[-0.2],[-0.6659],[-1.2023],[-1.7227],[-2.1341],[-2.4432],[-2.7114],[-3.0114],[-3.35],[-3.7114],[-4.0205],[-4.2841],[-4.475],[-4.6455],[-4.8114],[-4.9841],[-5.1386],[-5.325],[-5.5295],[1.2614],[1.5182],[1.7114],[1.7659],[1.6886],[1.5159],[1.2591],[0.9068],[0.4864],[0.0182],[-0.4386],[-0.7864],[-1.0068],[-1.175],[-1.4],[-1.775],[-2.2977],[-2.8182],[-3.25],[-3.4955],[-3.5523],[-3.5136],[-3.4545],[-3.4091],[-3.4227],[-3.4932],[-3.6386],[2.4341],[2.6136],[2.7318],[2.7045],[2.5205],[2.1864],[1.8159],[1.4568],[1.1341],[0.8773],[0.6955],[0.6273],[0.5909],[0.4977],[0.1955],[-0.3636],[-1.1114],[-1.8568],[-2.4386],[-2.7205],[-2.7159],[-2.4955],[-2.1909],[-1.9],[-1.7273],[-1.6909],[-1.7864],[3.4909],[3.5727],[3.6182],[3.5636],[3.3727],[3.0705],[2.7636],[2.5341],[2.3841],[2.3273],[2.2932],[2.2955],[2.2614],[2.0773],[1.6455],[0.9727],[0.1705],[-0.5523],[-1.0523],[-1.2932],[-1.2318],[-0.9523],[-0.5591],[-0.2159],[-0.0614],[-0.1045],[-0.2409],[4.4909],[4.5568],[4.6409],[4.7091],[4.6818],[4.6023],[4.5023],[4.4455],[4.3864],[4.2932],[4.1432],[3.9727],[3.7591],[3.4432],[2.9614],[2.3182],[1.6682],[1.1886],[0.9273],[0.8273],[0.9023],[1.1682],[1.5318],[1.8],[1.775],[1.5318],[1.3068],[5.5136],[5.6],[5.7568],[5.9682],[6.1909],[6.4],[6.5568],[6.6568],[6.5955],[6.3568],[5.9545],[5.5341],[5.1795],[4.8432],[4.4091],[3.8773],[3.375],[3.0636],[2.9205],[2.8932],[2.9773],[3.2659],[3.7432],[4.0818],[3.9727],[3.5364],[3.3],[6.4795],[6.5455],[6.7136],[7.0341],[7.45],[7.8773],[8.2659],[8.5068],[8.5159],[8.2068],[7.65],[7.0864],[6.6568],[6.3727],[6.0409],[5.5432],[5.0205],[4.6568],[4.5045],[4.4614],[4.5841],[5.0432],[5.8614],[6.5864],[6.5977],[5.9727],[5.5477],[7.375],[7.4659],[7.6682],[8.0477],[8.5341],[9.0909],[9.5955],[9.9773],[10.1136],[9.9159],[9.4023],[8.7682],[8.2341],[7.8977],[7.5591],[7.0523],[6.4705],[6.0591],[5.9318],[5.9727],[6.1909],[6.8364],[8.0432],[9.2136],[9.4977],[8.6591],[7.6886],[8.4159],[8.6955],[9.0523],[9.4773],[9.9841],[10.4955],[10.9614],[11.3455],[11.6023],[11.5955],[11.2273],[10.5614],[9.8455],[9.3023],[8.8682],[8.3636],[7.8091],[7.5023],[7.5727],[7.8636],[8.2136],[8.8636],[10.1432],[11.675],[12.3795],[11.5886],[10.05],[9.9364],[10.5318],[11.075],[11.525],[11.9159],[12.2682],[12.5432],[12.7614],[12.9841],[13.1318],[12.9705],[12.3386],[11.4455],[10.6773],[10.1591],[9.7114],[9.25],[9.0182],[9.2818],[9.85],[10.3159],[10.7773],[11.8114],[13.5318],[14.8955],[14.7432],[13.2409],[11.9977],[12.8523],[13.4909],[13.8795],[14.0795],[14.2159],[14.2341],[14.2182],[14.2636],[14.4341],[14.4159],[13.8841],[12.9545],[12.1341],[11.7136],[11.4455],[11.0318],[10.6864],[10.8795],[11.5727],[12.175],[12.5159],[13.2205],[14.8864],[16.8614],[17.7205],[16.8955],[14.4068],[15.3659],[15.975],[16.2159],[16.2364],[16.1795],[16.0455],[15.8295],[15.6977],[15.725],[15.6886],[15.1864],[14.2909],[13.6318],[13.5591],[13.7114],[13.4818],[12.9455],[12.825],[13.4409],[14.2864],[14.7727],[15.275],[16.5523],[18.4909],[19.8159],[19.5614],[16.7864],[17.6705],[18.225],[18.3795],[18.2773],[18.1273],[17.95],[17.7182],[17.4909],[17.3614],[17.1409],[16.5455],[15.7114],[15.2841],[15.6705],[16.4205],[16.6364],[16.1273],[15.6795],[16.0841],[17.1159],[18.0182],[18.5477],[19.2136],[20.2318],[20.8795],[20.3932],[18.5727],[19.3182],[19.8386],[20.0273],[19.95],[19.8],[19.6682],[19.5773],[19.4545],[19.275],[18.9114],[18.2568],[17.5295],[17.3023],[17.9773],[19.1523],[19.9295],[19.7682],[19.1886],[19.1818],[20.0909],[21.3318],[22.1614],[22.4455],[22.3182],[21.6636],[20.2545]]},{"header":{"disciplineName":["Meteorological products"],"parameterCategory":[2],"parameterCategoryName":["u-component of wind"],"parameterNumberName":["u-component of wind"],"parameterNumber":[2],"parameterUnits":["m s-1"],"refTime":["2017-03-17T0000:00.000Z"],"numberPoints":[621],"nx":[27],"ny":[23],"lo1":[-20],"la1":[70],"lo2":[45],"la2":[45],"dx":[2.5],"dy":[2.5]},"data":[[2.6659],[3.3091],[3.8432],[4.2705],[4.6227],[4.9182],[5.1568],[5.3568],[5.5182],[5.6477],[5.7614],[5.8295],[5.8977],[5.9409],[5.9909],[6.0341],[6.1],[6.1727],[6.2386],[6.3159],[6.3591],[6.3659],[6.3341],[6.2477],[6.1],[5.9364],[5.7409],[3.9023],[4.6455],[5.1705],[5.5091],[5.6977],[5.8023],[5.8409],[5.875],[5.9205],[5.9864],[6.0705],[6.1727],[6.2795],[6.3591],[6.3909],[6.3636],[6.2545],[6.0864],[5.8386],[5.5591],[5.2773],[5],[4.7364],[4.5386],[4.3864],[4.3068],[4.3045],[4.9318],[5.4477],[5.7523],[5.9068],[5.9591],[5.9818],[5.9841],[6.0068],[6.0591],[6.1273],[6.2318],[6.3341],[6.4227],[6.45],[6.3705],[6.1455],[5.7864],[5.3023],[4.725],[4.1341],[3.5955],[3.1591],[2.8864],[2.7864],[2.8591],[3.0932],[3.4568],[6.4068],[6.4659],[6.3932],[6.3114],[6.2432],[6.2136],[6.2091],[6.2],[6.1818],[6.1091],[6.0023],[5.8841],[5.7455],[5.5455],[5.2727],[4.9045],[4.4182],[3.8364],[3.2409],[2.6773],[2.2409],[1.9659],[1.9295],[2.1205],[2.4909],[3.0114],[3.6386],[8.3841],[8.0409],[7.65],[7.3273],[7.0773],[6.9],[6.7227],[6.525],[6.2295],[5.85],[5.4205],[4.9591],[4.5318],[4.1318],[3.7614],[3.4068],[3.0841],[2.7591],[2.4977],[2.3068],[2.2432],[2.3409],[2.6023],[2.9932],[3.5],[4.0591],[4.6636],[9.65],[9.2295],[8.7614],[8.2977],[7.8386],[7.3932],[6.9432],[6.4682],[5.9659],[5.4409],[4.9045],[4.3886],[3.9455],[3.5568],[3.2568],[3.05],[2.9341],[2.9091],[2.9705],[3.0977],[3.3159],[3.6227],[4.0023],[4.3955],[4.8136],[5.2295],[5.6295],[9.3909],[9.1864],[8.8727],[8.4159],[7.8614],[7.2182],[6.5591],[5.9727],[5.5023],[5.1659],[4.9409],[4.7818],[4.6341],[4.4773],[4.3068],[4.1568],[4.0432],[3.9773],[3.9705],[4.0295],[4.1477],[4.3614],[4.6136],[4.9182],[5.2114],[5.4886],[5.7477],[8.55],[8.5068],[8.3523],[8.0068],[7.4841],[6.8341],[6.1682],[5.6068],[5.2432],[5.1386],[5.2318],[5.4136],[5.5886],[5.6568],[5.6136],[5.4545],[5.2205],[4.9409],[4.6455],[4.3909],[4.2182],[4.1977],[4.3273],[4.5568],[4.8],[5],[5.1091],[8.5295],[8.2773],[8.0455],[7.7477],[7.3591],[6.8614],[6.2864],[5.7205],[5.2477],[4.9591],[4.8977],[5.0114],[5.2045],[5.3795],[5.4909],[5.4886],[5.3795],[5.1432],[4.8114],[4.4682],[4.2114],[4.1545],[4.2818],[4.5023],[4.6659],[4.6864],[4.5295],[9.1955],[8.5432],[7.9955],[7.6],[7.3159],[7.0182],[6.5682],[5.9364],[5.1614],[4.4182],[3.8591],[3.5705],[3.55],[3.7091],[3.9909],[4.2886],[4.5341],[4.6682],[4.6568],[4.5932],[4.5591],[4.6864],[4.9364],[5.1705],[5.1955],[4.9295],[4.4432],[9.4295],[8.5318],[7.725],[7.1682],[6.8727],[6.7068],[6.4364],[5.9],[5.0864],[4.1727],[3.3818],[2.8818],[2.6568],[2.6886],[2.8886],[3.2045],[3.5773],[3.9091],[4.1636],[4.3545],[4.5773],[4.9114],[5.2909],[5.5727],[5.5705],[5.2136],[4.6432],[8.6727],[7.9477],[7.1773],[6.5818],[6.2773],[6.2045],[6.1705],[5.9682],[5.5682],[5.0773],[4.65],[4.3205],[4.0614],[3.7932],[3.5386],[3.3409],[3.2932],[3.3659],[3.5023],[3.6545],[3.8705],[4.1864],[4.6136],[5.0159],[5.2114],[5.1432],[4.9159],[7.3136],[7.025],[6.6318],[6.2886],[6.1432],[6.2409],[6.4523],[6.6227],[6.7318],[6.8364],[6.9523],[6.9864],[6.7636],[6.2159],[5.4227],[4.6273],[4.0432],[3.7205],[3.5818],[3.5023],[3.4727],[3.5864],[3.8864],[4.375],[4.8795],[5.2227],[5.4205],[5.7159],[5.8568],[5.9909],[6.1432],[6.4],[6.7614],[7.1318],[7.4386],[7.7091],[8.0295],[8.3977],[8.6477],[8.575],[8.0591],[7.25],[6.4159],[5.8045],[5.45],[5.2091],[4.9682],[4.7182],[4.5455],[4.6386],[5.0432],[5.6409],[6.1659],[6.45],[4.0386],[4.4114],[4.95],[5.5682],[6.2114],[6.8114],[7.2295],[7.425],[7.5],[7.6705],[7.9955],[8.3886],[8.6364],[8.6091],[8.3773],[8.1409],[7.9977],[7.9341],[7.7932],[7.5159],[7.1523],[6.8409],[6.7523],[6.9773],[7.4341],[7.8705],[7.9614],[2.7068],[3.1432],[3.7955],[4.5432],[5.2818],[5.8659],[6.2068],[6.2909],[6.25],[6.3364],[6.6818],[7.2591],[7.875],[8.3864],[8.7705],[9.1091],[9.3955],[9.55],[9.4977],[9.2659],[8.9932],[8.7705],[8.6909],[8.8227],[9.1636],[9.5477],[9.6841],[2.2568],[2.7],[3.2841],[3.8682],[4.3545],[4.6977],[4.8909],[5.0091],[5.1318],[5.3773],[5.8432],[6.5091],[7.175],[7.7273],[8.1591],[8.5773],[8.9636],[9.2045],[9.2955],[9.3091],[9.3682],[9.4614],[9.5295],[9.6727],[10.0364],[10.6273],[11.1159],[2.6591],[3.225],[3.7614],[4.1727],[4.3818],[4.4705],[4.5614],[4.7341],[5.0318],[5.4068],[5.825],[6.2273],[6.4614],[6.5],[6.4818],[6.6545],[7.0705],[7.6091],[8.1432],[8.6545],[9.175],[9.575],[9.7795],[9.9],[10.2773],[11.0114],[11.8182],[3.6045],[4.3023],[4.8614],[5.2409],[5.3682],[5.35],[5.3364],[5.4727],[5.6795],[5.8614],[5.9591],[5.9205],[5.6477],[5.1727],[4.7864],[4.8545],[5.5205],[6.5455],[7.6318],[8.5818],[9.325],[9.7636],[9.9023],[9.9341],[10.2045],[10.7841],[11.3682],[4.825],[5.4977],[5.925],[6.1795],[6.2477],[6.1614],[6.0386],[5.975],[5.95],[5.8841],[5.7682],[5.5636],[5.2159],[4.7659],[4.4455],[4.6932],[5.5795],[6.8386],[8.0091],[8.8364],[9.2818],[9.4068],[9.3455],[9.3386],[9.5523],[9.8023],[9.7318],[5.8023],[6.15],[6.15],[6.0318],[5.8568],[5.6182],[5.3682],[5.1977],[5.1023],[5.0818],[5.125],[5.2386],[5.3205],[5.2841],[5.2864],[5.6477],[6.4295],[7.3364],[8.0023],[8.2273],[8.0545],[7.7295],[7.5205],[7.6114],[7.8864],[7.9136],[7.2818],[5.3227],[5.225],[4.7659],[4.2636],[3.8591],[3.5432],[3.3318],[3.2705],[3.3636],[3.5955],[3.9705],[4.4523],[4.9],[5.1818],[5.3318],[5.5636],[5.9614],[6.3409],[6.4659],[6.2523],[5.8023],[5.3545],[5.1114],[5.1932],[5.3886],[5.2295],[4.3591],[2.4818],[2.1091],[1.5818],[1.1568],[0.9341],[0.8909],[0.9614],[1.1477],[1.4318],[1.7818],[2.2],[2.6318],[3.0182],[3.1886],[3.1727],[3.1614],[3.2568],[3.4159],[3.525],[3.55],[3.5182],[3.4477],[3.2909],[3.0955],[2.8],[2.2068],[1.1864]]},{"header":{"disciplineName":["Meteorological products"],"parameterCategory":[2],"parameterCategoryName":["v-component of wind"],"parameterNumberName":["v-component of wind"],"parameterNumber":[3],"parameterUnits":["m s-1"],"refTime":["2017-03-17T0000:00.000Z"],"numberPoints":[621],"nx":[27],"ny":[23],"lo1":[-20],"la1":[70],"lo2":[45],"la2":[45],"dx":[2.5],"dy":[2.5]},"data":[[1.2614],[2.0409],[2.9114],[3.725],[4.3909],[4.8205],[4.9455],[4.7795],[4.3477],[3.75],[3.0682],[2.4295],[1.8955],[1.5159],[1.3182],[1.2455],[1.2545],[1.2273],[1.1205],[0.8273],[0.3636],[-0.2818],[-1.0455],[-1.8682],[-2.6477],[-3.325],[-3.8341],[3.0364],[3.4523],[3.9136],[4.3295],[4.6341],[4.7614],[4.6477],[4.3182],[3.8023],[3.1977],[2.6],[2.0705],[1.6932],[1.4886],[1.4295],[1.4477],[1.4659],[1.3955],[1.1659],[0.7455],[0.1386],[-0.6273],[-1.4614],[-2.2773],[-2.9727],[-3.4864],[-3.8],[4.5205],[4.4591],[4.4545],[4.4705],[4.4636],[4.3682],[4.1409],[3.7568],[3.2659],[2.7455],[2.2341],[1.8386],[1.5455],[1.3705],[1.2682],[1.1795],[1.0364],[0.7818],[0.4114],[-0.0795],[-0.6568],[-1.2568],[-1.8068],[-2.2659],[-2.5932],[-2.7614],[-2.7886],[5.0409],[4.6409],[4.3795],[4.2295],[4.1341],[3.9977],[3.7545],[3.3636],[2.8659],[2.3341],[1.8386],[1.4409],[1.1614],[0.9341],[0.7227],[0.4841],[0.1523],[-0.2455],[-0.6818],[-1.1045],[-1.4455],[-1.6591],[-1.6932],[-1.6068],[-1.4205],[-1.2159],[-1.0636],[4.6432],[4.1182],[3.8068],[3.6818],[3.6477],[3.5545],[3.3],[2.8614],[2.2727],[1.6409],[1.0773],[0.6386],[0.3409],[0.1614],[2.4722e-08],[-0.2205],[-0.5273],[-0.9182],[-1.3045],[-1.6091],[-1.7136],[-1.5886],[-1.2],[-0.6614],[-0.0818],[0.35],[0.5682],[3.85],[3.2477],[2.8909],[2.7705],[2.75],[2.6818],[2.4341],[1.9795],[1.3591],[0.6773],[0.075],[-0.3568],[-0.5773],[-0.6227],[-0.5773],[-0.5568],[-0.6682],[-0.9068],[-1.1977],[-1.4364],[-1.4864],[-1.2341],[-0.6886],[0.0409],[0.7636],[1.3295],[1.5432],[3.1227],[2.3568],[1.8273],[1.5364],[1.4136],[1.3545],[1.2386],[0.9795],[0.5659],[0.0477],[-0.4682],[-0.8795],[-1.0932],[-1.0864],[-0.9273],[-0.7273],[-0.6386],[-0.7273],[-0.9386],[-1.15],[-1.1909],[-0.9318],[-0.3568],[0.4341],[1.2295],[1.8295],[2.0682],[2.5955],[1.6659],[0.9091],[0.4114],[0.1636],[0.1273],[0.2114],[0.2818],[0.2477],[0.0545],[-0.3091],[-0.7205],[-1.0455],[-1.1773],[-1.1386],[-1.0068],[-0.9273],[-0.9932],[-1.1636],[-1.2977],[-1.2136],[-0.8136],[-0.0864],[0.7977],[1.6295],[2.2114],[2.425],[2.0818],[1.1386],[0.3455],[-0.225],[-0.5],[-0.525],[-0.3682],[-0.1364],[0.0614],[0.0818],[-0.0909],[-0.425],[-0.7773],[-1.0205],[-1.1273],[-1.1886],[-1.3136],[-1.525],[-1.7273],[-1.7341],[-1.3932],[-0.675],[0.2614],[1.2227],[1.9705],[2.4068],[2.4705],[1.2568],[0.4568],[-0.1432],[-0.5023],[-0.6818],[-0.7682],[-0.8023],[-0.7614],[-0.6864],[-0.6364],[-0.6295],[-0.6614],[-0.6886],[-0.6818],[-0.6932],[-0.8432],[-1.1955],[-1.6545],[-1.9659],[-1.8886],[-1.3068],[-0.3568],[0.6614],[1.4636],[1.9455],[2.1],[1.9977],[-0.0023],[-0.6795],[-1],[-1.0182],[-0.975],[-1.0932],[-1.3886],[-1.7409],[-1.9886],[-2.0045],[-1.8],[-1.3886],[-0.8455],[-0.3045],[0.0023],[-0.0977],[-0.6023],[-1.2705],[-1.7136],[-1.5841],[-0.8773],[0.1023],[0.9682],[1.4182],[1.4818],[1.3773],[1.2591],[-1.3205],[-2.0182],[-2.1659],[-1.8818],[-1.5659],[-1.5636],[-1.9568],[-2.5318],[-2.9614],[-3.05],[-2.7205],[-2.0159],[-1.0932],[-0.2159],[0.2909],[0.2273],[-0.3705],[-1.1091],[-1.4909],[-1.2273],[-0.4091],[0.5386],[1.1364],[1.2386],[0.9977],[0.8023],[0.8705],[-2.1205],[-2.875],[-2.9636],[-2.525],[-1.9614],[-1.7545],[-2.0159],[-2.5523],[-3.0182],[-3.1636],[-2.9],[-2.2455],[-1.3795],[-0.5932],[-0.2136],[-0.4159],[-1.0273],[-1.6114],[-1.7227],[-1.1636],[-0.1636],[0.7886],[1.2795],[1.225],[0.8932],[0.7477],[0.9818],[-2.1795],[-2.8818],[-2.925],[-2.3932],[-1.7136],[-1.3568],[-1.5068],[-1.9795],[-2.4773],[-2.7364],[-2.6659],[-2.2591],[-1.675],[-1.2068],[-1.1318],[-1.525],[-2.1205],[-2.4523],[-2.1705],[-1.2955],[-0.1386],[0.8614],[1.4068],[1.4386],[1.1841],[1.0136],[1.1795],[-1.9182],[-2.3932],[-2.3227],[-1.7182],[-1.0114],[-0.6795],[-0.8727],[-1.4159],[-2.0091],[-2.3864],[-2.4432],[-2.1659],[-1.7295],[-1.4909],[-1.6841],[-2.2705],[-2.8727],[-3.0068],[-2.4886],[-1.4955],[-0.3568],[0.6591],[1.3727],[1.6795],[1.5977],[1.3023],[1.1227],[-1.7341],[-1.9682],[-1.7205],[-1.0455],[-0.4091],[-0.2023],[-0.5023],[-1.1045],[-1.7023],[-2.075],[-2.0932],[-1.7386],[-1.3],[-1.1727],[-1.6136],[-2.4795],[-3.2159],[-3.3636],[-2.85],[-1.9432],[-0.9295],[0.0795],[1.0659],[1.7977],[2.0159],[1.6682],[1.1432],[-1.5955],[-1.5977],[-1.1955],[-0.5477],[-0.0659],[-0.0205],[-0.35],[-0.7818],[-1.1795],[-1.4023],[-1.3455],[-0.9841],[-0.6159],[-0.675],[-1.4182],[-2.5773],[-3.5523],[-3.8545],[-3.45],[-2.6591],[-1.7227],[-0.6295],[0.6727],[1.8886],[2.5682],[2.4273],[1.7955],[-1.2227],[-0.9864],[-0.4432],[0.0977],[0.2773],[0.0545],[-0.2409],[-0.4091],[-0.4591],[-0.5318],[-0.5568],[-0.4432],[-0.3477],[-0.6091],[-1.4523],[-2.7023],[-3.7568],[-4.1568],[-3.8273],[-3.0705],[-2.0864],[-0.8864],[0.6159],[2.1955],[3.3227],[3.6023],[3.1045],[-0.5227],[-0.05],[0.6023],[0.9932],[0.775],[0.1977],[-0.2182],[-0.2295],[-0.0795],[-0.1386],[-0.4136],[-0.6977],[-0.8773],[-1.0955],[-1.6],[-2.4091],[-3.2023],[-3.5545],[-3.2932],[-2.55],[-1.5523],[-0.3705],[1.0841],[2.6864],[4.025],[4.6295],[4.3068],[0.4364],[0.8818],[1.5318],[1.775],[1.2523],[0.3045],[-0.375],[-0.4636],[-0.3114],[-0.4091],[-0.9068],[-1.4818],[-1.7636],[-1.6455],[-1.4364],[-1.4409],[-1.7159],[-1.9705],[-1.8545],[-1.3045],[-0.4886],[0.5091],[1.7091],[3.0886],[4.3455],[4.9659],[4.5773],[1.5818],[1.6182],[1.975],[2.0659],[1.425],[0.3],[-0.6045],[-0.8955],[-0.7909],[-0.8227],[-1.2591],[-1.8795],[-2.1136],[-1.6636],[-0.7932],[-0.0886],[0.0727],[-0.1364],[-0.3091],[-0.1705],[0.2477],[0.9295],[1.9364],[3.1818],[4.2477],[4.5386],[3.7477],[2.6932],[2.0909],[1.9318],[1.8068],[1.2205],[0.1955],[-0.7523],[-1.1795],[-1.0659],[-0.8727],[-0.9773],[-1.3477],[-1.4545],[-0.8705],[0.2273],[1.1727],[1.4909],[1.2432],[0.7841],[0.425],[0.3045],[0.6636],[1.6795],[3.0318],[3.9295],[3.6977],[2.2886],[3.1955],[2.1364],[1.4909],[1.1045],[0.6273],[-0.1182],[-0.875],[-1.2636],[-1.125],[-0.675],[-0.3636],[-0.3068],[-0.1614],[0.4455],[1.3773],[2.1182],[2.3227],[2.0636],[1.5273],[0.8136],[0.1909],[0.2364],[1.2727],[2.7295],[3.425],[2.6136],[0.6477]]}]