html/data/WT_pct09_ind_wt_5_8.json
[{"header":{"disciplineName":["Meteorological products"],"parameterCategory":[0],"parameterCategoryName":["Temperature"],"parameterNumberName":["Temperature"],"parameterNumber":[0],"parameterUnits":["K"],"refTime":["2017-03-17T0000:00.000Z"],"numberPoints":[621],"nx":[27],"ny":[23],"lo1":[-20],"la1":[70],"lo2":[45],"la2":[45],"dx":[2.5],"dy":[2.5]},"data":[[-6.75],[-6.4474],[-6.1064],[-5.7417],[-5.3776],[-5.0314],[-4.7128],[-4.4212],[-4.1628],[-3.9231],[-3.7141],[-3.5212],[-3.3673],[-3.2551],[-3.1987],[-3.2083],[-3.2962],[-3.4519],[-3.6692],[-3.9295],[-4.2141],[-4.4968],[-4.7821],[-5.0545],[-5.3179],[-5.5833],[-5.8686],[-5.2532],[-4.9615],[-4.6282],[-4.2795],[-3.9179],[-3.5679],[-3.2391],[-2.9308],[-2.6429],[-2.3647],[-2.1167],[-1.8853],[-1.6846],[-1.5378],[-1.4724],[-1.4865],[-1.609],[-1.8147],[-2.0987],[-2.4224],[-2.7558],[-3.0686],[-3.3558],[-3.6051],[-3.8404],[-4.0667],[-4.3237],[-3.5994],[-3.3776],[-3.1295],[-2.8487],[-2.5487],[-2.2333],[-1.9212],[-1.609],[-1.3077],[-1.0205],[-0.7538],[-0.516],[-0.3147],[-0.1776],[-0.1231],[-0.1615],[-0.3083],[-0.5545],[-0.8526],[-1.1788],[-1.4904],[-1.7513],[-1.9532],[-2.0917],[-2.2058],[-2.3423],[-2.516],[-2.0737],[-1.9397],[-1.7827],[-1.5833],[-1.3455],[-1.0795],[-0.7788],[-0.4641],[-0.1538],[0.1436],[0.4186],[0.6494],[0.8295],[0.9526],[1.0038],[0.9596],[0.8141],[0.5936],[0.3077],[0.0212],[-0.2141],[-0.3731],[-0.4417],[-0.4468],[-0.4353],[-0.4622],[-0.5506],[-0.9],[-0.7788],[-0.641],[-0.4744],[-0.2795],[-0.0519],[0.2237],[0.5365],[0.8538],[1.1545],[1.4128],[1.6186],[1.7788],[1.8891],[1.9538],[1.9462],[1.8571],[1.6917],[1.4603],[1.2385],[1.0769],[1.0212],[1.0654],[1.1705],[1.2891],[1.3526],[1.3577],[0.0994],[0.2846],[0.4686],[0.6397],[0.8045],[0.9885],[1.2032],[1.4795],[1.7731],[2.0378],[2.2558],[2.4115],[2.516],[2.6071],[2.6936],[2.7519],[2.7705],[2.7077],[2.5827],[2.4513],[2.3904],[2.425],[2.5596],[2.7385],[2.9019],[3.0077],[3.0551],[1.25],[1.4737],[1.6788],[1.8167],[1.9192],[2.0122],[2.1571],[2.3686],[2.6314],[2.8801],[3.0571],[3.1506],[3.1981],[3.2494],[3.3596],[3.4929],[3.6314],[3.7179],[3.7468],[3.7519],[3.8071],[3.9436],[4.1372],[4.3404],[4.475],[4.5436],[4.5776],[2.5506],[2.6904],[2.8019],[2.8513],[2.8571],[2.8667],[2.9481],[3.1487],[3.4327],[3.7301],[3.9628],[4.0846],[4.1346],[4.1808],[4.284],[4.4731],[4.6904],[4.8795],[5.0128],[5.1288],[5.2603],[5.4474],[5.6513],[5.8154],[5.8949],[5.8929],[5.9083],[3.709],[3.659],[3.6244],[3.6026],[3.5795],[3.5897],[3.6942],[3.9192],[4.2782],[4.7006],[5.0859],[5.3603],[5.509],[5.5897],[5.6769],[5.8103],[5.9692],[6.109],[6.2045],[6.2699],[6.3564],[6.4897],[6.65],[6.7679],[6.8385],[6.8897],[7.0128],[4.5596],[4.3814],[4.3058],[4.3455],[4.4551],[4.5814],[4.741],[4.991],[5.3763],[5.8795],[6.4083],[6.8513],[7.1109],[7.2147],[7.2135],[7.1962],[7.1782],[7.1474],[7.075],[6.9917],[6.9571],[7.0058],[7.1295],[7.2782],[7.4359],[7.6538],[7.9981],[5.2923],[5.1346],[5.1769],[5.4103],[5.7218],[6.0103],[6.2359],[6.4603],[6.7885],[7.2487],[7.7872],[8.2577],[8.5301],[8.566],[8.4295],[8.2429],[8.0731],[7.9429],[7.8199],[7.7038],[7.6647],[7.7583],[7.9891],[8.2891],[8.5885],[8.8949],[9.2615],[6.1391],[6.1333],[6.3064],[6.6487],[7.0641],[7.4506],[7.7641],[8.0269],[8.3186],[8.6878],[9.1083],[9.4673],[9.6212],[9.5295],[9.2603],[8.9827],[8.8353],[8.8314],[8.8962],[8.9853],[9.1519],[9.4917],[10.0115],[10.5859],[11.0513],[11.3051],[11.3788],[7.1859],[7.2872],[7.4263],[7.6417],[7.9827],[8.4558],[8.9878],[9.4994],[9.9269],[10.2654],[10.5333],[10.6987],[10.7026],[10.4942],[10.1481],[9.8679],[9.8128],[10.0103],[10.3359],[10.6769],[11.0814],[11.7064],[12.6013],[13.5795],[14.3276],[14.6417],[14.5314],[8.3083],[8.3833],[8.3442],[8.3532],[8.6776],[9.3962],[10.3731],[11.3],[11.9397],[12.2385],[12.3154],[12.2827],[12.1558],[11.8782],[11.4827],[11.1378],[11.0564],[11.275],[11.6455],[12.0096],[12.4423],[13.2038],[14.4083],[15.85],[17.0846],[17.8224],[18.0942],[9.3154],[9.2897],[9.1583],[9.2551],[9.9218],[11.1801],[12.6981],[13.9647],[14.6359],[14.725],[14.5115],[14.266],[14.0365],[13.7115],[13.2269],[12.7173],[12.4173],[12.4282],[12.6071],[12.7968],[13.0962],[13.8609],[15.2917],[17.1423],[18.8429],[20.0891],[21.0333],[10.0487],[10.0167],[10.1109],[10.7064],[12.0442],[13.9385],[15.8256],[17.1026],[17.5365],[17.3346],[16.8962],[16.5404],[16.2436],[15.8481],[15.2308],[14.5205],[13.9846],[13.7891],[13.8192],[13.909],[14.1686],[14.9994],[16.6551],[18.7885],[20.6545],[21.8705],[22.8628],[10.6833],[10.8673],[11.4058],[12.6115],[14.5167],[16.7295],[18.5788],[19.6032],[19.8045],[19.5699],[19.2859],[19.0667],[18.7795],[18.2647],[17.5122],[16.6897],[16.0679],[15.8205],[15.8897],[16.0833],[16.4712],[17.4673],[19.3494],[21.7026],[23.4968],[24.1359],[24.1776],[11.7865],[12.3641],[13.3083],[14.7795],[16.7071],[18.6917],[20.1885],[20.9538],[21.2327],[21.4622],[21.7532],[21.8885],[21.5936],[20.8917],[20.0212],[19.2058],[18.6071],[18.3526],[18.45],[18.766],[19.2731],[20.3083],[22.2308],[24.7288],[26.6288],[26.9051],[25.8962],[13.8769],[14.8923],[16.0077],[17.2667],[18.6968],[20.1096],[21.209],[21.9231],[22.5641],[23.4321],[24.3167],[24.6705],[24.2103],[23.2692],[22.3442],[21.6462],[21.0795],[20.6833],[20.6391],[20.9282],[21.3962],[22.1679],[23.7077],[26.0673],[28.275],[29.0173],[28.0026],[16.8327],[18.1147],[19.1808],[20.0256],[20.8487],[21.7641],[22.6551],[23.4487],[24.3474],[25.4846],[26.4923],[26.7122],[25.9782],[24.8769],[24.0827],[23.6154],[23.1],[22.4974],[22.2308],[22.4904],[22.9372],[23.3308],[24.1006],[25.7724],[27.9756],[29.475],[29.4282],[19.7949],[21.0673],[21.9667],[22.4782],[22.9385],[23.6154],[24.4474],[25.2385],[26.0218],[26.9026],[27.5833],[27.5327],[26.6968],[25.7481],[25.2987],[25.1795],[24.8135],[24.15],[23.809],[24.166],[24.7468],[24.9654],[25.0038],[25.65],[27.1436],[28.6904],[29.3449],[21.7782],[22.7846],[23.459],[23.7821],[24.0994],[24.6897],[25.434],[26.0551],[26.5122],[26.95],[27.2994],[27.2436],[26.7558],[26.3038],[26.2904],[26.4724],[26.3045],[25.7885],[25.5301],[25.9327],[26.5917],[26.8532],[26.6859],[26.6891],[27.2321],[27.9372],[28.2192],[22.3218],[22.9686],[23.3865],[23.5987],[23.8308],[24.2788],[24.8314],[25.2378],[25.4462],[25.6423],[25.9436],[26.2077],[26.3654],[26.5256],[26.8077],[27.0462],[27.0115],[26.7654],[26.6295],[26.7788],[27.0513],[27.2628],[27.4346],[27.7045],[27.9532],[27.8346],[27.1532]]},{"header":{"disciplineName":["Meteorological products"],"parameterCategory":[2],"parameterCategoryName":["u-component of wind"],"parameterNumberName":["u-component of wind"],"parameterNumber":[2],"parameterUnits":["m s-1"],"refTime":["2017-03-17T0000:00.000Z"],"numberPoints":[621],"nx":[27],"ny":[23],"lo1":[-20],"la1":[70],"lo2":[45],"la2":[45],"dx":[2.5],"dy":[2.5]},"data":[[1.4109],[1.6231],[1.8122],[1.9859],[2.1603],[2.341],[2.5679],[2.8404],[3.1628],[3.5167],[3.8705],[4.1942],[4.4481],[4.6269],[4.7128],[4.734],[4.7135],[4.6936],[4.691],[4.7282],[4.7936],[4.8699],[4.9321],[4.9417],[4.8936],[4.7891],[4.6288],[1.2115],[1.6558],[2.041],[2.3538],[2.6167],[2.8558],[3.109],[3.4103],[3.7712],[4.1692],[4.5769],[4.9321],[5.1994],[5.3231],[5.3179],[5.2064],[5.0385],[4.875],[4.766],[4.7314],[4.7782],[4.8731],[4.9769],[5.0571],[5.0808],[5.0513],[4.9994],[1.9699],[2.5006],[2.9571],[3.3167],[3.5962],[3.8192],[4.0321],[4.2705],[4.5462],[4.8635],[5.1897],[5.4686],[5.6372],[5.6692],[5.5577],[5.3385],[5.059],[4.8103],[4.6237],[4.5494],[4.5814],[4.6853],[4.8327],[4.966],[5.0744],[5.1494],[5.2256],[3.3147],[3.6538],[3.9385],[4.1795],[4.3641],[4.4904],[4.5891],[4.6686],[4.7558],[4.8603],[4.9603],[5.0404],[5.0526],[4.9923],[4.8571],[4.6827],[4.5],[4.366],[4.2994],[4.3199],[4.4103],[4.5603],[4.7372],[4.9205],[5.1],[5.291],[5.4891],[4.7199],[4.6353],[4.5769],[4.5686],[4.5833],[4.5968],[4.5904],[4.5365],[4.4506],[4.35],[4.2372],[4.1199],[4.0026],[3.8955],[3.8186],[3.7878],[3.8327],[3.9487],[4.1128],[4.2929],[4.4801],[4.6551],[4.8301],[5.0276],[5.2526],[5.5192],[5.8147],[5.8955],[5.3923],[4.9737],[4.6878],[4.5295],[4.4244],[4.3288],[4.2173],[4.0859],[3.9532],[3.8186],[3.6795],[3.5481],[3.4295],[3.3795],[3.4186],[3.5583],[3.7808],[4.0397],[4.2737],[4.4577],[4.6115],[4.7609],[4.9564],[5.2308],[5.5635],[5.9532],[6.6994],[5.9853],[5.3551],[4.8577],[4.5038],[4.2442],[4.0353],[3.8756],[3.7801],[3.7545],[3.784],[3.8147],[3.809],[3.7378],[3.6417],[3.5718],[3.5622],[3.6064],[3.6865],[3.7596],[3.8282],[3.9205],[4.0737],[4.3179],[4.6673],[5.0795],[5.5295],[7.0083],[6.3051],[5.641],[5.0769],[4.6071],[4.1987],[3.8506],[3.5788],[3.4385],[3.4615],[3.6045],[3.7949],[3.9327],[3.9571],[3.8577],[3.6769],[3.4532],[3.2224],[2.9923],[2.8071],[2.7019],[2.7378],[2.9301],[3.2474],[3.6429],[4.0577],[4.4853],[6.809],[6.1801],[5.6071],[5.1186],[4.7103],[4.3237],[3.941],[3.5827],[3.3026],[3.1455],[3.125],[3.2058],[3.3224],[3.4064],[3.4212],[3.3327],[3.1282],[2.8103],[2.4135],[2.0468],[1.825],[1.8237],[2.0397],[2.3782],[2.7135],[2.9955],[3.2506],[6.2276],[5.6385],[5.1712],[4.8237],[4.5878],[4.4026],[4.1981],[3.9391],[3.5891],[3.1897],[2.8006],[2.5013],[2.3571],[2.3628],[2.4974],[2.6308],[2.6545],[2.4891],[2.1705],[1.8231],[1.6096],[1.6378],[1.8641],[2.1615],[2.3705],[2.4545],[2.491],[5.425],[4.9019],[4.5122],[4.2417],[4.0949],[4.0865],[4.1737],[4.2199],[4.0968],[3.716],[3.1346],[2.5051],[2.0327],[1.825],[1.8699],[2.0442],[2.1724],[2.1571],[2.0019],[1.8167],[1.7622],[1.9032],[2.1724],[2.4333],[2.5526],[2.5391],[2.5026],[4.5955],[4.2795],[3.9923],[3.6974],[3.4981],[3.5186],[3.8199],[4.2654],[4.5904],[4.5865],[4.2141],[3.6301],[3.05],[2.6256],[2.3833],[2.2622],[2.1647],[2.0513],[1.9494],[1.9365],[2.075],[2.3474],[2.6462],[2.8519],[2.9244],[2.9385],[3.0192],[3.9609],[3.9346],[3.8353],[3.5987],[3.3846],[3.4321],[3.8494],[4.5301],[5.1968],[5.5878],[5.6115],[5.3801],[5.0103],[4.6032],[4.1724],[3.7135],[3.2769],[2.9269],[2.7455],[2.7679],[2.9596],[3.2141],[3.4013],[3.466],[3.4551],[3.5077],[3.7103],[3.4942],[3.6833],[3.8372],[3.8968],[3.9635],[4.2032],[4.6897],[5.3038],[5.8513],[6.1955],[6.3718],[6.4654],[6.5154],[6.4641],[6.2436],[5.866],[5.4224],[5.0423],[4.8064],[4.7147],[4.7128],[4.7282],[4.6808],[4.5705],[4.4609],[4.4724],[4.6256],[2.9282],[3.2186],[3.6481],[4.1609],[4.6949],[5.2199],[5.6583],[5.9006],[5.8949],[5.7782],[5.7615],[6.0058],[6.459],[6.9282],[7.2603],[7.4167],[7.4385],[7.3641],[7.1929],[6.9353],[6.6365],[6.3679],[6.1519],[6.0141],[5.9481],[5.9519],[5.934],[2.2135],[2.7109],[3.4718],[4.3673],[5.1872],[5.7494],[5.8994],[5.6321],[5.084],[4.5654],[4.4096],[4.7404],[5.4141],[6.2],[6.9359],[7.5641],[8.0731],[8.3583],[8.3167],[7.9904],[7.5615],[7.2442],[7.109],[7.141],[7.2494],[7.3308],[7.2417],[2.025],[2.9596],[4.0821],[5.1442],[5.8468],[6.0385],[5.7205],[5.0853],[4.4058],[3.9923],[4.0064],[4.425],[5.0449],[5.6442],[6.1891],[6.7199],[7.2205],[7.5526],[7.5853],[7.375],[7.1622],[7.1186],[7.2218],[7.3622],[7.4885],[7.5833],[7.5788],[3.1564],[4.4776],[5.7449],[6.6468],[6.9558],[6.6519],[5.9808],[5.3103],[4.9212],[4.9051],[5.1692],[5.5301],[5.7635],[5.7936],[5.7071],[5.6615],[5.7019],[5.7538],[5.7692],[5.8378],[6.0942],[6.4853],[6.7673],[6.7429],[6.5058],[6.3205],[6.3628],[5.3045],[6.475],[7.3141],[7.6949],[7.5519],[7.0019],[6.3532],[5.9423],[5.8897],[6.0705],[6.2404],[6.2256],[5.9603],[5.4859],[4.9404],[4.4583],[4.1199],[3.9218],[3.9391],[4.2904],[4.9545],[5.6481],[5.9423],[5.6167],[4.8776],[4.2167],[4.0186],[6.7359],[7.1378],[7.0462],[6.6782],[6.209],[5.7436],[5.4064],[5.2987],[5.3468],[5.3391],[5.1],[4.6404],[4.0865],[3.5596],[3.1224],[2.7833],[2.5481],[2.4224],[2.5295],[2.9731],[3.684],[4.3333],[4.5288],[4.084],[3.1692],[2.1609],[1.4603],[5.5468],[5.1756],[4.2596],[3.3596],[2.8019],[2.5679],[2.5167],[2.5404],[2.4846],[2.2333],[1.7571],[1.2147],[0.7891],[0.5955],[0.6391],[0.8314],[1.0622],[1.2481],[1.4468],[1.7603],[2.1462],[2.4109],[2.3936],[2.0603],[1.4045],[0.4],[-0.8019],[1.3545],[0.8103],[-0.1545],[-0.9558],[-1.3128],[-1.3647],[-1.3724],[-1.4442],[-1.5923],[-1.7853],[-1.9904],[-2.1224],[-2.1244],[-1.9173],[-1.4654],[-0.8064],[-0.15],[0.2962],[0.5038],[0.5994],[0.6051],[0.4372],[0.1276],[-0.1859],[-0.5346],[-1.3141],[-2.6865],[-4.3763],[-4.5282],[-4.8346],[-4.9897],[-4.9564],[-4.9487],[-5.109],[-5.3532],[-5.4641],[-5.3295],[-4.9718],[-4.5205],[-4.091],[-3.641],[-2.9878],[-2.1135],[-1.2814],[-0.8083],[-0.7026],[-0.7147],[-0.7737],[-1.0571],[-1.5904],[-2.0808],[-2.4019],[-2.8987],[-3.9526]]},{"header":{"disciplineName":["Meteorological products"],"parameterCategory":[2],"parameterCategoryName":["v-component of wind"],"parameterNumberName":["v-component of wind"],"parameterNumber":[3],"parameterUnits":["m s-1"],"refTime":["2017-03-17T0000:00.000Z"],"numberPoints":[621],"nx":[27],"ny":[23],"lo1":[-20],"la1":[70],"lo2":[45],"la2":[45],"dx":[2.5],"dy":[2.5]},"data":[[-0.359],[-0.1474],[0.1404],[0.4776],[0.8474],[1.234],[1.609],[1.9526],[2.2128],[2.3615],[2.3885],[2.2878],[2.0628],[1.7526],[1.4],[1.0103],[0.6288],[0.2494],[-0.125],[-0.5013],[-0.9071],[-1.3231],[-1.7513],[-2.1596],[-2.5167],[-2.7987],[-2.9801],[0.5635],[0.7859],[1.0192],[1.259],[1.5359],[1.8558],[2.1968],[2.5327],[2.8032],[2.9654],[2.9692],[2.8019],[2.4769],[2.0295],[1.5321],[1.0321],[0.5763],[0.1801],[-0.175],[-0.5019],[-0.8321],[-1.1885],[-1.5692],[-1.9532],[-2.3083],[-2.5795],[-2.7558],[1.7212],[1.8718],[1.9731],[2.059],[2.1846],[2.3699],[2.6256],[2.9058],[3.1385],[3.259],[3.2026],[2.9269],[2.4724],[1.8718],[1.2167],[0.6006],[0.0712],[-0.3301],[-0.6141],[-0.8026],[-0.9538],[-1.1103],[-1.291],[-1.5045],[-1.7295],[-1.9327],[-2.0641],[2.4244],[2.4731],[2.4686],[2.4744],[2.5122],[2.6231],[2.7891],[2.9942],[3.1545],[3.2006],[3.0897],[2.7654],[2.2615],[1.6141],[0.934],[0.284],[-0.2596],[-0.6571],[-0.8923],[-0.9865],[-0.9872],[-0.9378],[-0.8904],[-0.8897],[-0.9513],[-1.0564],[-1.1801],[2.3615],[2.35],[2.3801],[2.4487],[2.5615],[2.684],[2.8051],[2.909],[2.9583],[2.9096],[2.741],[2.425],[2.0032],[1.4949],[0.9712],[0.4635],[0.0122],[-0.3628],[-0.6237],[-0.7596],[-0.7622],[-0.6487],[-0.4846],[-0.3429],[-0.2904],[-0.3474],[-0.5019],[1.7],[1.6878],[1.8429],[2.0962],[2.3647],[2.5782],[2.6897],[2.7147],[2.6474],[2.4929],[2.2615],[1.959],[1.641],[1.3353],[1.0577],[0.8013],[0.534],[0.2372],[-0.0538],[-0.2827],[-0.3737],[-0.3071],[-0.1333],[0.0603],[0.1673],[0.1256],[-0.0506],[0.7359],[0.7013],[0.9635],[1.3929],[1.8404],[2.1859],[2.3744],[2.4256],[2.3603],[2.1994],[1.9462],[1.6128],[1.2769],[1.0045],[0.8429],[0.7558],[0.6737],[0.5115],[0.2949],[0.0891],[-0.0013],[0.0788],[0.2929],[0.525],[0.6647],[0.6519],[0.4981],[-0.3436],[-0.4596],[-0.1577],[0.4122],[1.0295],[1.534],[1.8795],[2.1038],[2.2276],[2.2333],[2.0545],[1.6853],[1.2122],[0.7705],[0.491],[0.3699],[0.3314],[0.2744],[0.1885],[0.1359],[0.225],[0.4801],[0.8282],[1.1391],[1.3231],[1.3321],[1.234],[-1.4167],[-1.6045],[-1.259],[-0.5564],[0.2231],[0.8827],[1.366],[1.7532],[2.0968],[2.3269],[2.3167],[1.991],[1.4385],[0.8506],[0.3923],[0.1321],[-0.0083],[-0.1103],[-0.1737],[-0.1038],[0.2038],[0.709],[1.2468],[1.6519],[1.8397],[1.8474],[1.7994],[-2.3314],[-2.5077],[-2.0788],[-1.2237],[-0.2987],[0.4372],[0.9231],[1.2917],[1.6442],[1.9385],[2.0596],[1.8647],[1.4449],[0.9506],[0.5615],[0.2827],[0.0333],[-0.2506],[-0.4731],[-0.441],[-0.0269],[0.6782],[1.3955],[1.8705],[2.0308],[2.0115],[1.9814],[-2.9795],[-3.0776],[-2.5609],[-1.6038],[-0.5865],[0.1846],[0.6122],[0.834],[0.9885],[1.1365],[1.1776],[1.0609],[0.8468],[0.6596],[0.5776],[0.4994],[0.2577],[-0.1705],[-0.5859],[-0.6615],[-0.2077],[0.6301],[1.475],[1.9994],[2.1506],[2.1282],[2.1506],[-3.3455],[-3.3667],[-2.8647],[-1.9115],[-0.8122],[0.091],[0.6359],[0.8417],[0.8308],[0.6891],[0.45],[0.1744],[-0.0224],[-0.0237],[0.1308],[0.2526],[0.1237],[-0.2763],[-0.6712],[-0.6801],[-0.116],[0.834],[1.7545],[2.2962],[2.4692],[2.5179],[2.6564],[-3.4821],[-3.5128],[-3.1006],[-2.1923],[-0.9673],[0.2481],[1.1481],[1.5724],[1.5103],[1.0827],[0.4615],[-0.1513],[-0.5756],[-0.7263],[-0.6622],[-0.5814],[-0.6526],[-0.8615],[-0.9641],[-0.6609],[0.1449],[1.1974],[2.0994],[2.6212],[2.8314],[2.9936],[3.2288],[-3.5199],[-3.5853],[-3.2173],[-2.2615],[-0.8263],[0.741],[1.9865],[2.5654],[2.4013],[1.7026],[0.7897],[-0.0391],[-0.6628],[-1.0615],[-1.3282],[-1.5391],[-1.7077],[-1.7564],[-1.5058],[-0.8212],[0.2141],[1.3346],[2.2064],[2.7147],[2.9872],[3.2135],[3.4071],[-3.5231],[-3.5378],[-3.0276],[-1.8769],[-0.2558],[1.4468],[2.6788],[3.0564],[2.5878],[1.6564],[0.7231],[0.0468],[-0.4321],[-0.8891],[-1.416],[-1.9462],[-2.3237],[-2.384],[-2.034],[-1.2468],[-0.1468],[1.0231],[2.0038],[2.6936],[3.1045],[3.2737],[3.1365],[-3.3692],[-3.1051],[-2.2897],[-0.9712],[0.6218],[2.0583],[2.8481],[2.7577],[1.975],[1.025],[0.3853],[0.1519],[0.0205],[-0.316],[-0.9256],[-1.6083],[-2.1263],[-2.3673],[-2.2904],[-1.8103],[-0.8833],[0.3859],[1.7308],[2.8583],[3.5218],[3.5231],[2.7853],[-2.6833],[-2.0103],[-0.9538],[0.2853],[1.4519],[2.2462],[2.4359],[2.0045],[1.2731],[0.6904],[0.5327],[0.6558],[0.6442],[0.2468],[-0.4026],[-1.0263],[-1.509],[-1.9449],[-2.3263],[-2.3692],[-1.7071],[-0.2776],[1.5404],[3.1788],[4.0955],[3.9045],[2.5776],[-1.3519],[-0.3679],[0.6724],[1.4897],[1.9288],[1.9596],[1.666],[1.2622],[0.9962],[1.0513],[1.3224],[1.434],[1.0833],[0.316],[-0.4494],[-0.9109],[-1.191],[-1.6603],[-2.3442],[-2.7269],[-2.1692],[-0.5718],[1.5282],[3.3545],[4.3154],[4.0436],[2.4782],[0.2865],[1.2244],[1.9577],[2.2628],[2.0917],[1.5788],[1.0474],[0.8558],[1.1141],[1.6667],[2.0622],[1.8827],[1.0167],[-0.1244],[-0.9782],[-1.2872],[-1.3756],[-1.7244],[-2.3353],[-2.5788],[-1.809],[-0.1032],[1.8359],[3.2968],[3.9699],[3.7308],[2.4135],[1.6853],[2.1353],[2.4494],[2.5154],[2.2295],[1.6449],[1.1038],[1.0006],[1.3962],[1.9782],[2.1865],[1.6968],[0.6308],[-0.5205],[-1.2731],[-1.5276],[-1.584],[-1.7974],[-2.0494],[-1.7846],[-0.65],[1.0032],[2.3923],[3.0756],[3.2359],[3.0724],[2.2692],[2.5218],[2.2494],[2.1788],[2.3231],[2.3962],[2.1385],[1.7077],[1.4756],[1.6032],[1.8263],[1.7167],[1.1532],[0.3455],[-0.375],[-0.8603],[-1.1449],[-1.3442],[-1.4647],[-1.3385],[-0.6917],[0.4968],[1.7686],[2.4865],[2.4949],[2.2442],[2.1083],[1.6981],[2.7154],[1.8256],[1.4442],[1.7013],[2.1391],[2.2173],[1.8737],[1.4564],[1.2564],[1.1449],[0.8673],[0.4673],[0.1558],[0.0173],[-0.1538],[-0.4808],[-0.8077],[-0.8609],[-0.5737],[-0.0449],[0.5853],[1.1378],[1.3808],[1.2615],[1.0263],[0.8699],[0.5167],[2.2603],[1.1032],[0.4462],[0.5103],[0.909],[1.0442],[0.7192],[0.2519],[-0.0237],[-0.1571],[-0.3295],[-0.4801],[-0.3731],[-0.0865],[-0.0327],[-0.3462],[-0.6827],[-0.6654],[-0.4256],[-0.3801],[-0.6218],[-0.7974],[-0.6288],[-0.2923],[-0.1429],[-0.3436],[-0.9532]]}]