html/data/WT_pct09_ind_wt_3_2.json
[{"header":{"disciplineName":["Meteorological products"],"parameterCategory":[0],"parameterCategoryName":["Temperature"],"parameterNumberName":["Temperature"],"parameterNumber":[0],"parameterUnits":["K"],"refTime":["2017-03-17T0000:00.000Z"],"numberPoints":[621],"nx":[27],"ny":[23],"lo1":[-20],"la1":[70],"lo2":[45],"la2":[45],"dx":[2.5],"dy":[2.5]},"data":[[-14.9576],[-14.0374],[-13.1155],[-12.229],[-11.408],[-10.6937],[-10.0954],[-9.6349],[-9.2979],[-9.0761],[-8.9483],[-8.8962],[-8.8895],[-8.9265],[-8.9853],[-9.0584],[-9.1475],[-9.2458],[-9.3458],[-9.45],[-9.5618],[-9.6769],[-9.8013],[-9.9441],[-10.1147],[-10.3147],[-10.571],[-11.1962],[-10.5996],[-10.0324],[-9.487],[-8.9912],[-8.5525],[-8.2088],[-7.9273],[-7.7424],[-7.6525],[-7.6155],[-7.6433],[-7.7164],[-7.8214],[-7.9542],[-8.1155],[-8.2895],[-8.4727],[-8.6634],[-8.8424],[-9.0097],[-9.1441],[-9.2735],[-9.3878],[-9.5122],[-9.6676],[-9.8702],[-7.5357],[-7.3458],[-7.1819],[-7.0013],[-6.8206],[-6.6374],[-6.4685],[-6.3567],[-6.3038],[-6.3164],[-6.3912],[-6.5181],[-6.6887],[-6.8987],[-7.1324],[-7.3811],[-7.6441],[-7.9113],[-8.1718],[-8.408],[-8.6155],[-8.766],[-8.8786],[-8.9668],[-9.0508],[-9.1534],[-9.3055],[-5.1307],[-5.1735],[-5.2155],[-5.2164],[-5.1845],[-5.1366],[-5.0979],[-5.0912],[-5.1508],[-5.2777],[-5.471],[-5.7105],[-5.9769],[-6.2609],[-6.55],[-6.8265],[-7.1004],[-7.3718],[-7.6231],[-7.85],[-8.0391],[-8.1828],[-8.2878],[-8.3676],[-8.4492],[-8.5374],[-8.6702],[-4.0534],[-4.0332],[-3.9996],[-3.9803],[-3.9559],[-3.9542],[-3.9895],[-4.0803],[-4.2324],[-4.4542],[-4.7374],[-5.0492],[-5.3727],[-5.6769],[-5.9559],[-6.2088],[-6.45],[-6.692],[-6.929],[-7.1542],[-7.3458],[-7.4971],[-7.6223],[-7.708],[-7.7979],[-7.8878],[-8.0046],[-3.3307],[-3.1105],[-2.945],[-2.8508],[-2.8256],[-2.8853],[-2.9895],[-3.1357],[-3.329],[-3.5803],[-3.8693],[-4.1954],[-4.5357],[-4.8357],[-5.1046],[-5.3542],[-5.6046],[-5.8945],[-6.2055],[-6.4971],[-6.7601],[-6.9592],[-7.0979],[-7.192],[-7.2685],[-7.3189],[-7.3567],[-2.2382],[-1.9626],[-1.7853],[-1.7391],[-1.8071],[-1.9441],[-2.092],[-2.234],[-2.3853],[-2.5786],[-2.8525],[-3.1895],[-3.55],[-3.8878],[-4.1895],[-4.4693],[-4.7811],[-5.1525],[-5.5634],[-5.9525],[-6.2618],[-6.4609],[-6.5702],[-6.6265],[-6.6592],[-6.6735],[-6.6408],[-0.8929],[-0.7399],[-0.6996],[-0.766],[-0.9223],[-1.1029],[-1.2492],[-1.3273],[-1.4097],[-1.5668],[-1.8584],[-2.2794],[-2.7441],[-3.1735],[-3.5147],[-3.8231],[-4.1534],[-4.5475],[-4.9525],[-5.3013],[-5.5197],[-5.5853],[-5.5702],[-5.5517],[-5.5685],[-5.5962],[-5.5777],[0.3945],[0.3895],[0.3525],[0.2626],[0.1298],[-0.0197],[-0.1256],[-0.1861],[-0.2584],[-0.4626],[-0.8441],[-1.3903],[-1.9803],[-2.4954],[-2.8794],[-3.1971],[-3.5231],[-3.8811],[-4.2172],[-4.4038],[-4.3777],[-4.1912],[-3.9634],[-3.8609],[-3.8878],[-3.9836],[-4.0391],[1.6693],[1.6298],[1.6433],[1.671],[1.645],[1.5584],[1.4458],[1.329],[1.1685],[0.8887],[0.4382],[-0.145],[-0.7576],[-1.2996],[-1.7315],[-2.1324],[-2.5542],[-2.9761],[-3.2769],[-3.3122],[-3.0298],[-2.5634],[-2.1433],[-1.9391],[-1.9803],[-2.1181],[-2.1912],[3.0525],[3.0466],[3.166],[3.313],[3.3803],[3.3139],[3.1349],[2.9021],[2.6492],[2.3349],[1.9357],[1.4601],[0.9517],[0.4559],[-0.034],[-0.5861],[-1.2021],[-1.7752],[-2.1206],[-2.0634],[-1.6013],[-0.929],[-0.3626],[-0.1013],[-0.1508],[-0.3181],[-0.3845],[4.371],[4.3954],[4.5357],[4.6954],[4.7702],[4.692],[4.4735],[4.1845],[3.8945],[3.6013],[3.3055],[2.9811],[2.6181],[2.1853],[1.6508],[0.9912],[0.2912],[-0.2945],[-0.5752],[-0.4147],[0.1466],[0.8735],[1.471],[1.7256],[1.6433],[1.4492],[1.3366],[5.4307],[5.4878],[5.5794],[5.6819],[5.7349],[5.6929],[5.5534],[5.3366],[5.0668],[4.7676],[4.4634],[4.1769],[3.8601],[3.4668],[2.9508],[2.355],[1.8071],[1.4668],[1.4256],[1.7181],[2.2702],[2.9197],[3.4559],[3.6987],[3.634],[3.4542],[3.3357],[6.3408],[6.4508],[6.5197],[6.6055],[6.7214],[6.8466],[6.9046],[6.8181],[6.5576],[6.1534],[5.7105],[5.3071],[4.9534],[4.5676],[4.1181],[3.6828],[3.4147],[3.3929],[3.5777],[3.8878],[4.2945],[4.8004],[5.3307],[5.713],[5.8307],[5.8214],[5.8819],[7.2466],[7.4055],[7.5366],[7.7576],[8.0845],[8.4567],[8.7155],[8.7122],[8.3803],[7.8147],[7.2004],[6.6836],[6.2887],[5.9239],[5.5399],[5.2189],[5.1029],[5.2181],[5.4298],[5.5971],[5.8046],[6.2668],[7.0105],[7.7584],[8.1786],[8.3282],[8.5878],[8.0676],[8.2727],[8.5761],[9.0626],[9.6828],[10.2643],[10.5937],[10.5408],[10.0987],[9.4391],[8.7811],[8.2744],[7.9265],[7.6155],[7.2626],[6.9399],[6.8113],[6.8954],[7.0197],[7.0735],[7.2248],[7.8349],[8.9811],[10.1878],[10.7962],[10.7508],[10.7492],[8.7475],[9.0584],[9.5887],[10.35],[11.1693],[11.8197],[12.087],[11.929],[11.471],[10.9206],[10.455],[10.1231],[9.8567],[9.571],[9.2214],[8.8718],[8.6845],[8.7147],[8.8567],[8.9845],[9.2542],[10.0828],[11.5786],[13.1223],[13.7559],[13.1912],[12.3239],[9.5576],[10.087],[10.8038],[11.6433],[12.4408],[12.9861],[13.1567],[13.013],[12.7592],[12.5971],[12.5357],[12.4441],[12.213],[11.8651],[11.4937],[11.1382],[10.8979],[10.8853],[11.0929],[11.392],[11.7819],[12.6055],[14.0954],[15.8097],[16.6315],[15.8794],[14.2172],[10.8803],[11.6542],[12.4282],[13.1038],[13.6483],[14.0147],[14.1761],[14.2172],[14.3508],[14.6903],[15.0626],[15.1349],[14.8197],[14.3399],[13.945],[13.6282],[13.3282],[13.1466],[13.2727],[13.624],[13.9937],[14.5139],[15.6231],[17.3441],[18.7391],[18.6735],[17.1197],[12.8004],[13.7315],[14.4349],[14.8475],[15.1046],[15.3391],[15.5777],[15.845],[16.2752],[16.913],[17.4836],[17.5324],[17.0239],[16.4088],[16.1105],[15.9979],[15.6979],[15.255],[15.1013],[15.3954],[15.7441],[15.9475],[16.5063],[17.9845],[19.9298],[20.9735],[20.3256],[15.1256],[16.0676],[16.6887],[16.9416],[17.0475],[17.255],[17.5727],[17.9147],[18.3298],[18.8895],[19.3197],[19.1853],[18.4903],[17.8592],[17.8408],[18.1475],[18.0744],[17.492],[17.0878],[17.3357],[17.8803],[18.1063],[18.2492],[19.1332],[20.8508],[22.2979],[22.3248],[17.5155],[18.3828],[18.9702],[19.2164],[19.3483],[19.5752],[19.8962],[20.1609],[20.355],[20.6122],[20.7693],[20.4819],[19.7761],[19.2912],[19.6139],[20.4147],[20.7761],[20.329],[19.8055],[20.0013],[20.787],[21.3508],[21.4029],[21.5626],[22.2508],[22.9013],[22.6021],[19.4391],[20.1718],[20.7307],[21.0466],[21.2441],[21.4777],[21.7592],[21.9609],[22.0408],[22.0996],[22.1282],[21.9273],[21.4929],[21.2895],[21.7954],[22.8189],[23.5265],[23.3676],[22.829],[22.7937],[23.4929],[24.2887],[24.5483],[24.3542],[24.0349],[23.4819],[22.3029]]},{"header":{"disciplineName":["Meteorological products"],"parameterCategory":[2],"parameterCategoryName":["u-component of wind"],"parameterNumberName":["u-component of wind"],"parameterNumber":[2],"parameterUnits":["m s-1"],"refTime":["2017-03-17T0000:00.000Z"],"numberPoints":[621],"nx":[27],"ny":[23],"lo1":[-20],"la1":[70],"lo2":[45],"la2":[45],"dx":[2.5],"dy":[2.5]},"data":[[2.3345],[2.795],[3.1697],[3.4538],[3.6597],[3.816],[3.9555],[4.116],[4.3134],[4.5437],[4.7992],[5.0655],[5.3017],[5.5118],[5.6714],[5.7908],[5.8773],[5.9529],[6.0227],[6.1101],[6.195],[6.2697],[6.3176],[6.3361],[6.3227],[6.2899],[6.2462],[2.8739],[3.5882],[4.1059],[4.4202],[4.5681],[4.6059],[4.6143],[4.6538],[4.763],[4.9513],[5.2151],[5.5084],[5.7765],[5.9874],[6.1101],[6.1588],[6.1496],[6.121],[6.116],[6.1353],[6.1933],[6.2815],[6.3571],[6.4176],[6.4387],[6.4336],[6.4185],[4.2555],[4.8672],[5.2714],[5.4748],[5.5311],[5.5008],[5.4513],[5.4429],[5.5261],[5.7034],[5.9471],[6.2008],[6.4076],[6.5101],[6.4899],[6.358],[6.1521],[5.9445],[5.7933],[5.7353],[5.7731],[5.9034],[6.079],[6.258],[6.4227],[6.5605],[6.6798],[6.1504],[6.3689],[6.4975],[6.5479],[6.5437],[6.4908],[6.4261],[6.3588],[6.3227],[6.3101],[6.3286],[6.3479],[6.3252],[6.2202],[6.0429],[5.8076],[5.5353],[5.3118],[5.1765],[5.1689],[5.2739],[5.4798],[5.7395],[6.0168],[6.2824],[6.5261],[6.7538],[8.1168],[7.9933],[7.9084],[7.8756],[7.8496],[7.7882],[7.6345],[7.384],[7.0454],[6.6597],[6.2571],[5.8798],[5.5286],[5.2118],[4.9597],[4.7706],[4.6613],[4.6462],[4.7235],[4.884],[5.0958],[5.3471],[5.6084],[5.8479],[6.0916],[6.3126],[6.5454],[9.8571],[9.6151],[9.4454],[9.3605],[9.2807],[9.1176],[8.8193],[8.3664],[7.7899],[7.1353],[6.4798],[5.8479],[5.3025],[4.8513],[4.5336],[4.3681],[4.3555],[4.4513],[4.6294],[4.8412],[5.0479],[5.2454],[5.4336],[5.6109],[5.7958],[5.9975],[6.2286],[11.1345],[10.8529],[10.5815],[10.3395],[10.0706],[9.7487],[9.3353],[8.858],[8.3529],[7.8496],[7.3672],[6.8807],[6.3748],[5.8832],[5.442],[5.0882],[4.8471],[4.7034],[4.6084],[4.5529],[4.537],[4.5882],[4.7294],[4.9487],[5.2193],[5.5109],[5.8042],[11.7756],[11.3101],[10.8101],[10.3134],[9.8437],[9.3933],[8.9832],[8.6294],[8.3756],[8.1924],[8.0387],[7.8277],[7.5017],[7.0496],[6.5176],[5.9664],[5.4294],[4.9],[4.4008],[3.9538],[3.6345],[3.5319],[3.6697],[4.0067],[4.4252],[4.8143],[5.1193],[11.6664],[10.9824],[10.2924],[9.6798],[9.1681],[8.7345],[8.3765],[8.0555],[7.7815],[7.5487],[7.3176],[7.0681],[6.7756],[6.4328],[6.0647],[5.6782],[5.2563],[4.7782],[4.2235],[3.6689],[3.2361],[3.0588],[3.1857],[3.5193],[3.9059],[4.1714],[4.2723],[10.8874],[10.1966],[9.5563],[9.037],[8.6613],[8.3345],[7.9832],[7.5059],[6.8773],[6.1462],[5.3924],[4.7529],[4.3101],[4.0916],[4.0916],[4.221],[4.3639],[4.4126],[4.3084],[4.0874],[3.8479],[3.7202],[3.7714],[3.9277],[4.0563],[4.0143],[3.779],[9.5706],[9.0958],[8.6479],[8.2487],[7.9336],[7.6521],[7.3134],[6.779],[5.979],[4.9681],[3.9151],[3.0361],[2.5017],[2.3571],[2.5521],[2.979],[3.5008],[4.0042],[4.4143],[4.6681],[4.7824],[4.7941],[4.7773],[4.7462],[4.6529],[4.4252],[4.0706],[7.7706],[7.5202],[7.1664],[6.7462],[6.3571],[6.0773],[5.9034],[5.7084],[5.3672],[4.8395],[4.2244],[3.6681],[3.2639],[3.0681],[3.0345],[3.1462],[3.3891],[3.7975],[4.3286],[4.8597],[5.2521],[5.4059],[5.3714],[5.2706],[5.1966],[5.1269],[5.0101],[5.6639],[5.463],[5.1613],[4.7731],[4.463],[4.3882],[4.5773],[4.9487],[5.3395],[5.6412],[5.8076],[5.8412],[5.7328],[5.4731],[5.0731],[4.6395],[4.3244],[4.3059],[4.6378],[5.142],[5.5782],[5.7513],[5.6832],[5.5882],[5.6471],[5.8529],[6.058],[3.6605],[3.479],[3.3983],[3.4034],[3.5748],[3.9479],[4.4866],[5.0916],[5.6975],[6.2622],[6.7807],[7.1924],[7.4193],[7.3773],[7.0815],[6.6328],[6.2261],[6.0403],[6.1353],[6.4168],[6.6487],[6.6496],[6.4571],[6.3076],[6.3849],[6.6387],[6.8429],[2.2983],[2.2605],[2.5378],[3.121],[3.8815],[4.6227],[5.1445],[5.3866],[5.4588],[5.5882],[5.937],[6.5202],[7.1958],[7.8],[8.2303],[8.4681],[8.5622],[8.5571],[8.521],[8.458],[8.3059],[8.0244],[7.6664],[7.4202],[7.416],[7.5395],[7.4874],[1.716],[1.9076],[2.4403],[3.2597],[4.1445],[4.7622],[4.8924],[4.5529],[4.0605],[3.8261],[4.1353],[5.0286],[6.2975],[7.6303],[8.821],[9.7244],[10.2824],[10.4462],[10.2605],[9.842],[9.3303],[8.8109],[8.3622],[8.1286],[8.1622],[8.3076],[8.2269],[1.6101],[2.0126],[2.5496],[3.1521],[3.6277],[3.763],[3.5067],[3.0319],[2.6655],[2.7361],[3.4328],[4.7261],[6.3176],[7.8555],[9.079],[9.963],[10.4639],[10.5739],[10.2824],[9.7101],[9.0647],[8.4866],[8.0563],[7.8992],[8.1092],[8.6134],[9.0235],[1.7445],[2.3294],[2.8319],[3.1807],[3.2714],[3.1],[2.8613],[2.8378],[3.1664],[3.8538],[4.8496],[6.0504],[7.2605],[8.1857],[8.742],[9.0303],[9.2134],[9.2782],[9.1227],[8.7277],[8.2378],[7.7765],[7.4017],[7.2605],[7.5731],[8.4143],[9.4639],[2.4857],[3.1555],[3.6882],[4.0538],[4.163],[4.0773],[4.1454],[4.6487],[5.5311],[6.4504],[7.1345],[7.5773],[7.8328],[7.8723],[7.7126],[7.5899],[7.684],[7.9521],[8.0941],[7.9807],[7.7261],[7.4429],[7.1849],[7.0176],[7.2252],[8.0076],[9.1597],[4.0714],[4.5941],[5.0143],[5.4],[5.6134],[5.6546],[5.8244],[6.4529],[7.358],[8.0218],[8.0958],[7.7294],[7.2479],[6.8126],[6.5025],[6.4655],[6.7916],[7.2824],[7.5639],[7.5168],[7.3462],[7.2613],[7.2076],[7.1244],[7.1462],[7.4622],[7.979],[5.5916],[5.7521],[5.7647],[5.8429],[5.8605],[5.7118],[5.6336],[5.9487],[6.5739],[6.9866],[6.8429],[6.3277],[5.8151],[5.5084],[5.4319],[5.6571],[6.1647],[6.6571],[6.7866],[6.5874],[6.4218],[6.5042],[6.6765],[6.7143],[6.6042],[6.4244],[6.0706],[5.2193],[5.116],[4.7345],[4.3924],[4.095],[3.7076],[3.3731],[3.4059],[3.8126],[4.2261],[4.3353],[4.2134],[4.0832],[4.0227],[4.0605],[4.2899],[4.7168],[5.0622],[5.0647],[4.8765],[4.8588],[5.0882],[5.2697],[5.1966],[4.9277],[4.4664],[3.6437],[2.0059],[1.9462],[1.5891],[1.2235],[1.0059],[0.8261],[0.6798],[0.7193],[1.0227],[1.4269],[1.7462],[1.9697],[2.0597],[1.9924],[1.837],[1.8235],[2.0647],[2.3429],[2.4723],[2.637],[3.0218],[3.4034],[3.3529],[2.842],[2.284],[1.7958],[1.0101]]},{"header":{"disciplineName":["Meteorological products"],"parameterCategory":[2],"parameterCategoryName":["v-component of wind"],"parameterNumberName":["v-component of wind"],"parameterNumber":[3],"parameterUnits":["m s-1"],"refTime":["2017-03-17T0000:00.000Z"],"numberPoints":[621],"nx":[27],"ny":[23],"lo1":[-20],"la1":[70],"lo2":[45],"la2":[45],"dx":[2.5],"dy":[2.5]},"data":[[0.0555],[0.6227],[1.2471],[1.8647],[2.4168],[2.8496],[3.1185],[3.1899],[3.0798],[2.7874],[2.3647],[1.8756],[1.3748],[0.9395],[0.621],[0.4437],[0.3958],[0.4529],[0.5513],[0.6429],[0.6941],[0.6714],[0.5857],[0.4605],[0.3403],[0.2361],[0.1849],[1.7513],[2.0042],[2.2647],[2.5193],[2.7563],[2.9714],[3.1286],[3.1899],[3.1185],[2.9008],[2.5361],[2.0849],[1.6],[1.1622],[0.8303],[0.6571],[0.6261],[0.7109],[0.8252],[0.9109],[0.9101],[0.7941],[0.5933],[0.3546],[0.1454],[0.0311],[0.0294],[3.279],[3.1378],[2.9563],[2.8193],[2.7613],[2.7874],[2.8924],[2.9882],[3.0126],[2.9],[2.6143],[2.1689],[1.6471],[1.1252],[0.7252],[0.4891],[0.4723],[0.6151],[0.8336],[1.0244],[1.1176],[1.0731],[0.9067],[0.6782],[0.4773],[0.3613],[0.3681],[3.8849],[3.5277],[3.1412],[2.821],[2.6143],[2.5445],[2.5765],[2.6613],[2.7008],[2.6134],[2.3437],[1.8975],[1.3378],[0.7815],[0.3437],[0.1193],[0.1471],[0.3857],[0.7437],[1.1126],[1.379],[1.4958],[1.4706],[1.358],[1.2176],[1.1151],[1.0807],[3.6941],[3.4109],[3.121],[2.8395],[2.5849],[2.3748],[2.2092],[2.0899],[1.9639],[1.7966],[1.516],[1.1319],[0.6807],[0.2731],[-0.0042],[-0.0706],[0.0882],[0.4319],[0.8655],[1.2882],[1.6151],[1.8193],[1.8958],[1.8815],[1.8395],[1.7681],[1.7],[3.263],[3.1731],[3.0655],[2.8504],[2.5109],[2.0546],[1.5748],[1.1445],[0.805],[0.5319],[0.2891],[0.0437],[-0.1706],[-0.321],[-0.305],[-0.105],[0.2445],[0.6773],[1.1101],[1.4748],[1.7353],[1.9193],[2.0244],[2.1025],[2.1345],[2.1403],[2.0866],[2.7412],[2.6916],[2.6319],[2.4252],[1.984],[1.3454],[0.658],[0.0773],[-0.3202],[-0.5647],[-0.7319],[-0.8849],[-1.0067],[-1.016],[-0.842],[-0.4731],[0.0328],[0.5639],[1.0345],[1.4059],[1.7],[1.9462],[2.1597],[2.3328],[2.458],[2.5185],[2.4941],[1.9227],[1.7118],[1.6143],[1.4412],[1.0513],[0.4756],[-0.1345],[-0.6134],[-0.8866],[-1.0168],[-1.1471],[-1.3487],[-1.6067],[-1.7756],[-1.7176],[-1.3908],[-0.8454],[-0.2311],[0.3798],[0.9513],[1.5109],[2.0563],[2.5269],[2.8555],[3.0067],[3.005],[2.9345],[0.8252],[0.4378],[0.3908],[0.4202],[0.3059],[-0.0336],[-0.484],[-0.8832],[-1.1067],[-1.2227],[-1.3655],[-1.6437],[-2.0387],[-2.3798],[-2.4958],[-2.3084],[-1.8714],[-1.2647],[-0.5571],[0.2714],[1.2151],[2.1756],[2.9529],[3.3908],[3.4395],[3.2504],[3.0134],[-0.195],[-0.6286],[-0.5286],[-0.1966],[0.005],[-0.1546],[-0.6529],[-1.263],[-1.7597],[-2.0555],[-2.1983],[-2.321],[-2.4866],[-2.6261],[-2.6647],[-2.521],[-2.2277],[-1.7798],[-1.1353],[-0.2286],[0.9521],[2.1899],[3.1622],[3.5832],[3.4336],[2.9739],[2.5655],[-0.8487],[-1.2773],[-1.1118],[-0.6336],[-0.2765],[-0.3941],[-1.0723],[-2.0739],[-3.0042],[-3.5521],[-3.6336],[-3.3756],[-2.9798],[-2.5908],[-2.2597],[-1.9941],[-1.7664],[-1.5076],[-1.0328],[-0.2143],[0.9672],[2.2454],[3.1966],[3.5025],[3.1555],[2.5286],[2.0345],[-1.1487],[-1.6353],[-1.6479],[-1.3],[-0.9345],[-0.9622],[-1.6025],[-2.7126],[-3.8588],[-4.5782],[-4.6521],[-4.1706],[-3.3765],[-2.5714],[-1.9109],[-1.4571],[-1.1706],[-0.9109],[-0.4874],[0.2765],[1.3504],[2.4765],[3.2445],[3.3975],[2.9866],[2.3773],[1.9664],[-1.2496],[-1.8303],[-2.1319],[-2.0059],[-1.6109],[-1.3521],[-1.6042],[-2.4059],[-3.4588],[-4.2807],[-4.5681],[-4.2874],[-3.6311],[-2.8361],[-2.1076],[-1.5168],[-1.042],[-0.5849],[0.0202],[0.8471],[1.8454],[2.7454],[3.2571],[3.2588],[2.8857],[2.458],[2.2319],[-1.3941],[-1.8882],[-2.2311],[-2.1319],[-1.616],[-1.058],[-0.9134],[-1.3908],[-2.2975],[-3.2387],[-3.8588],[-4.0286],[-3.7958],[-3.2849],[-2.6261],[-1.9429],[-1.2798],[-0.6025],[0.1857],[1.0924],[2.0176],[2.7353],[3.0361],[2.9261],[2.6118],[2.3714],[2.3143],[-1.7101],[-1.8521],[-1.8496],[-1.4966],[-0.8664],[-0.3143],[-0.2336],[-0.7655],[-1.6832],[-2.6387],[-3.3429],[-3.6975],[-3.7008],[-3.3782],[-2.795],[-2.1076],[-1.4185],[-0.7429],[-0.0143],[0.8395],[1.6992],[2.3655],[2.6454],[2.5387],[2.2437],[2.0126],[1.9395],[-2.0412],[-1.7168],[-1.2059],[-0.5555],[0.0176],[0.1739],[-0.2571],[-1.121],[-2.0353],[-2.6496],[-2.9084],[-2.9454],[-2.8773],[-2.6798],[-2.3101],[-1.8151],[-1.3378],[-0.921],[-0.4622],[0.1798],[0.9933],[1.7874],[2.3],[2.4025],[2.1647],[1.7689],[1.4185],[-1.9429],[-1.3042],[-0.5252],[0.1731],[0.463],[0.0899],[-0.8571],[-1.9202],[-2.5294],[-2.4261],[-1.8849],[-1.4059],[-1.2966],[-1.4471],[-1.5555],[-1.4672],[-1.2908],[-1.1538],[-0.9983],[-0.6244],[0.0866],[1.0361],[1.9647],[2.5496],[2.5647],[2.0748],[1.342],[-1.1983],[-0.5017],[0.1538],[0.5739],[0.4874],[-0.2235],[-1.3445],[-2.2689],[-2.3756],[-1.5756],[-0.4101],[0.3101],[0.2118],[-0.4521],[-1.0798],[-1.3387],[-1.3252],[-1.3151],[-1.3731],[-1.3008],[-0.8294],[0.1429],[1.4454],[2.6664],[3.2824],[3.0202],[2.0966],[-0.0647],[0.458],[0.7681],[0.8143],[0.4975],[-0.2563],[-1.2193],[-1.8571],[-1.6714],[-0.6681],[0.5126],[1.0689],[0.6975],[-0.1824],[-0.8899],[-1.1176],[-1.0622],[-1.1076],[-1.3496],[-1.5647],[-1.4059],[-0.5824],[0.9227],[2.6992],[4.0286],[4.284],[3.4437],[1.0891],[1.3017],[1.2798],[1.1286],[0.8118],[0.2429],[-0.4622],[-0.9454],[-0.8454],[-0.216],[0.4513],[0.6134],[0.2193],[-0.2966],[-0.4874],[-0.3471],[-0.2361],[-0.4445],[-0.8899],[-1.284],[-1.3025],[-0.6538],[0.8084],[2.8252],[4.5672],[5.1975],[4.4555],[2.1983],[2.0168],[1.7622],[1.5874],[1.4126],[1.0748],[0.5681],[0.1176],[-0.0496],[0.0454],[0.1092],[-0.0311],[-0.1857],[-0.0361],[0.4832],[0.9689],[0.9613],[0.4613],[-0.1563],[-0.5445],[-0.5773],[-0.1092],[1.1084],[2.9487],[4.6059],[5.1143],[4.2017],[3.195],[2.642],[2.1739],[1.963],[1.8765],[1.6756],[1.2958],[0.8891],[0.6118],[0.4361],[0.2395],[0.0613],[0.1807],[0.8269],[1.7588],[2.3126],[2.0832],[1.3454],[0.6748],[0.3126],[0.1639],[0.3252],[1.1815],[2.6924],[3.9958],[4.0496],[2.6899],[3.6193],[2.8235],[2.1403],[1.7563],[1.584],[1.4059],[1.1277],[0.8168],[0.6008],[0.5067],[0.4672],[0.5084],[0.863],[1.6504],[2.5765],[3.0277],[2.721],[2.0176],[1.3983],[0.9126],[0.379],[0.0538],[0.6017],[1.979],[3.0597],[2.6555],[0.8361]]}]