html/data/WT_pct09_ind_wt_12_7.json
[{"header":{"disciplineName":["Meteorological products"],"parameterCategory":[0],"parameterCategoryName":["Temperature"],"parameterNumberName":["Temperature"],"parameterNumber":[0],"parameterUnits":["K"],"refTime":["2017-03-17T0000:00.000Z"],"numberPoints":[621],"nx":[27],"ny":[23],"lo1":[-20],"la1":[70],"lo2":[45],"la2":[45],"dx":[2.5],"dy":[2.5]},"data":[[-13.5547],[-12.85],[-12.2081],[-11.6267],[-11.1035],[-10.6384],[-10.2477],[-9.8942],[-9.6314],[-9.4291],[-9.3244],[-9.2849],[-9.3012],[-9.364],[-9.4616],[-9.5779],[-9.6849],[-9.7895],[-9.8965],[-10.0105],[-10.15],[-10.3221],[-10.5477],[-10.8547],[-11.2267],[-11.6709],[-12.1709],[-10.45],[-10.1267],[-9.8616],[-9.6337],[-9.3895],[-9.1174],[-8.8384],[-8.557],[-8.3151],[-8.1384],[-8.0593],[-8.1012],[-8.2198],[-8.443],[-8.7035],[-8.9779],[-9.2384],[-9.4826],[-9.6733],[-9.843],[-9.9872],[-10.1407],[-10.3105],[-10.536],[-10.8012],[-11.1337],[-11.5314],[-7.4942],[-7.4872],[-7.4872],[-7.4477],[-7.336],[-7.1291],[-6.864],[-6.6081],[-6.4035],[-6.3128],[-6.3593],[-6.55],[-6.8616],[-7.2686],[-7.7105],[-8.1267],[-8.5081],[-8.8291],[-9.0942],[-9.3267],[-9.5314],[-9.7314],[-9.9174],[-10.1337],[-10.3523],[-10.6012],[-10.8826],[-5.4942],[-5.4779],[-5.4128],[-5.2686],[-5.0756],[-4.8291],[-4.6174],[-4.4663],[-4.443],[-4.5709],[-4.8384],[-5.2337],[-5.6965],[-6.1756],[-6.6105],[-6.9663],[-7.2453],[-7.4756],[-7.6895],[-7.9384],[-8.2151],[-8.55],[-8.8756],[-9.2012],[-9.4965],[-9.7593],[-10.0198],[-4.136],[-3.8291],[-3.4872],[-3.1453],[-2.8523],[-2.6756],[-2.6291],[-2.7407],[-2.9965],[-3.3616],[-3.8291],[-4.3128],[-4.7709],[-5.1523],[-5.4198],[-5.5779],[-5.6686],[-5.7384],[-5.8988],[-6.1756],[-6.5919],[-7.1012],[-7.6267],[-8.0919],[-8.4733],[-8.7453],[-8.9709],[-2.664],[-2.1477],[-1.6756],[-1.3174],[-1.1198],[-1.1244],[-1.3151],[-1.6407],[-2.057],[-2.4895],[-2.9221],[-3.3012],[-3.6081],[-3.8174],[-3.943],[-3.9942],[-4.0523],[-4.1849],[-4.4523],[-4.9128],[-5.5221],[-6.1988],[-6.8291],[-7.3105],[-7.6314],[-7.7756],[-7.864],[-0.9151],[-0.5174],[-0.2198],[-0.0756],[-0.0942],[-0.2779],[-0.5779],[-0.9291],[-1.257],[-1.5453],[-1.7733],[-1.9547],[-2.1012],[-2.2407],[-2.364],[-2.5151],[-2.7337],[-3.057],[-3.5547],[-4.2058],[-4.9663],[-5.7058],[-6.3105],[-6.6872],[-6.8198],[-6.7849],[-6.7105],[0.6663],[0.7895],[0.8035],[0.7221],[0.5453],[0.3244],[0.0826],[-0.1616],[-0.3663],[-0.5291],[-0.664],[-0.7709],[-0.8988],[-1.0477],[-1.2337],[-1.4709],[-1.7779],[-2.1709],[-2.7035],[-3.35],[-4.0663],[-4.743],[-5.2919],[-5.6058],[-5.6826],[-5.6128],[-5.5384],[2.0058],[1.9453],[1.7779],[1.5686],[1.3756],[1.1965],[1.0291],[0.8221],[0.5826],[0.3291],[0.0849],[-0.1337],[-0.3151],[-0.4709],[-0.6337],[-0.7895],[-0.9616],[-1.164],[-1.4616],[-1.8709],[-2.4058],[-2.9872],[-3.55],[-3.9663],[-4.2151],[-4.3221],[-4.3849],[3.3616],[3.2221],[2.9616],[2.6965],[2.4756],[2.2988],[2.1035],[1.8337],[1.4826],[1.0919],[0.7523],[0.4872],[0.2942],[0.1895],[0.1058],[0.0337],[-0.0058],[-0.0314],[-0.0965],[-0.2872],[-0.6477],[-1.157],[-1.7547],[-2.3105],[-2.736],[-3.0128],[-3.1593],[4.7779],[4.5221],[4.1407],[3.7523],[3.4221],[3.1709],[2.9174],[2.6291],[2.2965],[1.9965],[1.7826],[1.6384],[1.557],[1.4779],[1.364],[1.2198],[1.0919],[0.9895],[0.9105],[0.7593],[0.4663],[0.0267],[-0.5221],[-1.0267],[-1.4105],[-1.6151],[-1.6942],[5.864],[5.4593],[4.9453],[4.457],[4.057],[3.7291],[3.4686],[3.2291],[3.0733],[3.0198],[3.0523],[3.1128],[3.1151],[2.9965],[2.7733],[2.457],[2.1523],[1.9081],[1.7035],[1.4872],[1.2081],[0.8384],[0.443],[0.1244],[-0.0477],[-0.0593],[0.0058],[6.4453],[6.0012],[5.5128],[5.0919],[4.736],[4.4081],[4.0942],[3.8756],[3.8058],[3.8709],[4.0151],[4.1291],[4.1221],[4.0128],[3.7895],[3.5244],[3.2547],[3.05],[2.8826],[2.6872],[2.4267],[2.0965],[1.7756],[1.5593],[1.5058],[1.5826],[1.7407],[6.8128],[6.4756],[6.1733],[5.9733],[5.75],[5.4174],[5.0105],[4.6523],[4.4733],[4.4453],[4.5035],[4.5267],[4.5593],[4.5826],[4.6267],[4.6547],[4.65],[4.6593],[4.6221],[4.5151],[4.2826],[3.9523],[3.6128],[3.2942],[3.1128],[3.1035],[3.2965],[7.3337],[7.1128],[7.0081],[6.9826],[6.8733],[6.5198],[5.9919],[5.4872],[5.1849],[5.057],[4.9919],[4.9988],[5.136],[5.45],[5.8337],[6.143],[6.3081],[6.35],[6.3337],[6.243],[6.043],[5.7756],[5.4477],[5.05],[4.6384],[4.4128],[4.6221],[7.9779],[7.8221],[7.8105],[7.8942],[7.836],[7.4756],[6.9244],[6.4407],[6.164],[6.0733],[6.0198],[6.0523],[6.3128],[6.8291],[7.4105],[7.7709],[7.8081],[7.6849],[7.536],[7.3872],[7.2709],[7.1756],[7.0547],[6.764],[6.2081],[5.65],[5.7105],[8.5988],[8.5709],[8.6733],[8.8058],[8.757],[8.457],[8.0174],[7.6965],[7.6012],[7.5965],[7.5942],[7.5895],[7.8105],[8.3151],[8.8477],[9.1012],[8.9709],[8.6942],[8.4988],[8.4151],[8.3988],[8.4802],[8.6547],[8.6384],[8.1081],[7.2198],[6.764],[9.3616],[9.5965],[9.8686],[10.0081],[9.9477],[9.7221],[9.4663],[9.3384],[9.3733],[9.4802],[9.4756],[9.3779],[9.4128],[9.6919],[10.0384],[10.136],[9.936],[9.7105],[9.6872],[9.8151],[9.9035],[10.0128],[10.3523],[10.6988],[10.4733],[9.4872],[8.4616],[10.5919],[11.1407],[11.5081],[11.5849],[11.464],[11.3291],[11.2337],[11.25],[11.3663],[11.5221],[11.5872],[11.4267],[11.2198],[11.1826],[11.2872],[11.243],[10.9523],[10.743],[10.9128],[11.3128],[11.543],[11.6105],[11.9523],[12.643],[13.0453],[12.5128],[11.3174],[12.3849],[13.1105],[13.4709],[13.4151],[13.2151],[13.1709],[13.2337],[13.3035],[13.4105],[13.6081],[13.743],[13.5849],[13.1826],[12.8965],[12.8174],[12.6407],[12.164],[11.7198],[11.836],[12.4291],[12.936],[13.1058],[13.4174],[14.343],[15.4058],[15.636],[14.7523],[14.436],[15.2221],[15.5081],[15.3849],[15.2058],[15.2407],[15.3919],[15.4453],[15.4593],[15.5988],[15.7012],[15.45],[14.8802],[14.4477],[14.4384],[14.3942],[13.8337],[13.0337],[12.8151],[13.4547],[14.3407],[14.8709],[15.2733],[16.1384],[17.3337],[17.9081],[17.3267],[16.3756],[17.1035],[17.4267],[17.3849],[17.2965],[17.3872],[17.5244],[17.5105],[17.4035],[17.3942],[17.3058],[16.85],[16.1151],[15.736],[16.0407],[16.4802],[16.1942],[15.2686],[14.6663],[15.1291],[16.2942],[17.2942],[17.8826],[18.4616],[19.064],[19.15],[18.2826],[17.7872],[18.4547],[18.864],[18.9895],[18.9965],[19.05],[19.1221],[19.0849],[18.9849],[18.9058],[18.6779],[18.0826],[17.3291],[17.0826],[17.7128],[18.6314],[18.8616],[18.15],[17.3453],[17.4547],[18.5151],[19.8477],[20.75],[21.1198],[20.9314],[20.0384],[18.4384]]},{"header":{"disciplineName":["Meteorological products"],"parameterCategory":[2],"parameterCategoryName":["u-component of wind"],"parameterNumberName":["u-component of wind"],"parameterNumber":[2],"parameterUnits":["m s-1"],"refTime":["2017-03-17T0000:00.000Z"],"numberPoints":[621],"nx":[27],"ny":[23],"lo1":[-20],"la1":[70],"lo2":[45],"la2":[45],"dx":[2.5],"dy":[2.5]},"data":[[1.4837],[2.1186],[2.6233],[2.9953],[3.1907],[3.2628],[3.2302],[3.1163],[2.9767],[2.8535],[2.7814],[2.7651],[2.807],[2.9023],[3.0488],[3.2279],[3.414],[3.6],[3.7674],[3.9093],[3.9884],[4.0116],[3.9791],[3.886],[3.7698],[3.6302],[3.514],[1.3256],[2.0814],[2.686],[3.1535],[3.5023],[3.7465],[3.9302],[4.0907],[4.2512],[4.4256],[4.5953],[4.7674],[4.8628],[4.9093],[4.8791],[4.8],[4.6791],[4.5465],[4.4442],[4.3558],[4.3],[4.2488],[4.207],[4.1419],[4.0535],[3.9814],[3.9093],[1.9651],[2.4605],[2.8814],[3.2581],[3.6233],[4.007],[4.4372],[4.914],[5.4349],[5.9698],[6.4465],[6.8093],[6.9884],[6.9372],[6.6837],[6.2628],[5.7721],[5.293],[4.893],[4.6093],[4.4767],[4.4581],[4.5349],[4.6744],[4.8233],[4.9767],[5.1256],[4.114],[4.2744],[4.4419],[4.6488],[4.8767],[5.1767],[5.5],[5.886],[6.3233],[6.7884],[7.2209],[7.5488],[7.7093],[7.6465],[7.3767],[6.9326],[6.4256],[5.9605],[5.5837],[5.3488],[5.2767],[5.3535],[5.5581],[5.8581],[6.193],[6.5349],[6.8605],[7.4233],[7.5442],[7.693],[7.8395],[7.9116],[7.8884],[7.7233],[7.5],[7.2884],[7.1395],[7.0953],[7.1372],[7.1791],[7.2116],[7.1791],[7.1023],[7.0186],[6.9302],[6.8721],[6.8395],[6.8186],[6.8558],[6.9721],[7.1302],[7.3698],[7.6419],[7.9326],[10.6419],[10.9326],[11.2395],[11.4558],[11.4372],[11.0837],[10.4442],[9.5814],[8.7209],[7.9837],[7.4884],[7.2488],[7.2116],[7.3209],[7.5233],[7.7698],[8.014],[8.2349],[8.3628],[8.3767],[8.2884],[8.1116],[7.9349],[7.8116],[7.7628],[7.786],[7.8953],[12.8837],[13.1767],[13.4349],[13.5581],[13.414],[12.9419],[12.1674],[11.2256],[10.3023],[9.5628],[9.0884],[8.8791],[8.8326],[8.8814],[8.9512],[9.0535],[9.1442],[9.207],[9.1884],[9.0744],[8.8372],[8.5581],[8.2814],[8.0465],[7.8395],[7.6907],[7.607],[14.2209],[14.1372],[13.9581],[13.6814],[13.2744],[12.7907],[12.2209],[11.6535],[11.1767],[10.8512],[10.7],[10.614],[10.5326],[10.3488],[10.0605],[9.7233],[9.407],[9.1442],[8.9349],[8.7767],[8.6628],[8.6163],[8.6047],[8.5814],[8.4767],[8.2512],[7.9837],[14.8791],[14.3488],[13.614],[12.8256],[12.1465],[11.6581],[11.3163],[11.0721],[10.8465],[10.6651],[10.493],[10.2884],[10.0093],[9.614],[9.1256],[8.6698],[8.307],[8.1233],[8.1116],[8.2535],[8.5186],[8.8814],[9.2791],[9.5442],[9.5488],[9.2372],[8.7558],[14.6512],[13.9233],[12.886],[11.8186],[11.0302],[10.5465],[10.286],[10.0047],[9.5535],[8.9674],[8.3419],[7.7512],[7.2581],[6.8395],[6.5535],[6.4698],[6.6233],[6.993],[7.4814],[8.0186],[8.5651],[9.1488],[9.6744],[10.0233],[10.0302],[9.6651],[9.0512],[13.2442],[12.4767],[11.407],[10.3581],[9.6047],[9.2],[8.9302],[8.4953],[7.8],[6.8953],[5.9721],[5.2279],[4.7465],[4.5256],[4.5884],[4.9721],[5.6442],[6.4488],[7.2],[7.7814],[8.207],[8.5744],[8.9233],[9.1721],[9.186],[8.9349],[8.4767],[10.7581],[9.9233],[8.9093],[7.9767],[7.3721],[7.0884],[6.9093],[6.6093],[6.1186],[5.5326],[5.0116],[4.6674],[4.4953],[4.4605],[4.6512],[5.1163],[5.7977],[6.493],[6.9721],[7.1163],[7.0535],[6.9953],[7.1023],[7.3023],[7.4465],[7.4651],[7.3698],[7.8209],[6.9372],[6.0744],[5.4023],[5.0605],[4.993],[5.0302],[5.0442],[5.0628],[5.1814],[5.4163],[5.6953],[5.8651],[5.9163],[5.9814],[6.2116],[6.5581],[6.814],[6.7419],[6.3326],[5.8],[5.4349],[5.393],[5.6047],[5.8535],[6.0256],[6.1],[5.0907],[4.4302],[3.9558],[3.7628],[3.8605],[4.1116],[4.3186],[4.5093],[4.7791],[5.2674],[5.9349],[6.5419],[6.9256],[7.0581],[7.1163],[7.2372],[7.3884],[7.3372],[6.9023],[6.1512],[5.3907],[4.9209],[4.8326],[4.9837],[5.1302],[5.1186],[5.0326],[2.986],[2.7558],[2.7605],[3.0651],[3.5744],[4.1],[4.3953],[4.4907],[4.6],[4.9744],[5.6209],[6.3326],[6.8907],[7.2953],[7.6047],[7.9116],[8.1023],[7.9721],[7.4349],[6.6326],[5.8628],[5.3767],[5.2326],[5.2907],[5.307],[5.1512],[4.8395],[1.4395],[1.5326],[1.7302],[2.1674],[2.8395],[3.4837],[3.7977],[3.8233],[3.8419],[4.1698],[4.8605],[5.7302],[6.5721],[7.2535],[7.7791],[8.1581],[8.2977],[8.1186],[7.6],[6.9279],[6.3093],[5.9],[5.7442],[5.8233],[6.0163],[6.1744],[6.0674],[0.1047],[0.2256],[0.3047],[0.6023],[1.2047],[1.886],[2.3512],[2.6302],[2.9884],[3.6721],[4.693],[5.7791],[6.6767],[7.2465],[7.5186],[7.5535],[7.393],[7.0837],[6.6953],[6.3302],[6.0488],[5.8651],[5.8256],[6.1279],[6.8093],[7.6721],[8.2535],[-1.0256],[-0.9581],[-0.9558],[-0.6791],[-0.0093],[0.8419],[1.6349],[2.3767],[3.2721],[4.4233],[5.614],[6.5326],[6.9442],[6.8395],[6.4047],[5.8837],[5.4023],[5.0581],[4.9233],[4.9674],[5.1535],[5.3791],[5.6651],[6.2488],[7.3558],[8.7884],[9.9558],[-1.2581],[-1.1605],[-0.9698],[-0.3791],[0.593],[1.7047],[2.7163],[3.707],[4.8233],[5.9698],[6.8419],[7.0884],[6.6349],[5.7512],[4.7535],[3.9465],[3.414],[3.1651],[3.1628],[3.4395],[3.9907],[4.693],[5.4093],[6.2512],[7.4116],[8.8326],[9.9953],[-0.0302],[0.1628],[0.593],[1.4233],[2.5419],[3.5767],[4.393],[5.1349],[5.9279],[6.6419],[6.9047],[6.4814],[5.493],[4.3302],[3.3395],[2.707],[2.3512],[2.1419],[1.9977],[2.1465],[2.7419],[3.7488],[4.8465],[5.8419],[6.7628],[7.6581],[8.2791],[1.9093],[2.1628],[2.5953],[3.2628],[3.9977],[4.5093],[4.7302],[4.8953],[5.1674],[5.386],[5.2442],[4.6256],[3.7186],[2.8767],[2.3186],[2.0442],[1.8953],[1.6674],[1.3465],[1.2302],[1.6419],[2.6116],[3.786],[4.7349],[5.314],[5.5581],[5.4791],[2.5977],[2.914],[3.2186],[3.5023],[3.7],[3.6419],[3.3698],[3.1186],[3.0395],[3.0163],[2.8023],[2.3279],[1.786],[1.3488],[1.1302],[1.0721],[1.0953],[1.0767],[0.9372],[0.8465],[1.0558],[1.686],[2.4977],[3.1116],[3.3186],[3.0744],[2.4953],[0.7279],[1.1],[1.3605],[1.5233],[1.5953],[1.4977],[1.2744],[1.0558],[0.9535],[0.907],[0.7605],[0.4953],[0.1628],[-0.1465],[-0.3814],[-0.4488],[-0.2651],[0.1163],[0.4884],[0.707],[0.8349],[1.0349],[1.2837],[1.4372],[1.3581],[0.9302],[0.1907]]},{"header":{"disciplineName":["Meteorological products"],"parameterCategory":[2],"parameterCategoryName":["v-component of wind"],"parameterNumberName":["v-component of wind"],"parameterNumber":[3],"parameterUnits":["m s-1"],"refTime":["2017-03-17T0000:00.000Z"],"numberPoints":[621],"nx":[27],"ny":[23],"lo1":[-20],"la1":[70],"lo2":[45],"la2":[45],"dx":[2.5],"dy":[2.5]},"data":[[0.1],[0.5209],[0.8],[0.9163],[0.8488],[0.6581],[0.3814],[0.0907],[-0.1535],[-0.314],[-0.3674],[-0.2884],[-0.1209],[0.0977],[0.3326],[0.5163],[0.6209],[0.6395],[0.5233],[0.3116],[0.0302],[-0.2628],[-0.5512],[-0.7302],[-0.8488],[-0.8698],[-0.807],[2.0744],[2.2884],[2.2721],[2.0186],[1.5767],[0.9977],[0.3837],[-0.1535],[-0.5651],[-0.807],[-0.8535],[-0.7186],[-0.4233],[-0.0488],[0.3651],[0.7372],[1.0047],[1.093],[0.9907],[0.707],[0.2791],[-0.2233],[-0.6884],[-1.0558],[-1.2535],[-1.2581],[-1.0977],[3.4442],[3.5814],[3.4791],[3.1186],[2.5791],[1.9116],[1.2233],[0.5884],[0.0698],[-0.3093],[-0.5186],[-0.6023],[-0.5372],[-0.3581],[-0.0628],[0.2605],[0.5698],[0.7628],[0.7837],[0.6186],[0.2698],[-0.1791],[-0.6186],[-0.9512],[-1.1047],[-1.0372],[-0.793],[3.7651],[3.9349],[3.9372],[3.7186],[3.3047],[2.7814],[2.207],[1.6698],[1.1837],[0.7628],[0.3535],[5.3713e-08],[-0.307],[-0.4953],[-0.5326],[-0.4],[-0.1628],[0.0814],[0.2442],[0.2488],[0.0977],[-0.1279],[-0.3581],[-0.4791],[-0.4326],[-0.2419],[0.0581],[3.6558],[3.8628],[3.914],[3.7372],[3.3349],[2.7953],[2.2372],[1.7721],[1.4233],[1.1279],[0.8186],[0.4419],[0.0256],[-0.3465],[-0.586],[-0.6209],[-0.5093],[-0.3395],[-0.2093],[-0.1791],[-0.2465],[-0.3116],[-0.3047],[-0.1372],[0.1628],[0.5372],[0.8721],[3.8419],[3.9791],[3.9023],[3.4698],[2.7047],[1.7953],[1],[0.4698],[0.2767],[0.3093],[0.3791],[0.3581],[0.1791],[-0.0628],[-0.2698],[-0.3837],[-0.393],[-0.407],[-0.4744],[-0.6233],[-0.7744],[-0.814],[-0.6233],[-0.1977],[0.3767],[0.9442],[1.393],[4.1674],[4.186],[3.8651],[3.0628],[1.8419],[0.5047],[-0.6],[-1.2],[-1.2349],[-0.8442],[-0.3302],[0.0581],[0.2],[0.1233],[-0.0512],[-0.214],[-0.3628],[-0.5488],[-0.8023],[-1.1047],[-1.3],[-1.2651],[-0.9372],[-0.3256],[0.407],[1.1186],[1.6674],[4.1],[3.9372],[3.4],[2.393],[1.0581],[-0.3628],[-1.4837],[-2.0302],[-1.9047],[-1.3186],[-0.5767],[0.014],[0.2442],[0.1419],[-0.1395],[-0.4581],[-0.7488],[-1],[-1.2442],[-1.4349],[-1.4535],[-1.2512],[-0.793],[-0.1791],[0.4767],[1.1],[1.6419],[3.6116],[3.0837],[2.3349],[1.3791],[0.2907],[-0.7837],[-1.6395],[-2.0837],[-1.9791],[-1.4209],[-0.6721],[-0.0721],[0.1558],[-0.0233],[-0.4372],[-0.8721],[-1.2047],[-1.3814],[-1.4256],[-1.3186],[-1.0628],[-0.6791],[-0.2419],[0.1442],[0.4372],[0.7419],[1.1488],[3.0093],[1.9419],[0.914],[0.0651],[-0.607],[-1.2395],[-1.8721],[-2.3744],[-2.5395],[-2.2279],[-1.5326],[-0.7953],[-0.3419],[-0.3302],[-0.6],[-0.9349],[-1.1163],[-1.1093],[-0.9349],[-0.6349],[-0.2558],[0.093],[0.3],[0.2791],[0.1233],[0.0535],[0.3],[2.3651],[0.7535],[-0.5442],[-1.3186],[-1.6791],[-1.993],[-2.5442],[-3.286],[-3.814],[-3.7395],[-3.0233],[-1.9605],[-1.0628],[-0.586],[-0.4744],[-0.4744],[-0.3814],[-0.1605],[0.1116],[0.3628],[0.5605],[0.6256],[0.4953],[0.114],[-0.3116],[-0.5209],[-0.314],[1.4256],[-0.4605],[-1.8628],[-2.5395],[-2.6535],[-2.7628],[-3.2512],[-4.0837],[-4.7651],[-4.7744],[-3.9442],[-2.6558],[-1.4209],[-0.6],[-0.1465],[0.1814],[0.5395],[0.8977],[1.1209],[1.1209],[0.9651],[0.714],[0.3512],[-0.1209],[-0.5047],[-0.6163],[-0.3442],[0.2512],[-1.5767],[-2.8674],[-3.3628],[-3.3047],[-3.1977],[-3.4837],[-4.1186],[-4.6419],[-4.5302],[-3.6581],[-2.3605],[-1.1837],[-0.3535],[0.1791],[0.6605],[1.1488],[1.5],[1.5419],[1.2744],[0.8721],[0.4698],[0.086],[-0.2674],[-0.4581],[-0.3791],[-0.0302],[-0.7023],[-2.2767],[-3.3209],[-3.6651],[-3.5279],[-3.3279],[-3.4326],[-3.7558],[-3.9581],[-3.6488],[-2.7674],[-1.6349],[-0.6349],[0.0279],[0.493],[0.9395],[1.3186],[1.4488],[1.2326],[0.7791],[0.3512],[0.0628],[-0.1721],[-0.4047],[-0.5395],[-0.3674],[0.007],[-1.0977],[-2.4163],[-3.2721],[-3.5372],[-3.4535],[-3.3767],[-3.4977],[-3.6814],[-3.6419],[-3.114],[-2.1372],[-0.986],[-0.0256],[0.6023],[0.9535],[1.1558],[1.1674],[0.886],[0.3116],[-0.2605],[-0.5419],[-0.5372],[-0.5442],[-0.7256],[-0.9093],[-0.8186],[-0.3605],[-1.0581],[-2.2209],[-2.9698],[-3.2302],[-3.2837],[-3.414],[-3.6767],[-3.8605],[-3.6349],[-2.8721],[-1.6233],[-0.2465],[0.8674],[1.4488],[1.5512],[1.3349],[0.8256],[0.0279],[-0.9023],[-1.5698],[-1.7047],[-1.4116],[-1.1372],[-1.1698],[-1.3721],[-1.2884],[-0.7326],[-0.8442],[-1.9349],[-2.6674],[-2.9279],[-3.0558],[-3.3],[-3.5977],[-3.6791],[-3.2581],[-2.214],[-0.7023],[0.8814],[2.0023],[2.3372],[1.9953],[1.2721],[0.3605],[-0.7372],[-1.8744],[-2.6791],[-2.8163],[-2.3651],[-1.7744],[-1.4372],[-1.3116],[-1.0814],[-0.5186],[-0.486],[-1.5372],[-2.2605],[-2.5442],[-2.6651],[-2.8535],[-2.9977],[-2.8558],[-2.2419],[-1.0953],[0.4256],[1.8605],[2.693],[2.6442],[1.9256],[0.9837],[-0.007],[-1.0791],[-2.2163],[-3.1349],[-3.4186],[-2.9651],[-2.0581],[-1.1256],[-0.407],[0.0814],[0.4256],[0.0884],[-0.8698],[-1.5651],[-1.8279],[-1.9093],[-1.9698],[-1.9279],[-1.6326],[-1.0442],[-0.1442],[0.9512],[1.9326],[2.3372],[2.0767],[1.3884],[0.6512],[-0.0837],[-0.9651],[-2.014],[-2.9],[-3.2395],[-2.793],[-1.6767],[-0.2326],[1.014],[1.6349],[1.5605],[0.814],[-0.0419],[-0.614],[-0.7814],[-0.7907],[-0.7814],[-0.6907],[-0.4698],[-0.1721],[0.2302],[0.6977],[1.1],[1.2465],[1.1349],[0.9163],[0.6233],[0.1],[-0.7442],[-1.6977],[-2.3465],[-2.407],[-1.8326],[-0.6372],[0.8977],[2.2256],[2.6721],[2.0698],[1.5047],[0.7023],[0.2674],[0.2047],[0.2535],[0.2651],[0.2628],[0.2674],[0.2535],[0.1953],[0.1907],[0.2233],[0.3302],[0.5698],[0.9163],[1.0047],[0.4558],[-0.5884],[-1.507],[-1.7256],[-1.2721],[-0.4395],[0.6395],[1.8465],[2.7093],[2.6349],[1.5395],[1.9209],[1.1326],[0.7395],[0.7093],[0.7372],[0.6837],[0.5581],[0.3744],[0.1953],[-0.0163],[-0.1744],[-0.2372],[-0.0349],[0.5326],[1.2791],[1.5953],[0.9814],[-0.2116],[-1.0465],[-0.9209],[-0.1279],[0.7837],[1.5977],[2.2721],[2.4326],[1.6791],[0.2488],[1.9326],[1.2372],[0.8326],[0.6814],[0.586],[0.4349],[0.2209],[0.014],[-0.2163],[-0.4],[-0.5],[-0.4698],[-0.1581],[0.593],[1.5791],[2.086],[1.6535],[0.6628],[0.0233],[0.1651],[0.7512],[1.3116],[1.7698],[2.0605],[1.7209],[0.4465],[-1.1116]]}]