html/data/WT_pct09_ind_wt_10_4.json
[{"header":{"disciplineName":["Meteorological products"],"parameterCategory":[0],"parameterCategoryName":["Temperature"],"parameterNumberName":["Temperature"],"parameterNumber":[0],"parameterUnits":["K"],"refTime":["2017-03-17T0000:00.000Z"],"numberPoints":[621],"nx":[27],"ny":[23],"lo1":[-20],"la1":[70],"lo2":[45],"la2":[45],"dx":[2.5],"dy":[2.5]},"data":[[-8.7972],[-7.9484],[-7.2215],[-6.6175],[-6.1451],[-5.7557],[-5.4427],[-5.1728],[-4.9248],[-4.6882],[-4.4614],[-4.2581],[-4.0728],[-3.9443],[-3.8646],[-3.8557],[-3.9167],[-4.0362],[-4.2069],[-4.411],[-4.6451],[-4.8898],[-5.1508],[-5.4256],[-5.7142],[-6.0313],[-6.3768],[-5.85],[-5.3492],[-4.9622],[-4.6687],[-4.4232],[-4.2037],[-3.9752],[-3.7362],[-3.4703],[-3.2012],[-2.9394],[-2.7175],[-2.5533],[-2.4663],[-2.4833],[-2.5801],[-2.7646],[-3.0069],[-3.2825],[-3.576],[-3.8589],[-4.1093],[-4.3435],[-4.5646],[-4.785],[-5.0386],[-5.3297],[-3.2801],[-3.1329],[-3.0435],[-2.963],[-2.8646],[-2.7272],[-2.5321],[-2.3093],[-2.0663],[-1.8329],[-1.624],[-1.4793],[-1.4028],[-1.4289],[-1.5313],[-1.7159],[-1.9654],[-2.2565],[-2.5606],[-2.8573],[-3.1191],[-3.3492],[-3.5419],[-3.7118],[-3.8866],[-4.0963],[-4.3598],[-1.5346],[-1.5191],[-1.4955],[-1.4411],[-1.3557],[-1.2305],[-1.0931],[-0.9427],[-0.8085],[-0.702],[-0.6378],[-0.6191],[-0.6492],[-0.724],[-0.8329],[-0.9841],[-1.1671],[-1.3907],[-1.6232],[-1.8695],[-2.1028],[-2.3093],[-2.4963],[-2.6663],[-2.8394],[-3.0484],[-3.3118],[-0.4102],[-0.2736],[-0.1199],[0.015],[0.1264],[0.2126],[0.2638],[0.272],[0.2614],[0.2256],[0.1622],[0.0923],[0.0354],[-0.0215],[-0.0646],[-0.1297],[-0.2297],[-0.3785],[-0.576],[-0.8199],[-1.0801],[-1.3215],[-1.5215],[-1.6931],[-1.8484],[-2.0175],[-2.2329],[0.6768],[0.9825],[1.2386],[1.4061],[1.4776],[1.476],[1.4354],[1.3752],[1.3012],[1.2248],[1.1467],[1.072],[1.011],[0.9776],[0.9524],[0.8947],[0.7817],[0.5776],[0.2939],[-0.0362],[-0.3654],[-0.6443],[-0.8411],[-0.9492],[-1.011],[-1.0793],[-1.1841],[2.0768],[2.3776],[2.5646],[2.6305],[2.6167],[2.563],[2.5297],[2.5232],[2.5175],[2.4972],[2.4354],[2.3557],[2.2695],[2.1907],[2.1053],[1.9793],[1.7793],[1.4776],[1.1224],[0.7329],[0.3858],[0.1346],[-0.0012],[-0.0394],[-0.0394],[-0.05],[-0.1321],[3.6573],[3.7752],[3.7915],[3.7524],[3.7004],[3.6963],[3.7573],[3.8573],[3.9215],[3.9142],[3.8199],[3.6695],[3.5061],[3.3557],[3.2289],[3.0768],[2.8614],[2.585],[2.2638],[1.9533],[1.6874],[1.5118],[1.4167],[1.3646],[1.3053],[1.1972],[1.0224],[5.1126],[5.0598],[4.9996],[4.9776],[4.9955],[5.0801],[5.2102],[5.3077],[5.337],[5.2508],[5.0598],[4.8394],[4.6492],[4.5077],[4.4037],[4.2939],[4.137],[3.9215],[3.6931],[3.4866],[3.3264],[3.2085],[3.0947],[2.9711],[2.7882],[2.5573],[2.3069],[6.3411],[6.2841],[6.3224],[6.4142],[6.5215],[6.6077],[6.6541],[6.6589],[6.5841],[6.4394],[6.2598],[6.0947],[5.9898],[5.9321],[5.8646],[5.7354],[5.515],[5.2451],[4.9915],[4.8012],[4.7012],[4.6541],[4.6256],[4.5427],[4.385],[4.1443],[3.9126],[7.4484],[7.498],[7.6939],[7.8866],[7.9736],[7.9435],[7.8394],[7.7378],[7.6557],[7.6191],[7.6118],[7.6394],[7.685],[7.6866],[7.5614],[7.2768],[6.863],[6.4435],[6.1028],[5.9386],[5.9516],[6.1297],[6.3996],[6.628],[6.7134],[6.5955],[6.3272],[8.4549],[8.6215],[8.8801],[9.0654],[9.072],[8.9224],[8.7557],[8.6947],[8.7589],[8.915],[9.098],[9.2793],[9.411],[9.3923],[9.1638],[8.7248],[8.2012],[7.7671],[7.5337],[7.5606],[7.8435],[8.3768],[9.0703],[9.7768],[10.228],[10.2484],[9.8256],[9.3508],[9.5313],[9.7533],[9.8866],[9.8931],[9.815],[9.7955],[9.9085],[10.124],[10.3638],[10.5654],[10.7346],[10.8248],[10.7679],[10.4874],[10.0427],[9.6183],[9.4077],[9.4833],[9.8183],[10.3606],[11.1297],[12.1321],[13.1906],[14.0053],[14.2687],[13.8833],[10.1337],[10.2337],[10.3809],[10.5882],[10.8207],[11.0963],[11.3947],[11.6963],[11.9224],[12.0297],[12.0516],[12.0703],[12.1028],[12.0378],[11.7776],[11.3785],[11.063],[11.0638],[11.3907],[11.8866],[12.4646],[13.1931],[14.1955],[15.3931],[16.4963],[17.2028],[17.3801],[10.8687],[10.8711],[11.0459],[11.4939],[12.1996],[12.9663],[13.6069],[13.9963],[14.0972],[13.9752],[13.7768],[13.676],[13.6703],[13.602],[13.2955],[12.8077],[12.4191],[12.3809],[12.6663],[13.0679],[13.4687],[14.0533],[15.0118],[16.2793],[17.572],[18.6679],[19.5939],[11.6443],[11.6492],[11.9882],[12.8004],[13.9606],[15.0955],[15.9207],[16.2866],[16.276],[16.0565],[15.8126],[15.6776],[15.6183],[15.4321],[14.9679],[14.2841],[13.6915],[13.4711],[13.589],[13.824],[14.1435],[14.815],[16.0337],[17.5679],[18.9004],[19.8598],[20.8118],[12.5866],[12.8061],[13.389],[14.4467],[15.7362],[16.9004],[17.6589],[17.9955],[18.0557],[18.0191],[17.9516],[17.8329],[17.6126],[17.1882],[16.5045],[15.6939],[15.0427],[14.772],[14.8492],[15.0736],[15.5199],[16.5419],[18.3207],[20.3256],[21.6435],[21.9313],[21.8541],[13.9451],[14.5305],[15.3248],[16.2972],[17.3077],[18.1443],[18.7142],[19.0963],[19.4435],[19.789],[19.9695],[19.8354],[19.3557],[18.6207],[17.7825],[16.9898],[16.4427],[16.298],[16.4915],[16.8606],[17.4801],[18.7695],[20.9329],[23.337],[24.7419],[24.4467],[23.1337],[15.8736],[16.7955],[17.6313],[18.2825],[18.7866],[19.2215],[19.6646],[20.1785],[20.8134],[21.4541],[21.7817],[21.5199],[20.7232],[19.7191],[18.8183],[18.1272],[17.6955],[17.6248],[17.95],[18.5183],[19.2533],[20.4313],[22.3622],[24.6679],[26.1996],[26.0037],[24.3841],[18.0663],[19.1224],[19.8484],[20.1768],[20.3297],[20.5939],[21.0541],[21.6638],[22.3459],[22.9451],[23.1573],[22.676],[21.6524],[20.5459],[19.737],[19.1947],[18.7947],[18.6646],[19.0549],[19.8695],[20.7671],[21.6199],[22.7581],[24.3053],[25.6841],[26.0085],[25.0785],[19.7882],[20.737],[21.3467],[21.5573],[21.6963],[22.0565],[22.6004],[23.1419],[23.5679],[23.8533],[23.7874],[23.1638],[22.1118],[21.1589],[20.6557],[20.4118],[20.115],[19.9207],[20.3069],[21.3467],[22.4614],[23.1167],[23.4313],[23.9492],[24.7313],[25.2451],[25.0207],[20.4833],[21.2028],[21.7175],[22.0118],[22.3248],[22.8248],[23.3654],[23.7004],[23.8126],[23.8191],[23.6411],[23.1207],[22.3346],[21.7533],[21.6785],[21.8443],[21.8126],[21.6411],[21.9118],[22.8711],[24.011],[24.6215],[24.6191],[24.4931],[24.6061],[24.7362],[24.4459],[20.1654],[20.637],[21.0606],[21.4467],[21.8711],[22.3581],[22.7581],[22.9337],[22.9573],[22.9825],[22.9833],[22.8215],[22.5102],[22.3695],[22.6012],[23.0232],[23.2305],[23.1728],[23.2232],[23.6622],[24.3305],[24.8256],[24.9947],[24.9963],[24.9346],[24.611],[23.7752]]},{"header":{"disciplineName":["Meteorological products"],"parameterCategory":[2],"parameterCategoryName":["u-component of wind"],"parameterNumberName":["u-component of wind"],"parameterNumber":[2],"parameterUnits":["m s-1"],"refTime":["2017-03-17T0000:00.000Z"],"numberPoints":[621],"nx":[27],"ny":[23],"lo1":[-20],"la1":[70],"lo2":[45],"la2":[45],"dx":[2.5],"dy":[2.5]},"data":[[2.5317],[2.8073],[3.0642],[3.3228],[3.5878],[3.8902],[4.2244],[4.6033],[5.0252],[5.4634],[5.9033],[6.3098],[6.6504],[6.9],[7.0415],[7.1016],[7.0545],[6.9577],[6.8154],[6.6642],[6.5016],[6.3398],[6.1829],[6.0195],[5.8545],[5.6878],[5.5081],[2.8537],[3.252],[3.5846],[3.8593],[4.1138],[4.3748],[4.6846],[5.0569],[5.5089],[6.0195],[6.5407],[7.0341],[7.4236],[7.6837],[7.774],[7.7122],[7.5244],[7.2642],[6.9813],[6.7187],[6.5089],[6.361],[6.2626],[6.1959],[6.148],[6.1041],[6.0561],[3.4789],[3.9374],[4.3211],[4.6528],[4.922],[5.1602],[5.4106],[5.6984],[6.0447],[6.4325],[6.8325],[7.1813],[7.4171],[7.5098],[7.4366],[7.2179],[6.9065],[6.5634],[6.274],[6.0634],[5.974],[5.9984],[6.1154],[6.2943],[6.4911],[6.6789],[6.8407],[4.5545],[4.9561],[5.3341],[5.6764],[5.9593],[6.1577],[6.3016],[6.4049],[6.4943],[6.578],[6.6455],[6.6715],[6.639],[6.5285],[6.3398],[6.1089],[5.8951],[5.7309],[5.6569],[5.7033],[5.8642],[6.1211],[6.4407],[6.7862],[7.1146],[7.4073],[7.6577],[6.2561],[6.3927],[6.5943],[6.8179],[6.9927],[7.0789],[7.061],[6.9496],[6.778],[6.5772],[6.361],[6.1439],[5.9276],[5.7195],[5.5699],[5.5114],[5.5512],[5.7089],[5.9504],[6.2561],[6.5764],[6.8976],[7.2057],[7.4951],[7.735],[7.9236],[8.0862],[8.0992],[7.9163],[7.8179],[7.778],[7.7309],[7.6301],[7.4528],[7.2276],[6.9894],[6.7618],[6.5593],[6.3602],[6.1699],[6.0187],[5.9455],[6.0073],[6.2041],[6.4976],[6.8236],[7.1146],[7.3447],[7.5065],[7.6341],[7.752],[7.8602],[7.9512],[8.0228],[9.3333],[8.9325],[8.6138],[8.339],[8.0902],[7.822],[7.5667],[7.3528],[7.235],[7.2244],[7.2537],[7.2797],[7.2374],[7.1528],[7.0691],[7.0618],[7.1463],[7.2829],[7.3862],[7.4089],[7.3512],[7.2772],[7.2602],[7.3195],[7.4301],[7.5618],[7.6829],[9.6512],[9.2333],[8.8618],[8.5341],[8.2203],[7.9057],[7.6268],[7.4244],[7.3577],[7.4407],[7.6041],[7.7472],[7.7902],[7.7146],[7.6],[7.5057],[7.452],[7.3992],[7.2553],[7.0179],[6.739],[6.5358],[6.5106],[6.6407],[6.8561],[7.0553],[7.1992],[9.348],[8.9878],[8.6504],[8.3496],[8.0821],[7.7992],[7.4943],[7.1797],[6.9057],[6.748],[6.6764],[6.6699],[6.6504],[6.6098],[6.6049],[6.6585],[6.7431],[6.7602],[6.6252],[6.3496],[6.061],[5.9211],[6.022],[6.2724],[6.5325],[6.6715],[6.6862],[8.6829],[8.2911],[7.8951],[7.5626],[7.3049],[7.0618],[6.7447],[6.2862],[5.7463],[5.2073],[4.7667],[4.4854],[4.3634],[4.4024],[4.6016],[4.9398],[5.3211],[5.6065],[5.6715],[5.5699],[5.4569],[5.522],[5.8138],[6.1976],[6.461],[6.4862],[6.3455],[7.5699],[7.0927],[6.5634],[6.1016],[5.7992],[5.6146],[5.4276],[5.0935],[4.5927],[4.0081],[3.4846],[3.1276],[2.965],[2.9959],[3.2024],[3.5472],[3.9699],[4.3179],[4.5057],[4.5715],[4.6699],[4.9602],[5.4455],[5.935],[6.235],[6.2724],[6.1927],[6.0455],[5.5837],[5.0244],[4.5382],[4.2756],[4.2789],[4.4309],[4.5358],[4.4951],[4.3374],[4.1439],[3.9805],[3.839],[3.6756],[3.5081],[3.4041],[3.4016],[3.4667],[3.5545],[3.6626],[3.865],[4.2463],[4.7593],[5.2382],[5.526],[5.6537],[5.8285],[4.5033],[4.2081],[3.8528],[3.6098],[3.6447],[3.9976],[4.5455],[5.0911],[5.5236],[5.8276],[6.0382],[6.1447],[6.035],[5.6585],[5.052],[4.3878],[3.874],[3.5829],[3.4748],[3.4976],[3.6089],[3.8309],[4.1415],[4.448],[4.6602],[4.852],[5.1789],[3.3057],[3.2276],[3.2423],[3.4878],[3.9902],[4.6813],[5.3764],[5.9382],[6.352],[6.6862],[7.0138],[7.2691],[7.2951],[6.9748],[6.3504],[5.6301],[5.0236],[4.6236],[4.3984],[4.2228],[4.0618],[3.987],[4.0659],[4.3057],[4.5919],[4.8593],[5.1106],[2.5211],[2.6699],[3.0602],[3.7276],[4.5423],[5.2577],[5.6724],[5.748],[5.6837],[5.7073],[5.9228],[6.2862],[6.5732],[6.6528],[6.5228],[6.2724],[6.0179],[5.7602],[5.4382],[5.0374],[4.6325],[4.413],[4.5618],[5.0902],[5.7813],[6.2789],[6.3114],[2.1976],[2.6033],[3.2341],[4.0211],[4.7195],[5.026],[4.8333],[4.326],[3.8593],[3.7203],[3.9585],[4.439],[4.9423],[5.361],[5.6862],[5.9049],[5.9805],[5.8244],[5.4488],[4.9764],[4.6276],[4.6431],[5.1675],[6.1203],[7.1756],[7.8236],[7.6309],[2.4886],[3.126],[3.8146],[4.3927],[4.5886],[4.2683],[3.5504],[2.8317],[2.4569],[2.5512],[2.9602],[3.4138],[3.7577],[4.0073],[4.2374],[4.4301],[4.4748],[4.3016],[4.0122],[3.8423],[4.0203],[4.5634],[5.3683],[6.2504],[6.9756],[7.2504],[6.8122],[3.2228],[3.8886],[4.4398],[4.6463],[4.3236],[3.5545],[2.7228],[2.2415],[2.3073],[2.7146],[3.0715],[3.1309],[2.8911],[2.5496],[2.274],[2.0976],[1.9618],[1.8626],[1.9528],[2.4268],[3.2894],[4.2626],[4.9041],[4.9862],[4.5894],[3.9699],[3.3065],[3.6106],[4.0528],[4.2959],[4.1545],[3.5699],[2.7919],[2.2382],[2.1984],[2.5585],[2.8943],[2.8016],[2.2317],[1.4195],[0.6553],[0.1187],[-0.187],[-0.248],[-0.0374],[0.5358],[1.5065],[2.6756],[3.5854],[3.7081],[2.8748],[1.4171],[0.0463],[-0.6927],[2.7285],[2.8439],[2.7423],[2.4024],[1.8756],[1.4057],[1.2756],[1.5244],[1.8447],[1.7878],[1.1732],[0.2179],[-0.6577],[-1.1967],[-1.4073],[-1.361],[-1.0683],[-0.5106],[0.2577],[1.1073],[1.8366],[2.1398],[1.7756],[0.6797],[-0.826],[-2.1496],[-2.7764],[0.1748],[0.0911],[-0.1837],[-0.522],[-0.7626],[-0.8301],[-0.6756],[-0.3959],[-0.2691],[-0.5724],[-1.2919],[-2.0293],[-2.3862],[-2.2732],[-1.8561],[-1.3382],[-0.7447],[-0.1195],[0.3927],[0.5756],[0.3837],[-0.065],[-0.6341],[-1.2537],[-1.9024],[-2.522],[-2.9992],[-3.5683],[-3.6585],[-3.9049],[-4.0114],[-3.8805],[-3.6472],[-3.4585],[-3.3374],[-3.3187],[-3.4821],[-3.7569],[-3.8756],[-3.5683],[-2.8748],[-2.0545],[-1.3114],[-0.6976],[-0.2813],[-0.2146],[-0.6252],[-1.4089],[-2.2293],[-2.748],[-2.8228],[-2.6675],[-2.6675],[-3.0854],[-7.3366],[-7.4366],[-7.5797],[-7.4138],[-6.9537],[-6.5846],[-6.539],[-6.678],[-6.7252],[-6.5878],[-6.3049],[-5.839],[-5.1171],[-4.2041],[-3.3016],[-2.5439],[-2.0415],[-1.8447],[-1.9699],[-2.3683],[-2.9154],[-3.4593],[-3.8049],[-3.8211],[-3.5756],[-3.4333],[-3.7114]]},{"header":{"disciplineName":["Meteorological products"],"parameterCategory":[2],"parameterCategoryName":["v-component of wind"],"parameterNumberName":["v-component of wind"],"parameterNumber":[3],"parameterUnits":["m s-1"],"refTime":["2017-03-17T0000:00.000Z"],"numberPoints":[621],"nx":[27],"ny":[23],"lo1":[-20],"la1":[70],"lo2":[45],"la2":[45],"dx":[2.5],"dy":[2.5]},"data":[[-0.8179],[-0.352],[0.1309],[0.5894],[0.9675],[1.2545],[1.4398],[1.5236],[1.5195],[1.4333],[1.2919],[1.1195],[0.9228],[0.7244],[0.522],[0.3179],[0.0951],[-0.1439],[-0.4081],[-0.7],[-1.0106],[-1.3154],[-1.5878],[-1.8057],[-1.9325],[-1.9707],[-1.9171],[0.3203],[0.661],[1.0179],[1.3602],[1.6675],[1.9163],[2.1049],[2.2366],[2.2789],[2.2236],[2.0805],[1.8431],[1.5382],[1.187],[0.8195],[0.4488],[0.0862],[-0.2593],[-0.6016],[-0.939],[-1.2813],[-1.5902],[-1.865],[-2.0602],[-2.1683],[-2.1634],[-2.0683],[1.4675],[1.6577],[1.852],[2.0618],[2.2789],[2.4821],[2.6634],[2.8],[2.8382],[2.7488],[2.5228],[2.152],[1.6642],[1.1073],[0.5455],[0.0309],[-0.4065],[-0.7602],[-1.0382],[-1.2545],[-1.439],[-1.5846],[-1.7016],[-1.7748],[-1.7919],[-1.752],[-1.6593],[2.2488],[2.3984],[2.5472],[2.7098],[2.8626],[2.9984],[3.1081],[3.1463],[3.087],[2.8837],[2.5236],[2.0138],[1.3951],[0.7439],[0.1301],[-0.387],[-0.7699],[-1.0154],[-1.1463],[-1.1894],[-1.1846],[-1.152],[-1.1008],[-1.0488],[-1.0098],[-0.9732],[-0.9463],[2.4797],[2.7065],[2.9285],[3.1154],[3.2276],[3.2659],[3.2187],[3.0837],[2.8553],[2.5203],[2.0789],[1.565],[1.0114],[0.4878],[0.048],[-0.2813],[-0.5024],[-0.6195],[-0.6764],[-0.6764],[-0.6268],[-0.5488],[-0.452],[-0.378],[-0.3374],[-0.348],[-0.4236],[2.1724],[2.4569],[2.7512],[2.9634],[3.0537],[2.9967],[2.8049],[2.5309],[2.1927],[1.8163],[1.4065],[0.9919],[0.6244],[0.3447],[0.1789],[0.0992],[0.0569],[0.0106],[-0.0659],[-0.1447],[-0.1805],[-0.1488],[-0.0699],[0.0081],[0.0325],[-0.0171],[-0.1431],[1.3902],[1.6504],[1.9675],[2.2187],[2.3325],[2.2862],[2.1138],[1.8715],[1.5902],[1.2967],[0.9732],[0.652],[0.3715],[0.1992],[0.148],[0.1992],[0.2447],[0.2236],[0.1098],[-0.0358],[-0.0976],[-0.0561],[0.0919],[0.2431],[0.3179],[0.2764],[0.1431],[0.3862],[0.5821],[0.913],[1.2569],[1.5179],[1.6374],[1.6423],[1.5837],[1.4959],[1.348],[1.1008],[0.7642],[0.3984],[0.1163],[-0.0073],[-0.0073],[0.0228],[-0.0228],[-0.1455],[-0.278],[-0.2829],[-0.1098],[0.1846],[0.4667],[0.6057],[0.5715],[0.4358],[-0.4911],[-0.3366],[0.0423],[0.5171],[0.9585],[1.2634],[1.4366],[1.522],[1.5602],[1.5285],[1.365],[1.035],[0.6179],[0.2585],[0.0488],[-0.0146],[-0.0472],[-0.1561],[-0.339],[-0.4789],[-0.4098],[-0.1171],[0.3073],[0.6593],[0.8049],[0.726],[0.552],[-1.035],[-0.9106],[-0.5179],[0.0244],[0.548],[0.8984],[1.0439],[1.0545],[1.0496],[1.0423],[1.0008],[0.878],[0.7049],[0.5439],[0.4732],[0.4415],[0.348],[0.1179],[-0.1894],[-0.3878],[-0.3049],[0.0772],[0.5724],[0.9293],[1.0008],[0.826],[0.5585],[-1.3862],[-1.3252],[-1.0057],[-0.5008],[-0.0057],[0.2902],[0.3146],[0.152],[-0.0244],[-0.0764],[0.0244],[0.2415],[0.5138],[0.7561],[0.9407],[0.9951],[0.8366],[0.478],[0.0724],[-0.1285],[0.0382],[0.5179],[1.0667],[1.3927],[1.3805],[1.1236],[0.8057],[-1.8008],[-1.8114],[-1.5545],[-1.0764],[-0.5496],[-0.1911],[-0.1341],[-0.3537],[-0.6569],[-0.8211],[-0.7008],[-0.2854],[0.2545],[0.7439],[1.0236],[1.0366],[0.7894],[0.4171],[0.1033],[0.0837],[0.4577],[1.0748],[1.6358],[1.8902],[1.8098],[1.5512],[1.3089],[-2.3187],[-2.3065],[-1.9805],[-1.3707],[-0.6382],[-0.0163],[0.2846],[0.1691],[-0.2203],[-0.5862],[-0.6488],[-0.3569],[0.1016],[0.4537],[0.5325],[0.361],[0.0829],[-0.1374],[-0.1431],[0.1528],[0.7407],[1.4089],[1.9203],[2.0789],[1.9642],[1.8098],[1.748],[-2.6943],[-2.5398],[-1.9772],[-1.0854],[-0.0764],[0.7976],[1.2748],[1.2089],[0.7049],[0.1122],[-0.2228],[-0.1911],[-0.0228],[-0.0171],[-0.2707],[-0.6382],[-0.8618],[-0.813],[-0.4984],[0.0187],[0.6797],[1.3642],[1.8789],[2.0959],[2.0699],[1.978],[1.9821],[-2.7008],[-2.2976],[-1.4293],[-0.3089],[0.7992],[1.6187],[1.9691],[1.7691],[1.1634],[0.5008],[0.1065],[0.0098],[-0.0488],[-0.3577],[-0.8943],[-1.3878],[-1.5593],[-1.3667],[-0.9659],[-0.461],[0.2008],[1.0642],[1.9959],[2.6618],[2.852],[2.6089],[2.1846],[-2.2163],[-1.5675],[-0.5024],[0.6252],[1.4585],[1.8667],[1.8407],[1.4976],[1.0317],[0.6748],[0.539],[0.4951],[0.2602],[-0.3268],[-1.1138],[-1.7293],[-1.9634],[-1.8927],[-1.6911],[-1.3341],[-0.535],[0.8967],[2.6756],[4.1016],[4.4902],[3.7041],[2.2472],[-1.261],[-0.4301],[0.5927],[1.3756],[1.6293],[1.4301],[1.0772],[0.8667],[0.9081],[1.1447],[1.3659],[1.287],[0.7341],[-0.2106],[-1.2187],[-1.9528],[-2.3463],[-2.5439],[-2.6033],[-2.2382],[-1.0423],[1.1228],[3.7203],[5.6675],[5.9618],[4.3846],[1.7902],[-0.0301],[0.8293],[1.5553],[1.739],[1.3138],[0.648],[0.252],[0.4472],[1.1195],[1.8496],[2.1472],[1.7317],[0.6724],[-0.5967],[-1.6423],[-2.3163],[-2.7496],[-3.0927],[-3.1553],[-2.4959],[-0.7911],[1.8057],[4.5171],[6.2333],[6.0634],[3.9309],[0.8146],[1.139],[1.8033],[2.0626],[1.6715],[0.8106],[0.0431],[-0.1024],[0.5033],[1.4943],[2.239],[2.1992],[1.2496],[-0.2024],[-1.5041],[-2.2569],[-2.578],[-2.8317],[-3.0626],[-2.8407],[-1.7041],[0.3423],[2.7252],[4.6366],[5.4179],[4.7106],[2.639],[-0.0008],[1.8683],[2.1797],[2.0122],[1.3309],[0.4854],[0.0252],[0.2423],[0.9878],[1.7691],[2.061],[1.5187],[0.2285],[-1.2309],[-2.1724],[-2.3862],[-2.2537],[-2.235],[-2.2447],[-1.7033],[-0.2545],[1.7171],[3.3537],[4.0634],[3.8163],[2.8602],[1.4154],[-0.2179],[2.0951],[2.0634],[1.6528],[0.9967],[0.4894],[0.4862],[0.9236],[1.448],[1.6813],[1.4358],[0.6463],[-0.5008],[-1.5228],[-1.9472],[-1.7122],[-1.2772],[-1.0943],[-0.9951],[-0.4033],[0.8862],[2.2967],[3.0577],[2.9114],[2.2333],[1.4553],[0.6455],[-0.3098],[1.9967],[1.8057],[1.3463],[0.8171],[0.5837],[0.7724],[1.1008],[1.1967],[0.9293],[0.4602],[-0.0943],[-0.6846],[-1.1163],[-1.126],[-0.6984],[-0.2333],[-0.0545],[-0.0146],[0.2927],[0.9504],[1.5382],[1.6805],[1.4236],[1.0772],[0.7211],[0.1098],[-0.9187],[1.7569],[1.6203],[1.2171],[0.7106],[0.4057],[0.348],[0.2976],[0.0081],[-0.3992],[-0.6756],[-0.7423],[-0.7488],[-0.7407],[-0.5585],[-0.1602],[0.1821],[0.2439],[0.1033],[-0.0033],[-0.0439],[-0.0976],[-0.1089],[0.113],[0.4715],[0.4276],[-0.448],[-1.9894]]}]