html/data/WT_pct09_ind_wt_2_5.json
[{"header":{"disciplineName":["Meteorological products"],"parameterCategory":[0],"parameterCategoryName":["Temperature"],"parameterNumberName":["Temperature"],"parameterNumber":[0],"parameterUnits":["K"],"refTime":["2017-03-17T0000:00.000Z"],"numberPoints":[621],"nx":[27],"ny":[23],"lo1":[-20],"la1":[70],"lo2":[45],"la2":[45],"dx":[2.5],"dy":[2.5]},"data":[[-14.0415],[-13.1042],[-12.2517],[-11.5008],[-10.8517],[-10.2873],[-9.7958],[-9.3703],[-9.0314],[-8.7669],[-8.5907],[-8.5127],[-8.5229],[-8.5975],[-8.7415],[-8.9195],[-9.1042],[-9.2805],[-9.4297],[-9.5754],[-9.7059],[-9.8602],[-10.0517],[-10.3195],[-10.6924],[-11.1703],[-11.7568],[-10.2466],[-9.6703],[-9.2602],[-8.9653],[-8.7466],[-8.5229],[-8.2941],[-8.05],[-7.8008],[-7.5958],[-7.4466],[-7.3873],[-7.4297],[-7.5839],[-7.828],[-8.1297],[-8.4534],[-8.7737],[-9.0517],[-9.289],[-9.4839],[-9.6602],[-9.8381],[-10.0517],[-10.3466],[-10.7314],[-11.2314],[-6.7076],[-6.5754],[-6.6246],[-6.7483],[-6.8686],[-6.9127],[-6.8534],[-6.7212],[-6.5585],[-6.411],[-6.3381],[-6.3636],[-6.5076],[-6.772],[-7.1127],[-7.5076],[-7.9449],[-8.3822],[-8.7941],[-9.1653],[-9.4924],[-9.7669],[-10.0059],[-10.2331],[-10.4771],[-10.7737],[-11.1449],[-4.5788],[-4.6653],[-4.8805],[-5.0907],[-5.2364],[-5.2839],[-5.2449],[-5.1602],[-5.0924],[-5.1008],[-5.2144],[-5.4297],[-5.7212],[-6.072],[-6.4517],[-6.8364],[-7.2483],[-7.672],[-8.1161],[-8.5788],[-9.0381],[-9.4686],[-9.8534],[-10.2093],[-10.5093],[-10.8076],[-11.1144],[-3.8534],[-3.8585],[-3.928],[-3.9771],[-3.9551],[-3.8602],[-3.7517],[-3.6873],[-3.7263],[-3.9076],[-4.2381],[-4.6415],[-5.0788],[-5.4805],[-5.8263],[-6.1415],[-6.4534],[-6.8246],[-7.2636],[-7.7856],[-8.3449],[-8.8975],[-9.4059],[-9.8364],[-10.1839],[-10.4856],[-10.7686],[-3.3737],[-3.2686],[-3.2331],[-3.2076],[-3.1144],[-2.9754],[-2.811],[-2.7364],[-2.7992],[-3.0314],[-3.4195],[-3.8975],[-4.3703],[-4.7856],[-5.1263],[-5.4415],[-5.8008],[-6.2347],[-6.7686],[-7.3839],[-7.9941],[-8.5449],[-8.972],[-9.2924],[-9.4958],[-9.6703],[-9.8669],[-2.2347],[-2.2347],[-2.3602],[-2.489],[-2.5466],[-2.4839],[-2.3364],[-2.2042],[-2.1788],[-2.3263],[-2.6263],[-3.0381],[-3.4754],[-3.9127],[-4.3212],[-4.7619],[-5.2788],[-5.8924],[-6.5737],[-7.2483],[-7.8195],[-8.2229],[-8.4585],[-8.5127],[-8.4958],[-8.4703],[-8.5381],[-0.6195],[-0.8042],[-1.1297],[-1.4602],[-1.672],[-1.7076],[-1.6195],[-1.4941],[-1.4483],[-1.5432],[-1.8144],[-2.2042],[-2.65],[-3.111],[-3.5992],[-4.1636],[-4.7941],[-5.4805],[-6.1483],[-6.7025],[-7.0822],[-7.2703],[-7.2975],[-7.2381],[-7.1449],[-7.1042],[-7.1805],[0.7737],[0.5669],[0.2873],[0.0449],[-0.1398],[-0.2331],[-0.2788],[-0.3229],[-0.4466],[-0.7042],[-1.072],[-1.5347],[-2.0381],[-2.5483],[-3.089],[-3.6636],[-4.2754],[-4.8432],[-5.289],[-5.5195],[-5.5703],[-5.5195],[-5.4585],[-5.4653],[-5.5534],[-5.7042],[-5.9127],[1.6907],[1.6907],[1.7093],[1.711],[1.6517],[1.4754],[1.1941],[0.8551],[0.4703],[0.0653],[-0.3585],[-0.8229],[-1.3025],[-1.8314],[-2.3992],[-3.0212],[-3.6263],[-4.0975],[-4.3398],[-4.289],[-4.0466],[-3.772],[-3.6212],[-3.6924],[-3.9347],[-4.2415],[-4.5229],[2.5144],[2.6975],[2.9314],[3.0703],[2.9737],[2.6347],[2.1025],[1.5517],[1.1076],[0.7924],[0.5585],[0.3161],[-0.0229],[-0.5093],[-1.1686],[-1.9364],[-2.7025],[-3.2992],[-3.5653],[-3.4754],[-3.1076],[-2.6788],[-2.3839],[-2.3449],[-2.4941],[-2.7042],[-2.8992],[3.5331],[3.7398],[3.9347],[3.9686],[3.7297],[3.2195],[2.5737],[2.0347],[1.7347],[1.6788],[1.75],[1.7585],[1.5805],[1.1059],[0.3822],[-0.5212],[-1.4347],[-2.172],[-2.5839],[-2.6127],[-2.3483],[-1.9331],[-1.55],[-1.3195],[-1.2347],[-1.2483],[-1.2873],[4.6246],[4.7924],[4.8771],[4.7856],[4.4822],[3.9805],[3.4297],[2.9975],[2.828],[2.8653],[2.9805],[3.0042],[2.8127],[2.35],[1.6585],[0.85],[0.0653],[-0.5483],[-0.9415],[-1.0941],[-1.0297],[-0.7958],[-0.4636],[-0.1636],[0.0331],[0.1178],[0.1432],[5.5619],[5.7636],[5.8364],[5.8246],[5.6602],[5.3619],[4.9958],[4.6517],[4.411],[4.2517],[4.0856],[3.8483],[3.5297],[3.0941],[2.5653],[2.0212],[1.5534],[1.2297],[1.0246],[0.8619],[0.7754],[0.8331],[1.0907],[1.4025],[1.6246],[1.6856],[1.7229],[6.3144],[6.5602],[6.7534],[6.9246],[7.0008],[6.9263],[6.6941],[6.3805],[6.0364],[5.6483],[5.1992],[4.7263],[4.2992],[3.911],[3.5229],[3.1331],[2.8178],[2.6619],[2.5754],[2.4703],[2.3754],[2.4958],[2.928],[3.4517],[3.7585],[3.7619],[3.7805],[6.9822],[7.2178],[7.5127],[7.8144],[8.0297],[8.0364],[7.8907],[7.6602],[7.4008],[7.0347],[6.5602],[6.028],[5.5703],[5.1941],[4.7975],[4.3551],[3.9483],[3.7195],[3.6483],[3.6347],[3.7212],[4.1364],[5.011],[5.972],[6.4483],[6.289],[6.0347],[7.6551],[7.8636],[8.2008],[8.5517],[8.7432],[8.7534],[8.6754],[8.6364],[8.6432],[8.5364],[8.211],[7.7042],[7.1737],[6.7178],[6.2449],[5.711],[5.2297],[4.9653],[4.9958],[5.1805],[5.4805],[6.1737],[7.4076],[8.7636],[9.4144],[8.972],[8.1161],[8.4653],[8.7907],[9.1805],[9.4839],[9.6144],[9.6212],[9.6619],[9.8246],[10.072],[10.2246],[10.0568],[9.5517],[8.8822],[8.2669],[7.7619],[7.2805],[6.8873],[6.7805],[7.0415],[7.4703],[7.8941],[8.5415],[9.772],[11.3212],[12.2449],[11.7551],[10.3432],[9.7144],[10.2669],[10.7042],[10.9297],[10.9822],[11.0297],[11.1771],[11.4568],[11.7839],[12.0568],[12.0161],[11.528],[10.7415],[10.0025],[9.5178],[9.172],[8.8958],[8.8788],[9.2551],[9.8534],[10.2788],[10.6483],[11.5551],[13.1669],[14.611],[14.7331],[13.4229],[11.628],[12.3737],[12.8331],[12.95],[12.9297],[12.9805],[13.1703],[13.4008],[13.672],[13.9331],[13.9737],[13.572],[12.7669],[12.011],[11.611],[11.428],[11.1686],[10.9483],[11.1449],[11.728],[12.2059],[12.4381],[12.9992],[14.5076],[16.4873],[17.5636],[16.9975],[14.0907],[14.9161],[15.372],[15.4127],[15.3008],[15.3127],[15.4686],[15.5636],[15.6483],[15.7873],[15.8297],[15.4686],[14.6856],[13.9958],[13.8331],[13.9686],[13.811],[13.328],[13.128],[13.5958],[14.3297],[14.7653],[15.1669],[16.2924],[18.1568],[19.6093],[19.5771],[16.6042],[17.4127],[17.8856],[17.9568],[17.8331],[17.7924],[17.8466],[17.8381],[17.7686],[17.7347],[17.6364],[17.1483],[16.3466],[15.811],[16.0534],[16.7432],[16.9975],[16.511],[15.9873],[16.2585],[17.2398],[18.1381],[18.6093],[19.1229],[19.9856],[20.6483],[20.2703],[18.511],[19.2636],[19.7788],[19.9669],[19.9415],[19.8873],[19.8754],[19.8517],[19.7805],[19.6703],[19.4093],[18.8297],[18.0992],[17.7737],[18.3517],[19.5314],[20.328],[20.1263],[19.4517],[19.3771],[20.2703],[21.5008],[22.2551],[22.3415],[22.0517],[21.3653],[20.0331]]},{"header":{"disciplineName":["Meteorological products"],"parameterCategory":[2],"parameterCategoryName":["u-component of wind"],"parameterNumberName":["u-component of wind"],"parameterNumber":[2],"parameterUnits":["m s-1"],"refTime":["2017-03-17T0000:00.000Z"],"numberPoints":[621],"nx":[27],"ny":[23],"lo1":[-20],"la1":[70],"lo2":[45],"la2":[45],"dx":[2.5],"dy":[2.5]},"data":[[4.1797],[4.7797],[5.2814],[5.6729],[5.9492],[6.1542],[6.3458],[6.5559],[6.7983],[7.0915],[7.3949],[7.6915],[7.9254],[8.0729],[8.1169],[8.0627],[7.9492],[7.8119],[7.6678],[7.5644],[7.5017],[7.4627],[7.4237],[7.3661],[7.2492],[7.0814],[6.8695],[4.7576],[5.6695],[6.3797],[6.8797],[7.2068],[7.3915],[7.5458],[7.7356],[8.0085],[8.3644],[8.8017],[9.2017],[9.5153],[9.6661],[9.5949],[9.322],[8.8864],[8.3678],[7.8203],[7.3475],[6.9627],[6.7017],[6.5424],[6.4407],[6.3729],[6.3356],[6.3169],[6.0898],[6.9915],[7.7051],[8.1864],[8.4797],[8.6305],[8.7271],[8.8424],[9.0475],[9.3475],[9.6966],[10.0322],[10.2441],[10.2356],[9.9746],[9.4475],[8.7102],[7.8695],[7.0237],[6.2678],[5.6898],[5.3068],[5.1051],[5.0644],[5.1441],[5.3136],[5.5627],[7.5559],[8.1525],[8.6085],[8.9441],[9.1339],[9.2339],[9.2458],[9.2288],[9.2102],[9.222],[9.2407],[9.2508],[9.1475],[8.9136],[8.5102],[7.9356],[7.239],[6.4983],[5.7763],[5.1576],[4.7034],[4.4407],[4.3458],[4.4051],[4.6034],[4.8898],[5.261],[8.4322],[8.522],[8.6169],[8.7186],[8.8136],[8.861],[8.8237],[8.6881],[8.4576],[8.1475],[7.7864],[7.4068],[7.022],[6.6525],[6.2949],[5.9559],[5.661],[5.3881],[5.1576],[4.9847],[4.8729],[4.8339],[4.8797],[5.0034],[5.1881],[5.4169],[5.6983],[8.7017],[8.4],[8.1746],[8.0576],[8.0085],[7.9746],[7.8797],[7.6932],[7.3831],[6.9864],[6.5186],[6.0542],[5.6373],[5.3271],[5.1373],[5.0864],[5.1441],[5.2661],[5.3847],[5.4814],[5.5559],[5.6119],[5.6966],[5.8085],[5.9424],[6.0847],[6.2424],[9.0831],[8.6559],[8.2983],[7.9763],[7.7034],[7.4475],[7.1644],[6.8678],[6.5678],[6.2814],[6.0407],[5.8441],[5.6814],[5.5695],[5.5169],[5.5305],[5.5763],[5.6271],[5.6305],[5.5915],[5.5203],[5.478],[5.5136],[5.6203],[5.778],[5.9339],[6.0475],[9.8559],[9.5593],[9.2186],[8.7949],[8.2864],[7.6932],[7.0881],[6.5373],[6.1356],[5.9203],[5.8932],[6],[6.1525],[6.2525],[6.2373],[6.1339],[5.9441],[5.6864],[5.3746],[5.061],[4.8085],[4.6712],[4.7136],[4.8898],[5.0966],[5.2424],[5.3051],[10.4424],[10.2492],[9.9678],[9.5424],[8.9271],[8.1475],[7.3119],[6.4847],[5.8407],[5.461],[5.3881],[5.5475],[5.8],[5.9881],[6.0068],[5.8525],[5.5797],[5.2576],[4.9373],[4.6797],[4.5356],[4.5492],[4.7475],[5.0085],[5.2],[5.2085],[5.0068],[10.1186],[9.8237],[9.5237],[9.1356],[8.5915],[7.8864],[7.0627],[6.2],[5.4119],[4.8153],[4.4797],[4.4169],[4.5169],[4.6576],[4.7254],[4.6983],[4.6237],[4.5949],[4.6339],[4.761],[4.9797],[5.2983],[5.6983],[6.0729],[6.2373],[6.0627],[5.5915],[8.9424],[8.422],[8.0186],[7.6305],[7.1864],[6.678],[6.1],[5.4831],[4.8475],[4.2475],[3.7712],[3.4644],[3.3492],[3.3475],[3.4119],[3.5169],[3.661],[3.9169],[4.2508],[4.6288],[5.0424],[5.5119],[6.0322],[6.5254],[6.8339],[6.8017],[6.4305],[7.4407],[6.7983],[6.3407],[5.9678],[5.6203],[5.2949],[5.0169],[4.7661],[4.5203],[4.239],[3.9102],[3.5915],[3.3203],[3.1542],[3.1169],[3.1831],[3.3593],[3.5797],[3.8169],[4.0136],[4.1746],[4.4288],[4.8492],[5.4458],[6.0898],[6.5627],[6.7441],[5.9475],[5.3525],[4.9983],[4.8],[4.6627],[4.5797],[4.5814],[4.6695],[4.8034],[4.9169],[4.9102],[4.7288],[4.4424],[4.1644],[4.0068],[3.9864],[4.0559],[4.1102],[4.0339],[3.8153],[3.5424],[3.4034],[3.5712],[4.1305],[5],[5.9017],[6.6271],[4.7034],[4.1475],[3.9288],[3.9949],[4.2271],[4.4983],[4.7508],[4.9983],[5.2525],[5.522],[5.739],[5.7831],[5.6627],[5.4508],[5.3271],[5.3678],[5.5068],[5.561],[5.3949],[5.022],[4.5627],[4.2169],[4.1678],[4.5102],[5.2068],[6.0169],[6.7254],[3.961],[3.3763],[3.1593],[3.3203],[3.7898],[4.2966],[4.6475],[4.7729],[4.8119],[4.9373],[5.2373],[5.5746],[5.8339],[5.9847],[6.1763],[6.5017],[6.9237],[7.2322],[7.3017],[7.1559],[6.9339],[6.7441],[6.6407],[6.6797],[6.8898],[7.1966],[7.4424],[3.6356],[3.1186],[2.8102],[2.8237],[3.1475],[3.539],[3.7288],[3.5763],[3.278],[3.1729],[3.5085],[4.2085],[5.0288],[5.7288],[6.3186],[6.9373],[7.6],[8.178],[8.5525],[8.7712],[8.9441],[9.0627],[9.0458],[8.878],[8.678],[8.6424],[8.6169],[3.0441],[2.8746],[2.6576],[2.5085],[2.5424],[2.6915],[2.7288],[2.4949],[2.1068],[1.9305],[2.3288],[3.2864],[4.4593],[5.461],[6.1966],[6.8271],[7.5017],[8.1441],[8.6627],[9.0644],[9.4712],[9.8153],[9.9102],[9.6966],[9.4542],[9.5051],[9.8102],[1.9983],[2.3085],[2.4288],[2.439],[2.4932],[2.6661],[2.8797],[2.9746],[2.9102],[2.9186],[3.2797],[4.0593],[5.0051],[5.7678],[6.2254],[6.5932],[7.1],[7.6881],[8.1864],[8.5814],[8.9814],[9.3559],[9.5441],[9.4729],[9.4119],[9.7932],[10.6068],[1.5542],[2.1153],[2.5525],[2.9153],[3.2847],[3.7712],[4.3593],[4.9492],[5.3881],[5.6119],[5.7441],[5.9322],[6.1847],[6.3525],[6.3932],[6.5322],[6.9407],[7.5271],[7.9932],[8.2492],[8.4746],[8.7932],[9.1034],[9.2508],[9.3949],[9.8559],[10.6644],[2.7576],[3.2424],[3.6492],[4.1136],[4.6627],[5.2627],[5.9288],[6.6763],[7.3237],[7.6271],[7.5068],[7.139],[6.7864],[6.5627],[6.4847],[6.6847],[7.1983],[7.8305],[8.2559],[8.3203],[8.3034],[8.4746],[8.8339],[9.1847],[9.422],[9.5983],[9.7576],[4.6627],[4.9983],[5.1068],[5.2729],[5.5576],[5.8525],[6.1458],[6.5492],[7.0153],[7.2814],[7.1186],[6.6695],[6.2525],[6.0983],[6.2593],[6.6915],[7.3458],[7.9898],[8.3051],[8.2153],[7.9458],[7.8712],[8.0932],[8.4237],[8.6017],[8.4339],[7.839],[4.8203],[5.1746],[5.0627],[4.8559],[4.7898],[4.7475],[4.639],[4.5763],[4.7288],[4.9627],[5.0746],[4.9763],[4.9017],[5.0085],[5.3627],[5.8712],[6.4712],[6.9915],[7.2305],[7.1068],[6.7814],[6.4864],[6.3678],[6.3797],[6.3441],[5.9542],[5.0322],[1.8847],[2.3831],[2.3559],[2.1169],[2.0322],[2.0763],[2.0017],[1.8237],[1.7966],[2.0831],[2.5034],[2.8542],[3.078],[3.2627],[3.4678],[3.7186],[4.0542],[4.4068],[4.6542],[4.7169],[4.6068],[4.3356],[3.9288],[3.5034],[3.1051],[2.6186],[1.778]]},{"header":{"disciplineName":["Meteorological products"],"parameterCategory":[2],"parameterCategoryName":["v-component of wind"],"parameterNumberName":["v-component of wind"],"parameterNumber":[3],"parameterUnits":["m s-1"],"refTime":["2017-03-17T0000:00.000Z"],"numberPoints":[621],"nx":[27],"ny":[23],"lo1":[-20],"la1":[70],"lo2":[45],"la2":[45],"dx":[2.5],"dy":[2.5]},"data":[[1.5831],[1.9915],[2.3136],[2.5237],[2.5915],[2.5254],[2.3271],[2.0102],[1.6017],[1.1373],[0.6373],[0.1407],[-0.2458],[-0.5169],[-0.6271],[-0.5458],[-0.3254],[-0.0085],[0.3186],[0.539],[0.6153],[0.4864],[0.1559],[-0.3203],[-0.8644],[-1.3678],[-1.7678],[3.8068],[3.9763],[3.9424],[3.739],[3.4051],[3.0153],[2.5983],[2.1729],[1.7458],[1.2559],[0.7475],[0.1949],[-0.339],[-0.7746],[-1.0542],[-1.1305],[-0.9814],[-0.6661],[-0.2983],[0.0203],[0.1814],[0.1136],[-0.1661],[-0.6271],[-1.1356],[-1.5797],[-1.8508],[5.9017],[5.778],[5.3424],[4.7102],[4.0034],[3.3271],[2.7695],[2.3254],[1.9237],[1.5017],[0.9559],[0.278],[-0.4932],[-1.2559],[-1.8831],[-2.2559],[-2.3186],[-2.0814],[-1.6424],[-1.1458],[-0.7203],[-0.4847],[-0.4746],[-0.6288],[-0.8661],[-1.0678],[-1.1203],[7.0068],[6.6542],[5.9881],[5.1186],[4.2102],[3.4017],[2.7729],[2.3136],[1.939],[1.5119],[0.9322],[0.1593],[-0.7881],[-1.8051],[-2.6831],[-3.3169],[-3.5492],[-3.3915],[-2.922],[-2.2644],[-1.5814],[-1],[-0.5983],[-0.3729],[-0.2441],[-0.1627],[-0.0305],[7.0237],[6.6034],[5.9186],[5.0712],[4.1729],[3.3373],[2.6288],[2.0492],[1.5441],[1.0186],[0.3729],[-0.4203],[-1.3458],[-2.2949],[-3.122],[-3.7051],[-3.9407],[-3.8237],[-3.3983],[-2.7559],[-2.0203],[-1.2881],[-0.6424],[-0.1186],[0.278],[0.5881],[0.8339],[6.3254],[5.9458],[5.4169],[4.7475],[3.9949],[3.1966],[2.3949],[1.6254],[0.8864],[0.1814],[-0.5559],[-1.3034],[-2.0356],[-2.6983],[-3.2],[-3.4983],[-3.5678],[-3.4356],[-3.1322],[-2.6881],[-2.1102],[-1.4288],[-0.7169],[-0.0322],[0.5492],[0.9949],[1.3085],[5.322],[4.9593],[4.5661],[4.0864],[3.4898],[2.8],[2.0017],[1.1441],[0.3051],[-0.4831],[-1.2288],[-1.9102],[-2.5017],[-2.9492],[-3.1966],[-3.2627],[-3.1881],[-3.0559],[-2.8729],[-2.6153],[-2.1915],[-1.5593],[-0.7831],[0.0305],[0.7322],[1.2542],[1.5898],[4.3271],[3.8881],[3.4729],[3.0458],[2.5593],[1.961],[1.2763],[0.5576],[-0.1068],[-0.7051],[-1.2661],[-1.839],[-2.4034],[-2.922],[-3.2593],[-3.378],[-3.3305],[-3.2169],[-3.0627],[-2.8254],[-2.3627],[-1.6136],[-0.6746],[0.2678],[1.0085],[1.478],[1.7712],[3.6169],[3.0475],[2.478],[1.9356],[1.4102],[0.8085],[0.1932],[-0.3576],[-0.7136],[-0.8949],[-1.0407],[-1.3288],[-1.8966],[-2.6102],[-3.2661],[-3.6458],[-3.7305],[-3.6034],[-3.3576],[-2.9712],[-2.3356],[-1.4153],[-0.3373],[0.6136],[1.2373],[1.5186],[1.6458],[3.1729],[2.5288],[1.7949],[1.0763],[0.3763],[-0.3441],[-1.0492],[-1.6034],[-1.8017],[-1.6136],[-1.2542],[-1.1051],[-1.4356],[-2.2051],[-3.0695],[-3.6542],[-3.7847],[-3.5508],[-3.1186],[-2.5407],[-1.7881],[-0.8102],[0.2102],[0.9695],[1.2644],[1.1983],[1.0932],[2.7102],[2.0814],[1.2119],[0.3186],[-0.5068],[-1.3203],[-2.1356],[-2.8034],[-3.0458],[-2.7034],[-2.0017],[-1.3966],[-1.3627],[-1.9576],[-2.8051],[-3.3847],[-3.4305],[-3.0034],[-2.3458],[-1.6322],[-0.8407],[0.0373],[0.8458],[1.2932],[1.2169],[0.8136],[0.5153],[2.0949],[1.5169],[0.5136],[-0.5119],[-1.3407],[-2.0254],[-2.7034],[-3.3322],[-3.6559],[-3.3864],[-2.6424],[-1.8593],[-1.5712],[-1.9661],[-2.6831],[-3.2237],[-3.1729],[-2.5949],[-1.7508],[-0.8983],[-0.061],[0.7661],[1.4441],[1.7153],[1.4695],[0.9119],[0.5068],[1.4729],[0.9797],[-0.0915],[-1.1661],[-1.8864],[-2.261],[-2.5729],[-2.9593],[-3.2661],[-3.2339],[-2.7797],[-2.1695],[-1.9],[-2.1763],[-2.8254],[-3.3542],[-3.3559],[-2.7949],[-1.8915],[-0.9153],[0.0983],[1.0898],[1.9153],[2.2864],[2.1407],[1.6559],[1.2492],[0.8966],[0.5983],[-0.3085],[-1.2576],[-1.8051],[-1.9441],[-1.9644],[-2.1119],[-2.4186],[-2.6576],[-2.6271],[-2.3898],[-2.2356],[-2.4254],[-2.9627],[-3.4966],[-3.6695],[-3.3271],[-2.5475],[-1.4932],[-0.2475],[1.0729],[2.2085],[2.8644],[2.9203],[2.5729],[2.1644],[0.0932],[0.1288],[-0.322],[-0.9102],[-1.3051],[-1.4356],[-1.4407],[-1.5475],[-1.861],[-2.2576],[-2.5153],[-2.5441],[-2.4661],[-2.5356],[-2.8729],[-3.3407],[-3.6441],[-3.5797],[-3.039],[-2.0525],[-0.6746],[0.8864],[2.2898],[3.1458],[3.3356],[3.0203],[2.5475],[-0.9966],[-0.6542],[-0.6186],[-0.8119],[-1.0864],[-1.3102],[-1.4542],[-1.578],[-1.7746],[-2.0542],[-2.2847],[-2.3763],[-2.3508],[-2.4034],[-2.6373],[-2.9881],[-3.2797],[-3.3237],[-3.0017],[-2.2237],[-0.9458],[0.6339],[2.1153],[3.0525],[3.2661],[2.9356],[2.3525],[-1.8203],[-1.4017],[-1.1763],[-1.2186],[-1.4593],[-1.7407],[-1.8932],[-1.861],[-1.7322],[-1.6153],[-1.5797],[-1.6169],[-1.7881],[-2.1068],[-2.5],[-2.7949],[-2.9017],[-2.8339],[-2.6102],[-2.0847],[-1.0949],[0.3051],[1.7373],[2.7424],[3.0983],[2.8983],[2.3322],[-1.7424],[-1.4712],[-1.4322],[-1.6136],[-1.8949],[-2.122],[-2.1458],[-1.8831],[-1.4271],[-0.9339],[-0.6102],[-0.6475],[-1.1017],[-1.8305],[-2.4763],[-2.7203],[-2.561],[-2.3051],[-2.1356],[-1.8695],[-1.1932],[0.0169],[1.4356],[2.6051],[3.2847],[3.4492],[3.1017],[-0.8966],[-0.839],[-1.0729],[-1.3949],[-1.6559],[-1.7949],[-1.7492],[-1.4644],[-0.9814],[-0.4288],[-0.0814],[-0.1695],[-0.7831],[-1.6424],[-2.2661],[-2.3153],[-1.9576],[-1.6542],[-1.6441],[-1.6576],[-1.1441],[0.0288],[1.5254],[2.8797],[3.8492],[4.3373],[4.1847],[0.0458],[-0.1119],[-0.4068],[-0.5949],[-0.6627],[-0.7424],[-0.8237],[-0.7949],[-0.5915],[-0.3305],[-0.2271],[-0.4576],[-0.9627],[-1.4763],[-1.6339],[-1.3203],[-0.8983],[-0.8169],[-1.1305],[-1.339],[-0.839],[0.4407],[2.0441],[3.4559],[4.4],[4.8],[4.4661],[0.7864],[0.3661],[0.1814],[0.322],[0.4983],[0.4051],[0.0949],[-0.1695],[-0.261],[-0.3373],[-0.6017],[-0.9966],[-1.3136],[-1.2407],[-0.7254],[-0.039],[0.3492],[0.1169],[-0.4847],[-0.7881],[-0.3017],[0.9932],[2.5966],[3.9102],[4.5475],[4.3661],[3.3847],[1.4966],[0.7831],[0.6475],[0.9797],[1.2305],[1.022],[0.5322],[0.1593],[0.0017],[-0.1949],[-0.6661],[-1.1915],[-1.322],[-0.7831],[0.2017],[1.0983],[1.4136],[1.0559],[0.4203],[0.0525],[0.3458],[1.3254],[2.7068],[3.9],[4.2271],[3.3458],[1.5458],[2.139],[1.322],[1.0729],[1.2542],[1.3085],[0.9153],[0.3373],[0.0085],[-0.0186],[-0.139],[-0.5492],[-0.9458],[-0.8458],[-0.0729],[1.022],[1.878],[2.1254],[1.8831],[1.4339],[1.0424],[0.8678],[1.2288],[2.2102],[3.3254],[3.5186],[2.1492],[-0.2169]]}]