html/data/WT_pct09_ind_wt_3_6.json
[{"header":{"disciplineName":["Meteorological products"],"parameterCategory":[0],"parameterCategoryName":["Temperature"],"parameterNumberName":["Temperature"],"parameterNumber":[0],"parameterUnits":["K"],"refTime":["2017-03-17T0000:00.000Z"],"numberPoints":[621],"nx":[27],"ny":[23],"lo1":[-20],"la1":[70],"lo2":[45],"la2":[45],"dx":[2.5],"dy":[2.5]},"data":[[-13.6549],[-12.8381],[-12.0127],[-11.2224],[-10.4986],[-9.8608],[-9.3392],[-8.9365],[-8.6597],[-8.4976],[-8.4408],[-8.4754],[-8.5668],[-8.7116],[-8.8835],[-9.0722],[-9.2749],[-9.4808],[-9.6841],[-9.8992],[-10.11],[-10.3278],[-10.5549],[-10.7927],[-11.0543],[-11.3457],[-11.6814],[-10.8684],[-10.3365],[-9.8154],[-9.3116],[-8.8278],[-8.3949],[-8.0165],[-7.7165],[-7.5019],[-7.3943],[-7.3759],[-7.443],[-7.5781],[-7.757],[-7.9749],[-8.21],[-8.4581],[-8.7105],[-8.9705],[-9.2214],[-9.4624],[-9.6878],[-9.8884],[-10.07],[-10.2559],[-10.4495],[-10.67],[-8.1814],[-7.9981],[-7.8143],[-7.6019],[-7.3597],[-7.097],[-6.8435],[-6.6338],[-6.497],[-6.4538],[-6.5122],[-6.6592],[-6.8738],[-7.1214],[-7.3954],[-7.6608],[-7.9349],[-8.1997],[-8.4678],[-8.7278],[-8.9765],[-9.1895],[-9.3641],[-9.5035],[-9.6095],[-9.7068],[-9.8176],[-6.0689],[-6.0678],[-6.0489],[-5.9927],[-5.8814],[-5.7419],[-5.6035],[-5.5122],[-5.4981],[-5.5954],[-5.7943],[-6.077],[-6.3938],[-6.7078],[-6.9959],[-7.2241],[-7.4192],[-7.6057],[-7.7911],[-7.9916],[-8.1965],[-8.3938],[-8.5619],[-8.6857],[-8.7786],[-8.8446],[-8.923],[-4.5732],[-4.5068],[-4.4527],[-4.3965],[-4.3408],[-4.3084],[-4.2981],[-4.3516],[-4.4922],[-4.7381],[-5.0759],[-5.47],[-5.8554],[-6.1911],[-6.4327],[-6.5803],[-6.6743],[-6.7446],[-6.8451],[-6.9857],[-7.1732],[-7.3689],[-7.5527],[-7.6932],[-7.7954],[-7.8695],[-7.943],[-3.33],[-3.1127],[-2.97],[-2.9073],[-2.9257],[-3.0046],[-3.1284],[-3.3035],[-3.5386],[-3.8435],[-4.2219],[-4.6343],[-5.023],[-5.3381],[-5.5489],[-5.6538],[-5.7122],[-5.7646],[-5.8711],[-6.037],[-6.2495],[-6.4662],[-6.6516],[-6.7857],[-6.863],[-6.9132],[-6.9608],[-2.0408],[-1.8035],[-1.6835],[-1.6986],[-1.8224],[-2.0214],[-2.2457],[-2.4689],[-2.7057],[-2.9835],[-3.3089],[-3.6792],[-4.0403],[-4.3446],[-4.5624],[-4.7089],[-4.8203],[-4.9349],[-5.0986],[-5.2959],[-5.5062],[-5.6895],[-5.8349],[-5.9219],[-5.9608],[-5.9732],[-5.9808],[-0.6997],[-0.5759],[-0.5614],[-0.6662],[-0.8792],[-1.1543],[-1.4424],[-1.6976],[-1.9332],[-2.1705],[-2.4527],[-2.7814],[-3.1273],[-3.4505],[-3.71],[-3.9116],[-4.0738],[-4.2214],[-4.3711],[-4.5003],[-4.6057],[-4.6776],[-4.7327],[-4.7841],[-4.8268],[-4.8646],[-4.897],[0.6003],[0.6365],[0.6257],[0.5154],[0.2889],[-0.0322],[-0.3905],[-0.7241],[-1.0057],[-1.2597],[-1.5116],[-1.8024],[-2.1122],[-2.4224],[-2.7111],[-2.9603],[-3.1716],[-3.3273],[-3.4111],[-3.4078],[-3.3327],[-3.2473],[-3.2019],[-3.2462],[-3.3473],[-3.463],[-3.5597],[1.8722],[1.9343],[1.9943],[1.9662],[1.7738],[1.4143],[0.9586],[0.5105],[0.1641],[-0.0727],[-0.243],[-0.4122],[-0.6241],[-0.8851],[-1.2062],[-1.5527],[-1.8862],[-2.1273],[-2.2192],[-2.1316],[-1.9197],[-1.6814],[-1.5505],[-1.5635],[-1.6922],[-1.8359],[-1.9381],[3.1273],[3.2241],[3.3419],[3.3732],[3.197],[2.7992],[2.2835],[1.7981],[1.477],[1.3408],[1.3214],[1.3214],[1.2365],[1.0024],[0.6078],[0.103],[-0.4149],[-0.8062],[-0.9689],[-0.8635],[-0.5614],[-0.2078],[0.0338],[0.0911],[0.0057],[-0.1014],[-0.1781],[4.2808],[4.3538],[4.4408],[4.4316],[4.2495],[3.8754],[3.4235],[3.0386],[2.8414],[2.8057],[2.8786],[2.9462],[2.8841],[2.6322],[2.1641],[1.5581],[0.9614],[0.5381],[0.4111],[0.5808],[0.9711],[1.4035],[1.7322],[1.8808],[1.8592],[1.7597],[1.6641],[5.2916],[5.3051],[5.3116],[5.2538],[5.1046],[4.8732],[4.6262],[4.4457],[4.3462],[4.3078],[4.2738],[4.2176],[4.0776],[3.79],[3.3489],[2.8132],[2.3473],[2.1051],[2.1462],[2.4349],[2.8749],[3.3246],[3.69],[3.9019],[3.9262],[3.8468],[3.7338],[6.2386],[6.2208],[6.1943],[6.1678],[6.1792],[6.1992],[6.2322],[6.2316],[6.1419],[5.9381],[5.6646],[5.3997],[5.1678],[4.9343],[4.623],[4.2689],[3.9938],[3.9441],[4.1127],[4.4246],[4.7846],[5.1754],[5.5797],[5.8992],[6.043],[6.057],[6.1057],[7.1532],[7.1457],[7.1738],[7.3224],[7.5992],[7.9322],[8.1911],[8.2695],[8.0976],[7.6992],[7.2203],[6.823],[6.5878],[6.4468],[6.27],[6.0214],[5.81],[5.7635],[5.8716],[6.043],[6.243],[6.603],[7.1635],[7.743],[8.0895],[8.2138],[8.4722],[7.9981],[8.0376],[8.2078],[8.6127],[9.1927],[9.7711],[10.143],[10.1986],[9.9386],[9.4711],[8.9543],[8.5538],[8.3381],[8.2268],[8.0619],[7.783],[7.4873],[7.3257],[7.3095],[7.3559],[7.5116],[7.9916],[8.8873],[9.8678],[10.383],[10.3511],[10.403],[8.8035],[8.9522],[9.3165],[9.9473],[10.7235],[11.4073],[11.7786],[11.7986],[11.5716],[11.2468],[10.9111],[10.5932],[10.3132],[10.0549],[9.7662],[9.3976],[9.0305],[8.8392],[8.8511],[8.9754],[9.2462],[9.9343],[11.2051],[12.6008],[13.2565],[12.8154],[12.0641],[9.7381],[10.1165],[10.6635],[11.3651],[12.123],[12.7532],[13.0981],[13.1678],[13.143],[13.1689],[13.1705],[12.9722],[12.5441],[12.0116],[11.537],[11.11],[10.7619],[10.6122],[10.7392],[11.0473],[11.4576],[12.2105],[13.6105],[15.3376],[16.3295],[15.7949],[14.2851],[11.0522],[11.7105],[12.3495],[12.9289],[13.4765],[13.9657],[14.3192],[14.5359],[14.7976],[15.2138],[15.5684],[15.4857],[14.8808],[14.1046],[13.5143],[13.1305],[12.7965],[12.577],[12.6792],[13.0597],[13.4841],[14.0343],[15.1954],[17.0462],[18.6803],[18.8576],[17.4684],[12.8657],[13.7359],[14.3862],[14.7462],[15.0408],[15.4051],[15.7862],[16.1224],[16.53],[17.1273],[17.6327],[17.5695],[16.8468],[15.9732],[15.4873],[15.3154],[15.0392],[14.6122],[14.4684],[14.7965],[15.2332],[15.5359],[16.1986],[17.8062],[19.9181],[21.1814],[20.7322],[15.1414],[16.0749],[16.6916],[16.9414],[17.0765],[17.3543],[17.7305],[18.0376],[18.337],[18.7727],[19.1495],[18.9932],[18.2349],[17.4835],[17.3354],[17.6035],[17.5511],[16.9997],[16.5851],[16.8441],[17.4614],[17.7954],[18.0343],[18.963],[20.7614],[22.3781],[22.6495],[17.5408],[18.4181],[19.0257],[19.29],[19.4176],[19.6332],[19.9176],[20.0938],[20.1749],[20.3197],[20.4576],[20.2246],[19.5781],[19.097],[19.3786],[20.1516],[20.5197],[20.0727],[19.4943],[19.6505],[20.477],[21.1414],[21.2857],[21.4776],[22.1927],[22.9668],[22.9051],[19.443],[20.19],[20.7765],[21.1159],[21.283],[21.4527],[21.643],[21.7532],[21.7554],[21.7797],[21.8208],[21.6981],[21.3527],[21.2165],[21.7489],[22.7749],[23.4754],[23.2992],[22.6781],[22.5603],[23.2462],[24.1581],[24.5884],[24.5197],[24.2516],[23.7468],[22.6543]]},{"header":{"disciplineName":["Meteorological products"],"parameterCategory":[2],"parameterCategoryName":["u-component of wind"],"parameterNumberName":["u-component of wind"],"parameterNumber":[2],"parameterUnits":["m s-1"],"refTime":["2017-03-17T0000:00.000Z"],"numberPoints":[621],"nx":[27],"ny":[23],"lo1":[-20],"la1":[70],"lo2":[45],"la2":[45],"dx":[2.5],"dy":[2.5]},"data":[[2.1541],[2.4584],[2.6503],[2.7297],[2.7454],[2.7162],[2.6946],[2.7232],[2.8146],[2.9724],[3.1849],[3.4157],[3.6405],[3.8297],[3.9611],[4.047],[4.0962],[4.1249],[4.1595],[4.2108],[4.2741],[4.3605],[4.453],[4.5341],[4.6151],[4.6859],[4.7643],[3.0811],[3.5627],[3.8384],[3.9405],[3.9065],[3.8038],[3.6881],[3.6335],[3.673],[3.8076],[4.0184],[4.2562],[4.4638],[4.593],[4.6308],[4.5795],[4.4676],[4.3384],[4.2405],[4.2027],[4.2384],[4.3389],[4.4957],[4.6843],[4.8962],[5.12],[5.3789],[4.5049],[4.9486],[5.2043],[5.2897],[5.2416],[5.1097],[4.9627],[4.8476],[4.8086],[4.8514],[4.9384],[5.0395],[5.0914],[5.0514],[4.9114],[4.6849],[4.4216],[4.1843],[4.04],[4.0189],[4.1286],[4.347],[4.6541],[5.0022],[5.3773],[5.7649],[6.1697],[5.9286],[6.1924],[6.3719],[6.467],[6.4751],[6.4054],[6.2686],[6.0832],[5.8751],[5.6692],[5.4757],[5.2746],[5.0497],[4.8],[4.5222],[4.2465],[4.0238],[3.8914],[3.8968],[4.0389],[4.3065],[4.6611],[5.0546],[5.4605],[5.8557],[6.247],[6.6243],[7.2568],[7.3319],[7.4308],[7.5324],[7.5984],[7.5724],[7.4043],[7.0919],[6.6638],[6.16],[5.6454],[5.1503],[4.7032],[4.3249],[4.0405],[3.8654],[3.8341],[3.9324],[4.1595],[4.4643],[4.8103],[5.1584],[5.4741],[5.7465],[5.987],[6.2135],[6.4449],[8.567],[8.5173],[8.5049],[8.5173],[8.4795],[8.3384],[8.0476],[7.613],[7.0762],[6.4989],[5.9341],[5.4178],[4.9849],[4.6416],[4.4049],[4.3097],[4.3432],[4.5016],[4.7314],[4.9908],[5.2259],[5.4227],[5.5622],[5.6681],[5.7708],[5.8816],[6.0195],[9.7103],[9.5741],[9.4],[9.1643],[8.8541],[8.4492],[7.9924],[7.5119],[7.0941],[6.773],[6.5427],[6.3692],[6.1941],[5.9849],[5.7638],[5.5481],[5.3897],[5.2849],[5.2222],[5.1935],[5.1897],[5.2114],[5.2768],[5.3822],[5.5254],[5.6714],[5.8276],[10.2762],[10.0427],[9.6849],[9.2157],[8.6519],[8.0562],[7.5027],[7.0903],[6.8686],[6.8665],[7.0103],[7.1908],[7.2924],[7.2297],[7.0032],[6.6519],[6.24],[5.8216],[5.4292],[5.1059],[4.9038],[4.8589],[4.9778],[5.2108],[5.4611],[5.6535],[5.7519],[10.0422],[9.6919],[9.2492],[8.7432],[8.2027],[7.6784],[7.2114],[6.8605],[6.6573],[6.6135],[6.7011],[6.8481],[6.9757],[6.9946],[6.8751],[6.6314],[6.2919],[5.8914],[5.4789],[5.1146],[4.8832],[4.8622],[5.0351],[5.307],[5.52],[5.553],[5.4065],[9.2524],[8.7995],[8.3757],[8.0173],[7.7292],[7.4838],[7.2405],[6.9341],[6.5449],[6.1108],[5.7227],[5.4562],[5.3422],[5.3465],[5.4157],[5.5076],[5.5681],[5.5578],[5.4584],[5.3189],[5.2135],[5.2324],[5.3816],[5.5373],[5.5422],[5.2957],[4.8535],[8.3314],[7.8076],[7.3827],[7.0903],[6.9562],[6.9384],[6.9195],[6.7573],[6.3395],[5.7059],[5.0027],[4.3989],[4.0357],[3.9308],[4.0373],[4.3054],[4.6459],[4.9886],[5.2422],[5.367],[5.4211],[5.4795],[5.5654],[5.6],[5.4611],[5.0957],[4.6135],[7.3222],[6.7622],[6.2589],[5.8562],[5.6405],[5.6514],[5.8286],[5.9973],[5.9973],[5.7654],[5.36],[4.9162],[4.5292],[4.2422],[4.0849],[4.0876],[4.2714],[4.5946],[4.927],[5.1665],[5.2784],[5.3254],[5.3524],[5.3535],[5.2665],[5.0741],[4.8616],[5.9411],[5.4324],[4.9519],[4.52],[4.2692],[4.3124],[4.6789],[5.2541],[5.8546],[6.3146],[6.5811],[6.6184],[6.4281],[6.0297],[5.5362],[5.1184],[4.9357],[4.9935],[5.1665],[5.2946],[5.293],[5.2103],[5.1286],[5.0897],[5.1086],[5.1541],[5.2389],[4.2238],[3.8995],[3.7027],[3.6205],[3.6886],[3.9757],[4.5108],[5.2276],[6.0146],[6.7703],[7.4043],[7.8254],[7.9351],[7.7114],[7.2697],[6.8286],[6.5665],[6.4768],[6.4276],[6.3011],[6.047],[5.7427],[5.4914],[5.3605],[5.3605],[5.4616],[5.6086],[2.7638],[2.7205],[2.9616],[3.4222],[3.9832],[4.5584],[5.0697],[5.4924],[5.8654],[6.2859],[6.8108],[7.3811],[7.8724],[8.1751],[8.3043],[8.3622],[8.4011],[8.3692],[8.1611],[7.7708],[7.2946],[6.8632],[6.5384],[6.3557],[6.327],[6.3865],[6.4124],[2.0811],[2.2968],[2.8292],[3.5741],[4.3216],[4.8605],[5.0649],[4.9822],[4.8178],[4.8265],[5.1935],[5.9238],[6.8465],[7.7378],[8.4946],[9.0578],[9.3968],[9.4195],[9.1081],[8.6065],[8.1373],[7.8297],[7.6638],[7.6081],[7.7022],[7.8914],[7.987],[1.973],[2.4232],[3.0243],[3.6595],[4.1449],[4.3173],[4.1573],[3.833],[3.5908],[3.6573],[4.1843],[5.1195],[6.2616],[7.327],[8.1568],[8.7189],[9],[8.987],[8.7146],[8.3746],[8.1854],[8.1778],[8.2535],[8.3751],[8.6838],[9.2173],[9.7297],[2.0227],[2.7027],[3.3232],[3.7935],[3.9897],[3.8886],[3.6659],[3.5546],[3.7168],[4.18],[4.8978],[5.7784],[6.6324],[7.2454],[7.5622],[7.6946],[7.773],[7.8211],[7.8249],[7.8681],[8.0303],[8.2541],[8.3886],[8.4805],[8.8211],[9.5914],[10.5276],[2.4341],[3.2541],[3.9114],[4.3741],[4.5773],[4.5692],[4.5957],[4.9],[5.4741],[6.1027],[6.6205],[6.9832],[7.1643],[7.1173],[6.9092],[6.7643],[6.8849],[7.2503],[7.6443],[7.9914],[8.2957],[8.4978],[8.4908],[8.3568],[8.46],[9.0389],[9.8768],[3.6578],[4.3632],[4.8638],[5.2508],[5.5146],[5.6827],[5.9535],[6.4611],[7.0843],[7.4881],[7.5319],[7.313],[6.9968],[6.6346],[6.3459],[6.3805],[6.8654],[7.5854],[8.1789],[8.4941],[8.6216],[8.6265],[8.4762],[8.2135],[8.047],[8.1065],[8.2351],[5.0832],[5.4503],[5.507],[5.507],[5.54],[5.6178],[5.82],[6.2043],[6.6265],[6.8054],[6.6438],[6.3189],[6.0054],[5.7838],[5.7595],[6.1378],[6.9124],[7.7411],[8.1946],[8.2114],[8.0492],[7.9011],[7.7384],[7.5232],[7.2789],[6.9],[6.1941],[4.8768],[4.9714],[4.6497],[4.2432],[3.9368],[3.7508],[3.7162],[3.873],[4.147],[4.3573],[4.44],[4.4708],[4.4881],[4.4946],[4.6081],[5.0476],[5.7741],[6.407],[6.5995],[6.4216],[6.2178],[6.1027],[5.9703],[5.7492],[5.4773],[4.9654],[3.873],[1.8081],[1.8719],[1.6162],[1.2778],[1.0324],[0.8968],[0.8211],[0.8654],[1.0568],[1.3805],[1.7611],[2.1416],[2.3881],[2.4405],[2.4384],[2.6551],[3.0989],[3.4573],[3.5346],[3.5341],[3.6746],[3.8092],[3.6054],[3.1508],[2.7346],[2.2865],[1.333]]},{"header":{"disciplineName":["Meteorological products"],"parameterCategory":[2],"parameterCategoryName":["v-component of wind"],"parameterNumberName":["v-component of wind"],"parameterNumber":[3],"parameterUnits":["m s-1"],"refTime":["2017-03-17T0000:00.000Z"],"numberPoints":[621],"nx":[27],"ny":[23],"lo1":[-20],"la1":[70],"lo2":[45],"la2":[45],"dx":[2.5],"dy":[2.5]},"data":[[-0.3919],[-0.18],[0.1027],[0.4173],[0.7373],[1.0124],[1.2281],[1.3654],[1.4032],[1.3568],[1.2346],[1.0584],[0.8622],[0.6719],[0.5222],[0.4162],[0.347],[0.2919],[0.2168],[0.1108],[-0.0551],[-0.2692],[-0.507],[-0.733],[-0.9173],[-1.0378],[-1.0784],[0.7832],[0.7216],[0.687],[0.6924],[0.7454],[0.8481],[0.9811],[1.1319],[1.2384],[1.2865],[1.2568],[1.1514],[0.9995],[0.827],[0.6876],[0.5962],[0.5492],[0.5211],[0.4838],[0.3876],[0.2232],[0.007],[-0.2281],[-0.4297],[-0.5438],[-0.5541],[-0.4595],[1.9676],[1.5735],[1.1854],[0.8638],[0.6632],[0.5984],[0.6751],[0.8378],[1.0097],[1.1351],[1.1514],[1.0454],[0.8497],[0.6265],[0.4368],[0.3335],[0.3265],[0.3946],[0.4811],[0.5362],[0.5243],[0.4546],[0.367],[0.3097],[0.3335],[0.4551],[0.6476],[2.6443],[2.0589],[1.4735],[0.9573],[0.5908],[0.3957],[0.3724],[0.4762],[0.6292],[0.7308],[0.7276],[0.5968],[0.3611],[0.1141],[-0.0703],[-0.1119],[0.0076],[0.2384],[0.5124],[0.7659],[0.9454],[1.0611],[1.1465],[1.2562],[1.4108],[1.5989],[1.7795],[2.8346],[2.2595],[1.68],[1.1216],[0.633],[0.2519],[0.0173],[-0.0811],[-0.0827],[-0.0659],[-0.0908],[-0.1989],[-0.3535],[-0.4914],[-0.5038],[-0.3492],[-0.0357],[0.3686],[0.7849],[1.1222],[1.3741],[1.5492],[1.7135],[1.9124],[2.14],[2.3432],[2.4589],[2.7762],[2.3195],[1.82],[1.2465],[0.6043],[-0.0378],[-0.573],[-0.9319],[-1.0886],[-1.1157],[-1.0843],[-1.0751],[-1.0719],[-1.0124],[-0.8043],[-0.4189],[0.1027],[0.6492],[1.1081],[1.4259],[1.613],[1.7524],[1.9232],[2.1692],[2.4405],[2.6622],[2.7222],[2.5119],[2.0946],[1.6097],[0.9741],[0.1897],[-0.6524],[-1.3751],[-1.8232],[-1.9605],[-1.8703],[-1.7016],[-1.5854],[-1.527],[-1.4335],[-1.167],[-0.6865],[-0.0535],[0.5903],[1.0984],[1.4259],[1.6308],[1.8135],[2.0681],[2.4011],[2.7308],[2.9443],[2.9481],[1.9514],[1.4454],[0.9092],[0.2497],[-0.5703],[-1.4162],[-2.0805],[-2.3914],[-2.3114],[-1.9843],[-1.6659],[-1.5303],[-1.6049],[-1.7168],[-1.653],[-1.2914],[-0.6865],[-0.0005],[0.6038],[1.0735],[1.4795],[1.9059],[2.3876],[2.8611],[3.2038],[3.3195],[3.1957],[1.2519],[0.6238],[0.0638],[-0.5362],[-1.2292],[-1.9368],[-2.4659],[-2.6308],[-2.3876],[-1.8908],[-1.4416],[-1.2849],[-1.4627],[-1.7811],[-1.9519],[-1.7919],[-1.3249],[-0.7022],[-0.0714],[0.5486],[1.2114],[1.9616],[2.7173],[3.2914],[3.5432],[3.4459],[3.0984],[0.6995],[0.0027],[-0.5281],[-0.9957],[-1.5108],[-2.1103],[-2.6611],[-2.9486],[-2.8508],[-2.3951],[-1.8459],[-1.487],[-1.4503],[-1.6211],[-1.76],[-1.6697],[-1.3503],[-0.9086],[-0.4157],[0.1741],[0.9659],[1.9211],[2.8265],[3.3886],[3.4422],[3.0816],[2.5541],[0.2946],[-0.4389],[-0.9395],[-1.287],[-1.66],[-2.1935],[-2.8697],[-3.4859],[-3.76],[-3.5427],[-2.9432],[-2.26],[-1.7438],[-1.4643],[-1.2903],[-1.0854],[-0.8189],[-0.553],[-0.2741],[0.1746],[0.9222],[1.9178],[2.8141],[3.2481],[3.0822],[2.5286],[1.9611],[-0.2027],[-0.9508],[-1.4676],[-1.7573],[-1.9622],[-2.3114],[-2.9357],[-3.7043],[-4.2914],[-4.3654],[-3.8638],[-3.0216],[-2.1962],[-1.5773],[-1.1362],[-0.7649],[-0.4146],[-0.1508],[0.0649],[0.427],[1.1114],[2.0514],[2.8562],[3.1346],[2.8141],[2.213],[1.7432],[-0.8303],[-1.5476],[-2.0724],[-2.2984],[-2.267],[-2.2286],[-2.4741],[-3.0622],[-3.7411],[-4.0778],[-3.8773],[-3.2622],[-2.5762],[-2.0265],[-1.5859],[-1.12],[-0.613],[-0.1649],[0.1876],[0.5968],[1.2546],[2.1178],[2.8222],[3.0043],[2.6519],[2.1292],[1.8416],[-1.3659],[-1.9314],[-2.3443],[-2.4319],[-2.1503],[-1.7243],[-1.5595],[-1.8778],[-2.5276],[-3.0854],[-3.2384],[-3.0265],[-2.7119],[-2.4719],[-2.2173],[-1.7703],[-1.1438],[-0.5259],[-0.0524],[0.3908],[1.0103],[1.8038],[2.4665],[2.6703],[2.4238],[2.0703],[1.9357],[-1.6692],[-1.9368],[-2.0697],[-1.9465],[-1.5297],[-1.0049],[-0.7692],[-1.0514],[-1.7151],[-2.3432],[-2.6108],[-2.5578],[-2.4535],[-2.4427],[-2.3838],[-2.0654],[-1.4957],[-0.9238],[-0.5249],[-0.193],[0.3465],[1.1324],[1.8968],[2.2881],[2.2535],[2.0535],[1.9508],[-1.7827],[-1.6908],[-1.4876],[-1.1616],[-0.7719],[-0.4919],[-0.5486],[-1.0168],[-1.6638],[-2.0951],[-2.0935],[-1.8432],[-1.7016],[-1.8254],[-2],[-1.947],[-1.6346],[-1.293],[-1.1168],[-0.9443],[-0.4524],[0.4432],[1.4686],[2.1989],[2.4497],[2.3319],[2.0919],[-1.6854],[-1.3281],[-0.8811],[-0.4843],[-0.2616],[-0.347],[-0.7703],[-1.3719],[-1.8141],[-1.7897],[-1.3308],[-0.8059],[-0.6854],[-1.0562],[-1.5914],[-1.8849],[-1.853],[-1.7449],[-1.7195],[-1.6189],[-1.0859],[-0.0076],[1.3395],[2.473],[3.0665],[3.0611],[2.5951],[-1.2097],[-0.7178],[-0.2627],[0.0368],[0.0286],[-0.3541],[-0.9692],[-1.5076],[-1.613],[-1.1649],[-0.4141],[0.1059],[-0.0157],[-0.7184],[-1.5378],[-2.0092],[-2.0957],[-2.0611],[-2.0746],[-1.9762],[-1.4049],[-0.2216],[1.3292],[2.8178],[3.7995],[4.0405],[3.493],[-0.2768],[0.1832],[0.4805],[0.5746],[0.3605],[-0.1795],[-0.8351],[-1.2568],[-1.1746],[-0.6092],[0.0443],[0.287],[-0.093],[-0.8676],[-1.5432],[-1.8238],[-1.8157],[-1.8054],[-1.9168],[-1.8849],[-1.3578],[-0.2168],[1.3595],[3.0135],[4.3362],[4.9076],[4.4795],[0.9427],[1.2222],[1.3076],[1.2324],[0.9319],[0.3724],[-0.2827],[-0.7276],[-0.7368],[-0.4335],[-0.1697],[-0.2503],[-0.6373],[-0.9984],[-1.0438],[-0.8265],[-0.6849],[-0.8616],[-1.227],[-1.3649],[-0.9497],[0.0692],[1.5189],[3.1189],[4.5081],[5.2422],[4.9141],[2.2216],[2.2076],[2.0665],[1.9043],[1.6416],[1.1622],[0.527],[-0.0059],[-0.2659],[-0.3314],[-0.4562],[-0.7065],[-0.8454],[-0.5551],[0.1324],[0.7778],[0.8908],[0.4097],[-0.2616],[-0.6059],[-0.3562],[0.4605],[1.6832],[3.0638],[4.2378],[4.7535],[4.2714],[3.3697],[3.0059],[2.607],[2.3341],[2.0984],[1.7124],[1.1708],[0.6292],[0.2692],[0.0162],[-0.2643],[-0.473],[-0.2935],[0.4692],[1.5368],[2.2622],[2.1995],[1.4968],[0.6784],[0.1632],[0.107],[0.5389],[1.467],[2.6503],[3.5411],[3.5968],[2.6757],[4.0178],[3.367],[2.6546],[2.1205],[1.7751],[1.4362],[1.04],[0.6768],[0.4178],[0.247],[0.0811],[0.0811],[0.52],[1.453],[2.4676],[2.9659],[2.7324],[2.0627],[1.3519],[0.7114],[0.193],[0.0914],[0.7443],[1.9108],[2.6843],[2.2968],[0.8654]]}]