html/data/WT_pct09_ind_wt_7_3.json
[{"header":{"disciplineName":["Meteorological products"],"parameterCategory":[0],"parameterCategoryName":["Temperature"],"parameterNumberName":["Temperature"],"parameterNumber":[0],"parameterUnits":["K"],"refTime":["2017-03-17T0000:00.000Z"],"numberPoints":[621],"nx":[27],"ny":[23],"lo1":[-20],"la1":[70],"lo2":[45],"la2":[45],"dx":[2.5],"dy":[2.5]},"data":[[0.8413],[0.9126],[1.0091],[1.137],[1.277],[1.4526],[1.6561],[1.8926],[2.1813],[2.5004],[2.8604],[3.2309],[3.61],[3.9648],[4.2726],[4.5222],[4.7083],[4.8143],[4.8543],[4.8483],[4.8083],[4.7543],[4.7117],[4.6883],[4.6996],[4.7387],[4.8057],[1.0865],[1.1883],[1.3161],[1.4674],[1.657],[1.8665],[2.1152],[2.39],[2.7083],[3.0596],[3.4387],[3.8352],[4.2248],[4.6013],[4.9248],[5.1943],[5.3848],[5.5074],[5.5787],[5.5978],[5.6048],[5.6074],[5.6178],[5.6613],[5.7326],[5.837],[5.9526],[1.7709],[1.8578],[1.9665],[2.1091],[2.2943],[2.5083],[2.7535],[3.0404],[3.3543],[3.7013],[4.07],[4.4517],[4.8317],[5.2004],[5.5352],[5.8283],[6.0735],[6.2596],[6.4161],[6.5352],[6.6483],[6.7587],[6.8761],[6.9978],[7.1152],[7.2248],[7.3291],[2.8048],[2.8126],[2.8448],[2.9213],[3.0404],[3.2326],[3.4874],[3.7891],[4.1317],[4.4978],[4.87],[5.2517],[5.6352],[6.0091],[6.3726],[6.6909],[6.9726],[7.2126],[7.4283],[7.6204],[7.8196],[8.0326],[8.2309],[8.4222],[8.5657],[8.6761],[8.7352],[3.823],[3.7317],[3.6778],[3.6752],[3.7552],[3.9439],[4.2239],[4.5709],[4.9526],[5.3387],[5.7274],[6.1074],[6.477],[6.8343],[7.1787],[7.4691],[7.7091],[7.91],[8.0752],[8.2448],[8.4457],[8.683],[8.9483],[9.2109],[9.4283],[9.5891],[9.6996],[4.7135],[4.6091],[4.5196],[4.4874],[4.5517],[4.7465],[5.0387],[5.4091],[5.7917],[6.17],[6.497],[6.8039],[7.1048],[7.3917],[7.6483],[7.8552],[7.9909],[8.0891],[8.1596],[8.2691],[8.4361],[8.6909],[9.01],[9.3465],[9.6683],[9.9396],[10.1691],[5.6987],[5.6178],[5.53],[5.4883],[5.543],[5.7222],[6.0178],[6.357],[6.7013],[7.0048],[7.2535],[7.4674],[7.6596],[7.8413],[8.0022],[8.13],[8.2248],[8.3039],[8.3874],[8.523],[8.7422],[9.0457],[9.3926],[9.7587],[10.0883],[10.397],[10.6735],[6.8535],[6.7483],[6.6274],[6.5657],[6.6152],[6.7917],[7.0787],[7.4048],[7.7291],[8.017],[8.2596],[8.463],[8.6335],[8.7543],[8.8439],[8.9213],[9.0317],[9.1743],[9.3596],[9.6048],[9.8926],[10.2222],[10.5543],[10.8743],[11.1552],[11.4178],[11.697],[7.9691],[7.7665],[7.6283],[7.6013],[7.7109],[7.9483],[8.2639],[8.6222],[8.9883],[9.3726],[9.7543],[10.0935],[10.3361],[10.4422],[10.4317],[10.3804],[10.3787],[10.4839],[10.6665],[10.8778],[11.0917],[11.3187],[11.5813],[11.8857],[12.2091],[12.5726],[13.0083],[8.9039],[8.6813],[8.6439],[8.8022],[9.1117],[9.5039],[9.8978],[10.2935],[10.703],[11.1857],[11.717],[12.2257],[12.5509],[12.5978],[12.3839],[12.063],[11.797],[11.6796],[11.6448],[11.6057],[11.5552],[11.5874],[11.8048],[12.237],[12.8074],[13.4457],[14.1648],[9.7883],[9.7187],[9.9343],[10.3917],[10.9874],[11.5796],[12.0917],[12.517],[12.9204],[13.3778],[13.91],[14.4222],[14.7222],[14.6535],[14.2222],[13.6326],[13.1404],[12.8448],[12.6535],[12.417],[12.1639],[12.1143],[12.4674],[13.2126],[14.0822],[14.8596],[15.5187],[10.7709],[10.9309],[11.3961],[12.0961],[12.9083],[13.7204],[14.4457],[15.01],[15.4152],[15.7422],[16.0665],[16.3743],[16.5083],[16.3196],[15.7717],[15.1074],[14.6413],[14.4917],[14.4987],[14.437],[14.3422],[14.5117],[15.2474],[16.4361],[17.5622],[18.1648],[18.1952],[11.7839],[12.0796],[12.6213],[13.3926],[14.363],[15.4709],[16.5978],[17.5039],[18.0448],[18.2309],[18.2013],[18.15],[18.0422],[17.7143],[17.1109],[16.4735],[16.17],[16.3674],[16.8387],[17.25],[17.5683],[18.1639],[19.3883],[21.0848],[22.5587],[23.0987],[22.5961],[12.703],[13.0361],[13.5778],[14.4335],[15.6761],[17.243],[18.8883],[20.2413],[20.9404],[20.9517],[20.557],[20.0917],[19.663],[19.1204],[18.3465],[17.5743],[17.2309],[17.5561],[18.3065],[19.0543],[19.6674],[20.5439],[22.137],[24.3039],[26.2996],[27.3752],[27.3465],[13.6457],[14.0796],[14.8057],[16.0265],[17.7657],[19.8404],[21.8787],[23.3917],[24.0143],[23.783],[23.0422],[22.2178],[21.4709],[20.623],[19.5465],[18.4422],[17.7857],[17.8848],[18.4883],[19.1396],[19.723],[20.6387],[22.3639],[24.797],[27.2474],[29.0883],[30.2743],[14.9657],[15.6813],[16.8326],[18.5987],[20.837],[23.1857],[25.1422],[26.33],[26.5839],[26.0743],[25.1483],[24.1552],[23.1848],[22.0552],[20.7248],[19.41],[18.523],[18.3074],[18.5474],[18.8813],[19.3004],[20.2509],[22.0952],[24.5778],[26.9943],[28.9343],[30.6596],[16.943],[18.0222],[19.5552],[21.6265],[23.9526],[26.0578],[27.4874],[28.0804],[27.9309],[27.3352],[26.5222],[25.5978],[24.5083],[23.2161],[21.8309],[20.6335],[19.8787],[19.5909],[19.5657],[19.6509],[20.0657],[21.2752],[23.4457],[26.0222],[28.0613],[29.1648],[29.9787],[19.4761],[20.8022],[22.3665],[24.1848],[26.0091],[27.4665],[28.2761],[28.4491],[28.2387],[27.9022],[27.4604],[26.7387],[25.5761],[24.1543],[22.8387],[21.9422],[21.4996],[21.3057],[21.1761],[21.1778],[21.6909],[23.1943],[25.7074],[28.4917],[30.3752],[30.7509],[30.1987],[21.9161],[23.2587],[24.53],[25.71],[26.7422],[27.543],[28.0248],[28.2248],[28.297],[28.3735],[28.3065],[27.7683],[26.603],[25.1343],[23.8935],[23.2065],[22.9274],[22.7604],[22.583],[22.5804],[23.1057],[24.4909],[26.7865],[29.5213],[31.6917],[32.4135],[31.6761],[23.3422],[24.5213],[25.4387],[26.0422],[26.4891],[26.9474],[27.4396],[27.8709],[28.2283],[28.5352],[28.663],[28.3196],[27.3726],[26.1457],[25.1448],[24.5839],[24.2909],[24.0552],[23.9091],[24.0135],[24.4057],[25.1413],[26.4274],[28.4404],[30.8004],[32.57],[32.9613],[23.2491],[24.1491],[24.7996],[25.1526],[25.4117],[25.8465],[26.43],[26.9665],[27.3213],[27.5613],[27.7274],[27.697],[27.3204],[26.7587],[26.2857],[25.963],[25.6987],[25.4778],[25.4804],[25.7422],[25.977],[25.9743],[26.0674],[26.9587],[28.9135],[31.2083],[32.637],[21.9404],[22.47],[22.91],[23.2465],[23.5909],[24.077],[24.6317],[25.0265],[25.1743],[25.2613],[25.4909],[25.8491],[26.1883],[26.4274],[26.5526],[26.5291],[26.3961],[26.317],[26.4648],[26.7309],[26.7578],[26.37],[25.9804],[26.2978],[27.6213],[29.4109],[30.6265],[20.21],[20.3717],[20.5943],[20.9257],[21.3648],[21.8683],[22.2822],[22.5048],[22.5396],[22.5935],[22.8804],[23.4874],[24.2657],[24.9796],[25.39],[25.4509],[25.3917],[25.4483],[25.6126],[25.57],[25.1717],[24.7491],[24.8265],[25.6196],[26.77],[27.6535],[27.817]]},{"header":{"disciplineName":["Meteorological products"],"parameterCategory":[2],"parameterCategoryName":["u-component of wind"],"parameterNumberName":["u-component of wind"],"parameterNumber":[2],"parameterUnits":["m s-1"],"refTime":["2017-03-17T0000:00.000Z"],"numberPoints":[621],"nx":[27],"ny":[23],"lo1":[-20],"la1":[70],"lo2":[45],"la2":[45],"dx":[2.5],"dy":[2.5]},"data":[[-0.8426],[-0.7217],[-0.5922],[-0.4504],[-0.287],[-0.0765],[0.1765],[0.4983],[0.8722],[1.2565],[1.6365],[1.9713],[2.2426],[2.4322],[2.5565],[2.6435],[2.7209],[2.8122],[2.9504],[3.1157],[3.2974],[3.4678],[3.5913],[3.6774],[3.6957],[3.6791],[3.64],[0.013],[0.3087],[0.5513],[0.7426],[0.8957],[1.0452],[1.2374],[1.4922],[1.7991],[2.14],[2.4635],[2.7035],[2.8409],[2.8443],[2.7461],[2.6087],[2.4826],[2.4374],[2.4948],[2.6583],[2.8887],[3.1391],[3.3548],[3.4922],[3.5478],[3.5348],[3.4843],[1.8383],[2.1278],[2.32],[2.4183],[2.4557],[2.4757],[2.5287],[2.6635],[2.8765],[3.1304],[3.3626],[3.4991],[3.4887],[3.3296],[3.0383],[2.7],[2.393],[2.2078],[2.1757],[2.2957],[2.5252],[2.8052],[3.0548],[3.2461],[3.3496],[3.3913],[3.3843],[4.1391],[4.1913],[4.1696],[4.0896],[3.9704],[3.8443],[3.7417],[3.7061],[3.7348],[3.813],[3.8861],[3.893],[3.7835],[3.5591],[3.2417],[2.8887],[2.5843],[2.3965],[2.3252],[2.3704],[2.5026],[2.6591],[2.8035],[2.9096],[2.9783],[3.0209],[3.0635],[6.1426],[5.9287],[5.7417],[5.5687],[5.4],[5.2087],[4.9957],[4.793],[4.5965],[4.4243],[4.2696],[4.1174],[3.9417],[3.7478],[3.5452],[3.3617],[3.2026],[3.0817],[2.9904],[2.8983],[2.7904],[2.6609],[2.5235],[2.407],[2.3287],[2.32],[2.3548],[7.4409],[7.1504],[6.9313],[6.7974],[6.6974],[6.5617],[6.347],[6.04],[5.6713],[5.3026],[4.9739],[4.713],[4.52],[4.3687],[4.2557],[4.1513],[4.0409],[3.8939],[3.6791],[3.3739],[2.9896],[2.5557],[2.1461],[1.8261],[1.6417],[1.5957],[1.6609],[8.2165],[7.927],[7.7322],[7.6365],[7.6113],[7.5513],[7.3843],[7.0896],[6.6983],[6.3061],[6.0026],[5.7904],[5.6417],[5.4948],[5.2983],[5.047],[4.727],[4.3609],[3.9391],[3.4574],[2.9226],[2.393],[1.9287],[1.6104],[1.473],[1.5104],[1.6791],[8.7],[8.3122],[8.013],[7.8557],[7.8209],[7.8252],[7.7426],[7.5209],[7.22],[6.9417],[6.7739],[6.6991],[6.6409],[6.4652],[6.1009],[5.5817],[4.9922],[4.4139],[3.887],[3.4122],[2.9817],[2.5896],[2.307],[2.1574],[2.1774],[2.3461],[2.5843],[8.6948],[8.133],[7.6609],[7.3852],[7.3452],[7.42],[7.4513],[7.3357],[7.0913],[6.8435],[6.7],[6.6452],[6.5739],[6.3539],[5.927],[5.3374],[4.7374],[4.2365],[3.8661],[3.5957],[3.3722],[3.1913],[3.0896],[3.1191],[3.2852],[3.5313],[3.7861],[7.8939],[7.2696],[6.7322],[6.4209],[6.4043],[6.5887],[6.7826],[6.8139],[6.6217],[6.2974],[5.967],[5.6939],[5.4443],[5.1487],[4.7887],[4.4061],[4.0896],[3.893],[3.7861],[3.6861],[3.5522],[3.4104],[3.3452],[3.4365],[3.6835],[4.0252],[4.3435],[6.3704],[5.9409],[5.5104],[5.2174],[5.2096],[5.4983],[5.9252],[6.2661],[6.3313],[6.0948],[5.6443],[5.1035],[4.5817],[4.1243],[3.7696],[3.5304],[3.4139],[3.3496],[3.2461],[3.067],[2.807],[2.5548],[2.4226],[2.4843],[2.753],[3.187],[3.6591],[4.5157],[4.4183],[4.2252],[4.0417],[4.0791],[4.493],[5.227],[6.0426],[6.6304],[6.807],[6.54],[5.9574],[5.2339],[4.5417],[3.9617],[3.5113],[3.1209],[2.7322],[2.2983],[1.8513],[1.4661],[1.2009],[1.0626],[1.0513],[1.1713],[1.447],[1.9104],[2.673],[2.9148],[3.1391],[3.3461],[3.693],[4.353],[5.3209],[6.4174],[7.3409],[7.8539],[7.88],[7.4704],[6.7539],[5.8965],[5.0061],[4.1348],[3.2687],[2.4209],[1.6513],[1.0939],[0.827],[0.8043],[0.833],[0.747],[0.5104],[0.2687],[0.2661],[1.227],[1.8443],[2.7304],[3.6696],[4.5965],[5.4643],[6.2565],[6.9183],[7.3783],[7.6217],[7.6443],[7.4383],[6.9687],[6.253],[5.3704],[4.4217],[3.5026],[2.6539],[1.9974],[1.667],[1.7026],[2.0104],[2.307],[2.2957],[1.833],[1.053],[0.2687],[0.8374],[1.9009],[3.3957],[4.927],[6.12],[6.7191],[6.6965],[6.1887],[5.5122],[4.9722],[4.7557],[4.7626],[4.7565],[4.5565],[4.1617],[3.7461],[3.4383],[3.24],[3.1209],[3.0957],[3.2643],[3.6609],[4.1696],[4.5296],[4.4209],[3.68],[2.4096],[1.8391],[3.1261],[4.6139],[5.8426],[6.3452],[5.9704],[4.8209],[3.2591],[1.7661],[0.7878],[0.5496],[0.8826],[1.3974],[1.7791],[2.0296],[2.3661],[2.8878],[3.4757],[3.8757],[3.9922],[3.9904],[4.1713],[4.7391],[5.5922],[6.2739],[6.2252],[5.1226],[3.2965],[4.2983],[4.9104],[4.813],[3.8722],[2.3252],[0.5843],[-0.9852],[-2.1122],[-2.64],[-2.5348],[-1.9626],[-1.24],[-0.6052],[-0.0052],[0.7522],[1.7217],[2.6809],[3.3139],[3.507],[3.4609],[3.5287],[4.0261],[4.9774],[6.0391],[6.5861],[6.04],[3.4478],[3.6896],[3.1043],[1.627],[-0.4217],[-2.4165],[-3.7313],[-4.2052],[-4.1296],[-3.8609],[-3.58],[-3.2409],[-2.8087],[-2.2739],[-1.6235],[-0.787],[0.1939],[1.1287],[1.867],[2.4348],[2.9296],[3.3696],[3.7148],[3.9991],[4.3078],[4.5922],[4.4765],[1.1704],[0.6957],[-0.4913],[-2.273],[-4.1687],[-5.4878],[-5.7104],[-4.973],[-4],[-3.4887],[-3.5791],[-3.8635],[-3.8774],[-3.413],[-2.5852],[-1.5896],[-0.607],[0.2774],[1.1678],[2.2878],[3.6017],[4.6304],[4.7496],[3.8661],[2.6461],[1.9304],[1.9165],[-3.0391],[-3.7148],[-4.5835],[-5.4365],[-6.0522],[-6.1296],[-5.4635],[-4.3113],[-3.3583],[-3.1791],[-3.727],[-4.3287],[-4.3435],[-3.5852],[-2.3365],[-0.9887],[0.1809],[1.1174],[2.0409],[3.2557],[4.7748],[5.92],[5.7348],[3.9861],[1.6252],[0.0809],[0.0113],[-7.6626],[-8.0983],[-8.1826],[-7.7591],[-7.0148],[-6.1739],[-5.34],[-4.5661],[-4.0652],[-4.0522],[-4.3687],[-4.473],[-3.9443],[-2.7904],[-1.3417],[0.12],[1.3939],[2.3391],[2.9643],[3.5252],[4.233],[4.7774],[4.4183],[2.7843],[0.5522],[-1.0061],[-1.1791],[-11.08],[-11.2504],[-10.86],[-9.7817],[-8.433],[-7.427],[-6.9617],[-6.7539],[-6.5217],[-6.1678],[-5.6678],[-4.9139],[-3.8835],[-2.7496],[-1.673],[-0.6035],[0.4783],[1.3009],[1.5374],[1.2461],[0.9157],[0.8139],[0.7],[0.1122],[-0.9096],[-1.8348],[-2.173],[-12.0643],[-12.26],[-12.0165],[-11.1243],[-10.0157],[-9.3583],[-9.3417],[-9.5209],[-9.3765],[-8.7417],[-7.7678],[-6.6817],[-5.7061],[-5.0052],[-4.5261],[-3.9643],[-3.173],[-2.467],[-2.3322],[-2.8139],[-3.3687],[-3.413],[-2.8704],[-2.2061],[-1.8835],[-2.0348],[-2.4165]]},{"header":{"disciplineName":["Meteorological products"],"parameterCategory":[2],"parameterCategoryName":["v-component of wind"],"parameterNumberName":["v-component of wind"],"parameterNumber":[3],"parameterUnits":["m s-1"],"refTime":["2017-03-17T0000:00.000Z"],"numberPoints":[621],"nx":[27],"ny":[23],"lo1":[-20],"la1":[70],"lo2":[45],"la2":[45],"dx":[2.5],"dy":[2.5]},"data":[[-1.5078],[-0.9991],[-0.3878],[0.3061],[1.0443],[1.787],[2.5017],[3.1235],[3.6313],[3.9948],[4.1887],[4.2357],[4.1452],[3.9557],[3.6791],[3.3609],[3.0078],[2.62],[2.1904],[1.7374],[1.2757],[0.8287],[0.433],[0.1348],[-0.0617],[-0.1287],[-0.0948],[-0.7478],[-0.2339],[0.3322],[0.9583],[1.6357],[2.3226],[2.9922],[3.5852],[4.0365],[4.3122],[4.387],[4.2774],[4.0348],[3.7157],[3.3843],[3.0626],[2.7774],[2.493],[2.1983],[1.8557],[1.4678],[1.0435],[0.6478],[0.3148],[0.0887],[-0.0061],[0.0104],[0.087],[0.4713],[0.9043],[1.4043],[1.9774],[2.6122],[3.2548],[3.8183],[4.2183],[4.3878],[4.2852],[3.9643],[3.5061],[3.0191],[2.5904],[2.2939],[2.1087],[2.013],[1.9304],[1.8026],[1.58],[1.2896],[0.9496],[0.6287],[0.3757],[0.2174],[0.1452],[0.2774],[0.527],[0.8687],[1.3235],[1.893],[2.5652],[3.2591],[3.8487],[4.2287],[4.3043],[4.0635],[3.5739],[2.9626],[2.3652],[1.9035],[1.6452],[1.5722],[1.6226],[1.7052],[1.7417],[1.6861],[1.5243],[1.287],[1.02],[0.7652],[0.547],[0.3617],[-0.1513],[0.0591],[0.4191],[0.9313],[1.5817],[2.3043],[3.0078],[3.58],[3.9043],[3.8948],[3.5878],[3.06],[2.4487],[1.8991],[1.52],[1.3461],[1.3357],[1.4252],[1.52],[1.5852],[1.5757],[1.4922],[1.3443],[1.1696],[0.9652],[0.7435],[0.5035],[-0.5913],[-0.3696],[0.0296],[0.5704],[1.1957],[1.8626],[2.4687],[2.9052],[3.1052],[3.04],[2.7374],[2.2896],[1.8183],[1.4209],[1.167],[1.0452],[1.013],[1.0226],[1.0252],[1.0209],[0.9983],[0.9843],[0.9661],[0.9339],[0.8652],[0.747],[0.5722],[-0.787],[-0.6148],[-0.2722],[0.2061],[0.7348],[1.2704],[1.7104],[2.0278],[2.1643],[2.1209],[1.9191],[1.607],[1.2487],[0.9061],[0.6209],[0.3948],[0.2278],[0.1157],[0.0496],[0.0435],[0.107],[0.2417],[0.4113],[0.5922],[0.7383],[0.8313],[0.8522],[-1.0922],[-1.0304],[-0.7452],[-0.2887],[0.2409],[0.7539],[1.1548],[1.453],[1.6426],[1.727],[1.6835],[1.467],[1.08],[0.5565],[-0.0104],[-0.5157],[-0.8826],[-1.0696],[-1.0835],[-0.9478],[-0.6826],[-0.327],[0.0626],[0.4496],[0.8096],[1.1226],[1.3678],[-1.8278],[-1.8296],[-1.4478],[-0.7704],[-0.0009],[0.6557],[1.1157],[1.393],[1.593],[1.7548],[1.8087],[1.6183],[1.1035],[0.3148],[-0.5696],[-1.3252],[-1.8174],[-1.9809],[-1.8696],[-1.5617],[-1.1183],[-0.607],[-0.0635],[0.4843],[0.9991],[1.4565],[1.8],[-2.7574],[-2.7104],[-2.0896],[-1.0278],[0.1243],[0.993],[1.4139],[1.4922],[1.4687],[1.4774],[1.4704],[1.2443],[0.6678],[-0.2],[-1.1287],[-1.8565],[-2.2374],[-2.2861],[-2.0887],[-1.7522],[-1.3165],[-0.773],[-0.1243],[0.5757],[1.2513],[1.7835],[2.0791],[-3.38],[-3.3174],[-2.5122],[-1.1243],[0.3496],[1.4096],[1.7539],[1.5252],[1.0896],[0.7296],[0.4704],[0.1409],[-0.4078],[-1.1322],[-1.8183],[-2.2496],[-2.3739],[-2.267],[-2.0774],[-1.8496],[-1.5157],[-0.9609],[-0.1643],[0.7826],[1.6948],[2.3487],[2.6148],[-3.5287],[-3.5452],[-2.7774],[-1.2687],[0.4696],[1.7765],[2.2296],[1.8678],[1.0991],[0.3113],[-0.3383],[-0.933],[-1.5696],[-2.2157],[-2.7183],[-2.94],[-2.8852],[-2.6783],[-2.4452],[-2.1939],[-1.8157],[-1.1574],[-0.1835],[0.9948],[2.14],[3.0165],[3.4583],[-3.3704],[-3.4391],[-2.753],[-1.1948],[0.8026],[2.4835],[3.2348],[2.947],[1.9748],[0.7739],[-0.353],[-1.3661],[-2.3252],[-3.2096],[-3.9122],[-4.2852],[-4.287],[-3.9678],[-3.4626],[-2.853],[-2.1357],[-1.2748],[-0.2626],[0.8365],[1.9226],[2.9209],[3.7435],[-3.0209],[-2.8835],[-2.0565],[-0.3443],[1.8391],[3.7087],[4.5574],[4.193],[2.9643],[1.413],[-0.0922],[-1.4539],[-2.7661],[-4.0591],[-5.2165],[-5.9948],[-6.1739],[-5.6974],[-4.7043],[-3.4704],[-2.2374],[-1.1557],[-0.3017],[0.3313],[0.8748],[1.5896],[2.6287],[-2.3557],[-1.7209],[-0.5183],[1.3078],[3.3278],[4.8191],[5.1739],[4.3557],[2.8235],[1.147],[-0.3522],[-1.7096],[-3.1096],[-4.6478],[-6.1383],[-7.2009],[-7.4678],[-6.8122],[-5.4191],[-3.7104],[-2.0487],[-0.7],[0.1035],[0.273],[-0.0043],[-0.1252],[0.5061],[-1.2635],[-0.1235],[1.3165],[2.9139],[4.2443],[4.7661],[4.2365],[2.9183],[1.3774],[0.0774],[-0.9217],[-1.9365],[-3.2252],[-4.8],[-6.3252],[-7.3696],[-7.5591],[-6.8496],[-5.4774],[-3.7643],[-1.94],[-0.1722],[1.0878],[1.3035],[0.3661],[-0.973],[-1.4739],[0.12],[1.3287],[2.4957],[3.3896],[3.7061],[3.2357],[2.0974],[0.787],[-0.147],[-0.5757],[-0.9026],[-1.627],[-2.9609],[-4.6061],[-6.0522],[-6.887],[-6.9539],[-6.3896],[-5.4287],[-4.1157],[-2.3026],[-0.0296],[2.073],[2.8426],[1.5957],[-0.9313],[-2.8617],[1.2757],[2.0026],[2.413],[2.4157],[1.9643],[1.0957],[0.0861],[-0.5722],[-0.5617],[-0.1496],[-0.0591],[-0.8783],[-2.5209],[-4.333],[-5.693],[-6.3304],[-6.373],[-6.0713],[-5.5165],[-4.5339],[-2.7643],[-0.1826],[2.4348],[3.5991],[2.2409],[-1.0183],[-3.9809],[1.6513],[1.6278],[1.2374],[0.7104],[0.1643],[-0.3452],[-0.6835],[-0.5852],[0.0365],[0.7287],[0.747],[-0.3148],[-2.1026],[-3.8348],[-4.967],[-5.487],[-5.6548],[-5.5817],[-5.1278],[-4.0678],[-2.2878],[0.0261],[2.1522],[2.9304],[1.5209],[-1.6452],[-4.7252],[1.1635],[0.5643],[-0.2139],[-0.727],[-0.8],[-0.5765],[-0.2678],[0.1409],[0.6713],[1.0322],[0.7783],[-0.2339],[-1.5948],[-2.7226],[-3.4043],[-3.873],[-4.2765],[-4.3722],[-3.7539],[-2.3852],[-0.6983],[0.7165],[1.4313],[1.2113],[-0.0861],[-2.2496],[-4.4322],[0.3139],[-0.4183],[-1.1348],[-1.3252],[-0.8904],[-0.1739],[0.3974],[0.6557],[0.6896],[0.5243],[0.1009],[-0.5009],[-1.0217],[-1.3122],[-1.5487],[-2.0261],[-2.6678],[-2.9174],[-2.2304],[-0.7809],[0.5235],[0.807],[-0.0078],[-1.1974],[-2.0643],[-2.627],[-3.3452],[-0.2783],[-0.7922],[-1.2617],[-1.273],[-0.7504],[-0.0243],[0.4574],[0.5078],[0.2009],[-0.28],[-0.7235],[-0.9339],[-0.8757],[-0.7252],[-0.8322],[-1.393],[-2.153],[-2.5209],[-2.0261],[-0.9443],[-0.2087],[-0.7191],[-2.3757],[-3.9809],[-4.3713],[-3.5904],[-2.9139],[-0.5322],[-0.7504],[-1.0348],[-1.1217],[-0.9035],[-0.527],[-0.2113],[-0.1574],[-0.4122],[-0.893],[-1.3522],[-1.5591],[-1.5122],[-1.5148],[-1.8426],[-2.5183],[-3.2313],[-3.6052],[-3.4261],[-2.8322],[-2.4443],[-2.9757],[-4.5157],[-6.093],[-6.4374],[-5.3252],[-3.9235]]}]