html/data/WT_pct09_ind_wt_4_6.json
[{"header":{"disciplineName":["Meteorological products"],"parameterCategory":[0],"parameterCategoryName":["Temperature"],"parameterNumberName":["Temperature"],"parameterNumber":[0],"parameterUnits":["K"],"refTime":["2017-03-17T0000:00.000Z"],"numberPoints":[621],"nx":[27],"ny":[23],"lo1":[-20],"la1":[70],"lo2":[45],"la2":[45],"dx":[2.5],"dy":[2.5]},"data":[[-10.8377],[-10.2746],[-9.7426],[-9.273],[-8.8639],[-8.5279],[-8.2656],[-8.0779],[-7.9402],[-7.8459],[-7.7861],[-7.7516],[-7.7311],[-7.7377],[-7.7779],[-7.8656],[-7.9967],[-8.1984],[-8.4459],[-8.7352],[-9.0508],[-9.3582],[-9.6672],[-9.9467],[-10.2066],[-10.4533],[-10.7016],[-8.0836],[-7.6467],[-7.2893],[-6.9852],[-6.7344],[-6.5402],[-6.3885],[-6.2828],[-6.2057],[-6.1615],[-6.1385],[-6.1279],[-6.1475],[-6.1926],[-6.2648],[-6.4],[-6.5992],[-6.8549],[-7.1754],[-7.5197],[-7.8713],[-8.1967],[-8.4656],[-8.6721],[-8.823],[-8.9549],[-9.0787],[-5.3123],[-5.0869],[-4.9361],[-4.8328],[-4.759],[-4.6762],[-4.6049],[-4.5533],[-4.5139],[-4.5148],[-4.5525],[-4.6303],[-4.7369],[-4.8672],[-5.0262],[-5.2336],[-5.4885],[-5.7943],[-6.1533],[-6.5172],[-6.8557],[-7.132],[-7.3115],[-7.3975],[-7.409],[-7.3885],[-7.3967],[-3.2869],[-3.2213],[-3.2369],[-3.2746],[-3.2943],[-3.277],[-3.2246],[-3.1664],[-3.1311],[-3.1541],[-3.2508],[-3.4049],[-3.6041],[-3.8238],[-4.0451],[-4.2713],[-4.5262],[-4.8238],[-5.1508],[-5.4844],[-5.7787],[-5.9893],[-6.082],[-6.0631],[-5.9721],[-5.8557],[-5.7787],[-2.1049],[-2.082],[-2.1295],[-2.2107],[-2.2762],[-2.2861],[-2.2492],[-2.1795],[-2.123],[-2.1426],[-2.2475],[-2.441],[-2.6754],[-2.9074],[-3.109],[-3.2811],[-3.4615],[-3.6787],[-3.9459],[-4.2311],[-4.4811],[-4.6533],[-4.7025],[-4.6377],[-4.5172],[-4.3893],[-4.3098],[-1.1705],[-1.0967],[-1.1221],[-1.2205],[-1.3467],[-1.4336],[-1.4508],[-1.4148],[-1.3648],[-1.373],[-1.4738],[-1.6656],[-1.8852],[-2.0787],[-2.1877],[-2.2492],[-2.3],[-2.4172],[-2.6],[-2.8361],[-3.0467],[-3.1705],[-3.1902],[-3.1295],[-3.0492],[-2.991],[-2.9811],[-0.0525],[0.0115],[-0.0287],[-0.177],[-0.4],[-0.6115],[-0.7385],[-0.7746],[-0.7607],[-0.7664],[-0.8664],[-1.0459],[-1.2541],[-1.3975],[-1.418],[-1.3574],[-1.2869],[-1.2918],[-1.3934],[-1.5541],[-1.6787],[-1.718],[-1.6705],[-1.6033],[-1.5795],[-1.6336],[-1.7467],[1.0172],[0.9943],[0.8967],[0.6959],[0.4254],[0.1393],[-0.0738],[-0.173],[-0.1877],[-0.1869],[-0.2623],[-0.4213],[-0.6008],[-0.7074],[-0.6828],[-0.559],[-0.4279],[-0.3836],[-0.4393],[-0.532],[-0.5533],[-0.4582],[-0.2844],[-0.1582],[-0.1639],[-0.3074],[-0.4959],[1.8033],[1.6779],[1.5582],[1.4246],[1.223],[1],[0.7787],[0.6377],[0.6082],[0.6303],[0.6402],[0.5713],[0.4598],[0.3779],[0.3959],[0.477],[0.5525],[0.5295],[0.4279],[0.3459],[0.3869],[0.6025],[0.8861],[1.0992],[1.1451],[1.0508],[0.9311],[2.4951],[2.3336],[2.2943],[2.3303],[2.3402],[2.2344],[2.0443],[1.8525],[1.7705],[1.823],[1.9393],[2.018],[2.0131],[1.9426],[1.877],[1.8189],[1.7344],[1.5844],[1.3943],[1.2926],[1.3787],[1.659],[2.018],[2.2943],[2.4123],[2.4418],[2.5164],[3.3951],[3.2721],[3.3443],[3.5533],[3.7279],[3.7303],[3.5303],[3.2631],[3.1082],[3.1385],[3.3213],[3.5123],[3.5648],[3.459],[3.2508],[3.0238],[2.8238],[2.6385],[2.5221],[2.532],[2.7516],[3.1205],[3.5098],[3.7574],[3.8443],[3.9066],[4.0803],[4.4311],[4.3541],[4.4574],[4.6828],[4.9016],[4.9434],[4.7803],[4.5057],[4.3189],[4.3221],[4.4943],[4.6672],[4.6607],[4.4459],[4.1107],[3.8098],[3.6549],[3.6574],[3.8123],[4.1156],[4.5877],[5.1221],[5.5574],[5.7508],[5.7025],[5.632],[5.6934],[5.3762],[5.3115],[5.3189],[5.4303],[5.5984],[5.723],[5.7533],[5.6869],[5.6041],[5.5918],[5.6361],[5.6574],[5.5205],[5.1934],[4.8262],[4.5861],[4.5967],[4.85],[5.2672],[5.8025],[6.45],[7.1516],[7.7352],[7.9984],[7.9582],[7.8311],[7.8377],[6.2221],[6.1467],[6.0566],[6.0754],[6.309],[6.7107],[7.1492],[7.4418],[7.5066],[7.4066],[7.2336],[7.0098],[6.7295],[6.3836],[6.0566],[5.9197],[6.0451],[6.3811],[6.7951],[7.2418],[7.8205],[8.5877],[9.4221],[10.0434],[10.3205],[10.4344],[10.709],[7.1074],[7.0393],[6.9902],[7.1795],[7.7623],[8.6541],[9.5697],[10.1451],[10.2066],[9.8648],[9.3689],[8.9205],[8.5533],[8.2328],[7.9631],[7.8656],[7.968],[8.182],[8.3566],[8.4984],[8.8377],[9.6311],[10.809],[11.9459],[12.6557],[13.0639],[13.6672],[8.0344],[8.0344],[8.2344],[8.8557],[9.9902],[11.4016],[12.6336],[13.2361],[13.1008],[12.4754],[11.7738],[11.232],[10.8631],[10.5574],[10.268],[10.0852],[10.0631],[10.1393],[10.1689],[10.1549],[10.3967],[11.2869],[12.8041],[14.3566],[15.2623],[15.4967],[15.8262],[8.9557],[9.1434],[9.7016],[10.7803],[12.3238],[13.9738],[15.1984],[15.6361],[15.3648],[14.777],[14.2516],[13.9189],[13.6443],[13.2918],[12.868],[12.4943],[12.3189],[12.3402],[12.4516],[12.5746],[12.9295],[13.927],[15.6467],[17.4279],[18.3041],[17.9508],[17.2795],[10.0877],[10.5984],[11.459],[12.7016],[14.2115],[15.6508],[16.6172],[16.9426],[16.8689],[16.8057],[16.9246],[17.0311],[16.868],[16.3885],[15.7516],[15.1615],[14.7926],[14.709],[14.8811],[15.1852],[15.6459],[16.5467],[18.1697],[20.0721],[21.1393],[20.6156],[19.0754],[11.791],[12.6861],[13.6893],[14.7582],[15.8262],[16.7697],[17.4213],[17.7902],[18.191],[18.8721],[19.6992],[20.1549],[19.9344],[19.2393],[18.4623],[17.7975],[17.2393],[16.882],[16.877],[17.168],[17.5213],[18.0516],[19.2197],[21.0926],[22.7746],[23.0361],[21.7172],[14.1713],[15.3434],[16.3639],[17.123],[17.7131],[18.2262],[18.6926],[19.1721],[19.9],[20.9992],[22.0754],[22.4852],[21.9836],[21.0779],[20.3705],[19.918],[19.3836],[18.7443],[18.4377],[18.6041],[18.8762],[19.0115],[19.4934],[20.9631],[23.073],[24.4902],[24.259],[16.9098],[18.1287],[19.0803],[19.6549],[19.9975],[20.368],[20.7959],[21.2656],[21.9213],[22.841],[23.6557],[23.7254],[22.9484],[21.9984],[21.5959],[21.6303],[21.4115],[20.7541],[20.2689],[20.4434],[20.8689],[20.9279],[20.8328],[21.4902],[23.1607],[24.8615],[25.3762],[19.4279],[20.4582],[21.2557],[21.7475],[22.0836],[22.4844],[22.9197],[23.2852],[23.6262],[24.0943],[24.5115],[24.4041],[23.6861],[22.9738],[22.95],[23.4443],[23.6508],[23.2131],[22.741],[22.9451],[23.5934],[23.891],[23.6287],[23.5074],[24.0877],[24.9025],[25.0434],[21.068],[21.7811],[22.3631],[22.7656],[23.1016],[23.5131],[23.9402],[24.2189],[24.3443],[24.5303],[24.8066],[24.9148],[24.6787],[24.4131],[24.609],[25.2156],[25.6434],[25.4738],[25.0689],[25.0598],[25.5484],[25.9885],[25.9811],[25.7066],[25.5],[25.2205],[24.45]]},{"header":{"disciplineName":["Meteorological products"],"parameterCategory":[2],"parameterCategoryName":["u-component of wind"],"parameterNumberName":["u-component of wind"],"parameterNumber":[2],"parameterUnits":["m s-1"],"refTime":["2017-03-17T0000:00.000Z"],"numberPoints":[621],"nx":[27],"ny":[23],"lo1":[-20],"la1":[70],"lo2":[45],"la2":[45],"dx":[2.5],"dy":[2.5]},"data":[[2.8631],[3.1246],[3.3172],[3.4623],[3.5639],[3.6615],[3.7787],[3.9156],[4.0885],[4.2918],[4.5],[4.6852],[4.8287],[4.9213],[4.9607],[4.9516],[4.9139],[4.8615],[4.8369],[4.8205],[4.8246],[4.8287],[4.8213],[4.8172],[4.8033],[4.7984],[4.8246],[2.7016],[3.1836],[3.5238],[3.741],[3.8738],[3.95],[4.05],[4.2098],[4.4451],[4.7385],[5.0574],[5.35],[5.5508],[5.6238],[5.5631],[5.3861],[5.1287],[4.859],[4.6221],[4.4713],[4.409],[4.432],[4.5107],[4.6336],[4.7811],[4.9451],[5.1311],[3.2098],[3.7664],[4.1574],[4.3992],[4.5107],[4.5598],[4.6057],[4.6967],[4.8926],[5.1533],[5.4738],[5.7475],[5.909],[5.8975],[5.6902],[5.3156],[4.8426],[4.3656],[3.9689],[3.7189],[3.6598],[3.7746],[4.0279],[4.3779],[4.7803],[5.1803],[5.5721],[3.9697],[4.3844],[4.7025],[4.918],[5.0098],[5.0123],[4.9402],[4.8664],[4.8336],[4.859],[4.9369],[5.0221],[5.0525],[4.9672],[4.7607],[4.4344],[4.0443],[3.6754],[3.3828],[3.259],[3.3148],[3.5525],[3.9385],[4.4148],[4.927],[5.423],[5.868],[4.5459],[4.6418],[4.7664],[4.9041],[4.9656],[4.9172],[4.7484],[4.473],[4.1648],[3.8623],[3.6189],[3.4344],[3.3123],[3.2369],[3.1975],[3.1828],[3.2008],[3.2598],[3.3672],[3.5328],[3.7656],[4.0721],[4.4311],[4.8213],[5.2049],[5.5566],[5.85],[5.0451],[4.7811],[4.6287],[4.568],[4.5115],[4.3779],[4.1434],[3.7967],[3.3967],[2.9795],[2.5984],[2.2943],[2.0861],[2.0172],[2.0951],[2.3254],[2.6844],[3.0967],[3.5344],[3.9279],[4.2754],[4.582],[4.8664],[5.123],[5.3459],[5.5189],[5.6508],[5.7689],[5.2279],[4.7852],[4.4287],[4.1361],[3.8475],[3.5656],[3.2861],[3.023],[2.8],[2.6],[2.4098],[2.2393],[2.1189],[2.0934],[2.2008],[2.4549],[2.7885],[3.1459],[3.4811],[3.7934],[4.091],[4.4],[4.7016],[4.973],[5.1631],[5.2893],[6.4525],[5.8107],[5.1877],[4.6254],[4.1336],[3.7041],[3.3615],[3.1197],[2.9959],[2.9926],[3.0402],[3.0672],[3.0197],[2.8803],[2.6951],[2.5115],[2.373],[2.309],[2.2967],[2.3566],[2.5008],[2.7689],[3.1566],[3.6164],[4.0385],[4.3541],[4.5508],[6.4598],[5.8467],[5.2623],[4.7582],[4.3246],[3.95],[3.6107],[3.2992],[3.0598],[2.9205],[2.8975],[2.9557],[3.0197],[3.0025],[2.8828],[2.6607],[2.3943],[2.1205],[1.8959],[1.7557],[1.7615],[1.9607],[2.3246],[2.7762],[3.1762],[3.4344],[3.5582],[5.8664],[5.3107],[4.8631],[4.5631],[4.3738],[4.2344],[4.018],[3.6467],[3.1369],[2.6057],[2.1959],[2.018],[2.0566],[2.2016],[2.35],[2.4246],[2.4262],[2.3803],[2.332],[2.3115],[2.3549],[2.4951],[2.7246],[2.9689],[3.1279],[3.1607],[3.082],[5.4689],[4.9508],[4.5254],[4.2352],[4.1311],[4.1484],[4.1385],[3.9459],[3.4639],[2.7934],[2.1426],[1.7221],[1.6033],[1.7172],[1.9426],[2.1803],[2.4287],[2.6943],[2.9795],[3.2508],[3.4844],[3.6672],[3.8033],[3.8762],[3.8844],[3.8098],[3.6943],[5.6221],[5.1975],[4.6852],[4.1656],[3.8115],[3.777],[4.0074],[4.2672],[4.3172],[4.0762],[3.6656],[3.282],[3.0238],[2.8779],[2.7902],[2.7492],[2.8172],[3.0451],[3.4049],[3.8025],[4.1303],[4.3484],[4.4779],[4.5746],[4.6689],[4.7828],[4.8926],[5.6836],[5.5156],[5.0836],[4.4574],[3.9484],[3.8902],[4.3484],[5.0967],[5.7738],[6.1361],[6.191],[6.0467],[5.7975],[5.4516],[5.027],[4.6025],[4.3016],[4.2221],[4.3213],[4.5057],[4.6598],[4.7328],[4.7705],[4.8713],[5.0852],[5.4238],[5.7811],[5.0631],[5.2246],[5.1705],[4.9475],[4.7918],[5.0107],[5.6689],[6.532],[7.2795],[7.7475],[7.9451],[7.9959],[7.9607],[7.8246],[7.5697],[7.2287],[6.8984],[6.6303],[6.4434],[6.2762],[6.0885],[5.8598],[5.65],[5.568],[5.6852],[5.9721],[6.2852],[4.1139],[4.4336],[4.8311],[5.2426],[5.7492],[6.382],[7.0238],[7.5],[7.6893],[7.6869],[7.7098],[7.909],[8.2967],[8.759],[9.15],[9.3811],[9.409],[9.2525],[8.9393],[8.5598],[8.1508],[7.7213],[7.3139],[7.009],[6.9279],[7.0221],[7.1025],[3.4697],[3.7443],[4.3049],[5.0746],[5.9],[6.5762],[6.877],[6.7426],[6.3574],[6.0434],[6.1189],[6.6705],[7.5492],[8.5467],[9.4361],[10.0746],[10.3672],[10.2926],[9.9648],[9.5615],[9.1787],[8.8057],[8.423],[8.1369],[8.091],[8.2459],[8.3385],[3.15],[3.4475],[3.9934],[4.6828],[5.277],[5.5123],[5.309],[4.8156],[4.4189],[4.4639],[5.0811],[6.1074],[7.2279],[8.2148],[8.9402],[9.3574],[9.4492],[9.2352],[8.8549],[8.5156],[8.2721],[8.0484],[7.7918],[7.6795],[7.9164],[8.4779],[9.0123],[3.0656],[3.6697],[4.3279],[4.8803],[5.1107],[4.9008],[4.3984],[3.9795],[4.0131],[4.641],[5.6975],[6.8115],[7.6287],[8.0377],[8.1025],[7.95],[7.6705],[7.3016],[6.9451],[6.6902],[6.5361],[6.3582],[6.1213],[6.0549],[6.4607],[7.3361],[8.2803],[3.7074],[4.6607],[5.491],[6.0328],[6.1574],[5.8803],[5.4803],[5.332],[5.6377],[6.2967],[7.0131],[7.4762],[7.5402],[7.2746],[6.8475],[6.4492],[6.168],[5.9639],[5.8287],[5.7262],[5.6156],[5.4262],[5.1426],[4.982],[5.1992],[5.8148],[6.5566],[5.2426],[6.1238],[6.7516],[7.109],[7.1959],[7.1033],[6.991],[7.0254],[7.1746],[7.2361],[7.0393],[6.5779],[5.991],[5.4508],[5.0951],[5.0057],[5.1533],[5.3943],[5.5639],[5.6148],[5.5861],[5.5],[5.3443],[5.1533],[4.9926],[4.891],[4.7893],[6.2352],[6.6074],[6.5705],[6.3574],[6.1877],[6.1541],[6.241],[6.3303],[6.2254],[5.7795],[5.0131],[4.1689],[3.5049],[3.1779],[3.2115],[3.6098],[4.2197],[4.7869],[5.1148],[5.1984],[5.2361],[5.3344],[5.4107],[5.2984],[4.8754],[4.1344],[3.1754],[4.568],[4.5139],[3.9279],[3.2049],[2.7492],[2.6607],[2.7844],[2.8943],[2.8131],[2.4934],[2.023],[1.5836],[1.3246],[1.323],[1.6402],[2.2582],[3.027],[3.6336],[3.8746],[3.8926],[3.9443],[4.1131],[4.2049],[3.977],[3.3762],[2.4369],[1.2434],[-0.1475],[-0.132],[-0.5656],[-1.127],[-1.4566],[-1.4689],[-1.3385],[-1.2115],[-1.1156],[-0.9557],[-0.7139],[-0.4648],[-0.2762],[-0.0959],[0.2443],[0.8361],[1.5115],[1.9566],[2.0557],[2.0549],[2.2057],[2.3598],[2.1328],[1.4418],[0.5992],[-0.1525],[-0.9148]]},{"header":{"disciplineName":["Meteorological products"],"parameterCategory":[2],"parameterCategoryName":["v-component of wind"],"parameterNumberName":["v-component of wind"],"parameterNumber":[3],"parameterUnits":["m s-1"],"refTime":["2017-03-17T0000:00.000Z"],"numberPoints":[621],"nx":[27],"ny":[23],"lo1":[-20],"la1":[70],"lo2":[45],"la2":[45],"dx":[2.5],"dy":[2.5]},"data":[[-0.1451],[0.0746],[0.3459],[0.6148],[0.8525],[1.0197],[1.1172],[1.1205],[1.0582],[0.9393],[0.7852],[0.6139],[0.4631],[0.3164],[0.1902],[0.068],[-0.0844],[-0.2885],[-0.5762],[-0.9344],[-1.35],[-1.7811],[-2.1664],[-2.4664],[-2.6287],[-2.6484],[-2.5434],[0.9877],[1.0369],[1.0918],[1.1607],[1.2385],[1.3131],[1.3787],[1.418],[1.418],[1.3467],[1.2098],[1.0156],[0.7877],[0.5549],[0.3361],[0.1361],[-0.0574],[-0.2738],[-0.5385],[-0.8582],[-1.2328],[-1.6189],[-1.9426],[-2.1631],[-2.2221],[-2.1131],[-1.8754],[2.1975],[1.9934],[1.7779],[1.6082],[1.5156],[1.5205],[1.6115],[1.7426],[1.8377],[1.8254],[1.6705],[1.3516],[0.9123],[0.4139],[-0.0549],[-0.4508],[-0.7369],[-0.9328],[-1.0541],[-1.1459],[-1.2303],[-1.3074],[-1.3426],[-1.3098],[-1.1844],[-0.9623],[-0.6984],[2.9434],[2.5803],[2.1836],[1.8484],[1.6205],[1.5672],[1.6631],[1.8516],[2.0402],[2.0861],[1.9148],[1.5],[0.873],[0.1484],[-0.5598],[-1.1303],[-1.4967],[-1.6623],[-1.6205],[-1.4344],[-1.1566],[-0.8295],[-0.4803],[-0.1377],[0.1852],[0.4525],[0.6139],[3.1959],[2.8533],[2.4443],[2.0336],[1.6844],[1.4795],[1.4516],[1.5656],[1.7279],[1.7975],[1.6721],[1.3148],[0.7492],[0.0738],[-0.5967],[-1.1402],[-1.5057],[-1.6541],[-1.5885],[-1.3156],[-0.8926],[-0.3377],[0.25],[0.7967],[1.2213],[1.4525],[1.45],[3.0762],[2.882],[2.5475],[2.0992],[1.6041],[1.1828],[0.923],[0.8418],[0.8918],[0.9541],[0.9205],[0.7393],[0.432],[0.0844],[-0.2459],[-0.5197],[-0.7295],[-0.8566],[-0.8836],[-0.741],[-0.4156],[0.0984],[0.7164],[1.2951],[1.7041],[1.8352],[1.7],[2.5115],[2.3861],[2.1057],[1.6533],[1.0893],[0.5615],[0.1877],[0.0361],[0.0492],[0.1205],[0.1336],[0.0689],[-0.032],[-0.1016],[-0.082],[-0.0123],[0.041],[0.0082],[-0.0697],[-0.0549],[0.1574],[0.6057],[1.191],[1.7402],[2.0467],[2.0475],[1.7943],[1.4549],[1.2803],[1.0221],[0.6566],[0.2361],[-0.1418],[-0.3533],[-0.3697],[-0.2369],[-0.1041],[-0.0795],[-0.2025],[-0.3648],[-0.4246],[-0.3049],[-0.0598],[0.1623],[0.2779],[0.2861],[0.35],[0.6402],[1.2066],[1.8902],[2.4262],[2.6041],[2.4295],[2.0549],[0.2205],[-0.0238],[-0.1844],[-0.3041],[-0.4164],[-0.4975],[-0.5098],[-0.3926],[-0.1779],[0.0393],[0.0902],[-0.0598],[-0.3443],[-0.5705],[-0.5787],[-0.3738],[-0.0951],[0.0885],[0.1959],[0.3934],[0.8902],[1.6893],[2.5443],[3.1131],[3.1582],[2.7672],[2.2516],[-0.8238],[-1.0287],[-0.9648],[-0.732],[-0.5139],[-0.4467],[-0.5295],[-0.6148],[-0.5664],[-0.3557],[-0.1418],[-0.0861],[-0.2533],[-0.4795],[-0.5648],[-0.4197],[-0.168],[0.0254],[0.1467],[0.3803],[0.9582],[1.8984],[2.8713],[3.432],[3.3549],[2.7869],[2.173],[-1.6402],[-1.7025],[-1.3869],[-0.8598],[-0.4369],[-0.3869],[-0.768],[-1.2975],[-1.6189],[-1.4934],[-1.0549],[-0.6213],[-0.4377],[-0.4623],[-0.4615],[-0.2607],[0.0607],[0.3041],[0.4238],[0.6],[1.1139],[2.0205],[2.9623],[3.468],[3.3057],[2.6697],[2.0615],[-2.2598],[-2.2607],[-1.8795],[-1.2516],[-0.7008],[-0.5713],[-1.018],[-1.7811],[-2.3541],[-2.3713],[-1.8656],[-1.2352],[-0.8533],[-0.7746],[-0.7016],[-0.3885],[0.1254],[0.5738],[0.8189],[1.023],[1.4861],[2.2984],[3.141],[3.5467],[3.3238],[2.727],[2.2287],[-2.5844],[-2.6475],[-2.459],[-1.9426],[-1.2361],[-0.7254],[-0.7311],[-1.2443],[-1.8492],[-2.0926],[-1.8598],[-1.4541],[-1.2557],[-1.3131],[-1.323],[-0.9713],[-0.2885],[0.4139],[0.9025],[1.282],[1.8311],[2.632],[3.377],[3.6648],[3.3877],[2.8836],[2.5385],[-2.5328],[-2.6893],[-2.7369],[-2.359],[-1.4779],[-0.4426],[0.1926],[0.0803],[-0.5492],[-1.1893],[-1.4656],[-1.4664],[-1.5107],[-1.6951],[-1.7943],[-1.5041],[-0.8426],[-0.0828],[0.5451],[1.1082],[1.832],[2.7008],[3.3934],[3.5648],[3.2426],[2.8057],[2.5959],[-2.3959],[-2.4533],[-2.4803],[-2.0713],[-1.032],[0.2951],[1.1811],[1.1164],[0.2385],[-0.8107],[-1.4303],[-1.5623],[-1.509],[-1.5328],[-1.577],[-1.4402],[-1.0467],[-0.5352],[-0.0131],[0.591],[1.4254],[2.3852],[3.0893],[3.2393],[2.9221],[2.5336],[2.3434],[-2.4459],[-2.1451],[-1.8074],[-1.1582],[-0.0869],[1.0516],[1.6164],[1.2074],[0.0877],[-1.0303],[-1.5246],[-1.3648],[-0.9615],[-0.7303],[-0.7705],[-0.8893],[-0.9049],[-0.7861],[-0.5303],[-0.0385],[0.7828],[1.7959],[2.6262],[2.9697],[2.8369],[2.5098],[2.1689],[-2.4246],[-1.7049],[-0.9295],[-0.068],[0.8041],[1.4],[1.3664],[0.6697],[-0.2615],[-0.8648],[-0.827],[-0.3418],[0.1352],[0.2287],[-0.0779],[-0.5434],[-0.909],[-1.068],[-1.0246],[-0.7131],[-0.0197],[1.0049],[2.1156],[2.9246],[3.2344],[3.0402],[2.4443],[-1.8885],[-0.9303],[0.0025],[0.7844],[1.25],[1.2344],[0.7541],[0.1418],[-0.1377],[0.1033],[0.6525],[1.0852],[1.0885],[0.6221],[-0.1049],[-0.8287],[-1.3172],[-1.5607],[-1.6156],[-1.4746],[-0.9631],[0.0951],[1.5844],[3.0582],[3.9631],[4.0066],[3.2074],[-0.7746],[0.0992],[0.8336],[1.3098],[1.373],[0.9664],[0.3369],[0.0082],[0.3467],[1.1516],[1.782],[1.7541],[1.0959],[0.1738],[-0.6951],[-1.3541],[-1.7738],[-1.9951],[-2.1107],[-2.1057],[-1.7197],[-0.5869],[1.2664],[3.2934],[4.6877],[4.9303],[4.0582],[0.591],[1.132],[1.4877],[1.7049],[1.6697],[1.2557],[0.6607],[0.4172],[0.8402],[1.559],[1.8189],[1.277],[0.3205],[-0.5057],[-0.9828],[-1.3066],[-1.6041],[-1.8623],[-2.05],[-2.1246],[-1.7664],[-0.5918],[1.4213],[3.5967],[5.027],[5.232],[4.3689],[1.9713],[2.0213],[2.0041],[2.1541],[2.3287],[2.1811],[1.6516],[1.1811],[1.1844],[1.3975],[1.2098],[0.4754],[-0.2598],[-0.4926],[-0.3557],[-0.3328],[-0.5984],[-0.9451],[-1.1885],[-1.2959],[-1.0525],[-0.0385],[1.7459],[3.6213],[4.6664],[4.5557],[3.6549],[3.168],[2.668],[2.2754],[2.3484],[2.7328],[2.8197],[2.3131],[1.5623],[1.1008],[0.9328],[0.627],[0.1205],[-0.0975],[0.2918],[0.8811],[1.0516],[0.7402],[0.3508],[0.0803],[-0.1885],[-0.3369],[0.1549],[1.477],[2.9525],[3.6189],[3.1902],[2.177],[3.6508],[2.7008],[1.8811],[1.6475],[1.9082],[2.0189],[1.5238],[0.6992],[0.1557],[0.0262],[-0.0303],[-0.0861],[0.1844],[0.9328],[1.6746],[1.8213],[1.4664],[1.0959],[0.7844],[0.2049],[-0.527],[-0.6443],[0.3205],[1.7402],[2.4213],[1.9082],[0.7475]]}]