html/data/WT_pct09_ind_wt_10_3.json
[{"header":{"disciplineName":["Meteorological products"],"parameterCategory":[0],"parameterCategoryName":["Temperature"],"parameterNumberName":["Temperature"],"parameterNumber":[0],"parameterUnits":["K"],"refTime":["2017-03-17T0000:00.000Z"],"numberPoints":[621],"nx":[27],"ny":[23],"lo1":[-20],"la1":[70],"lo2":[45],"la2":[45],"dx":[2.5],"dy":[2.5]},"data":[[-8.113],[-7.334],[-6.6698],[-6.1265],[-5.6932],[-5.3593],[-5.0963],[-4.8951],[-4.7259],[-4.5784],[-4.4673],[-4.371],[-4.3025],[-4.2716],[-4.2716],[-4.3154],[-4.3944],[-4.5019],[-4.6235],[-4.7568],[-4.8932],[-5.0259],[-5.1549],[-5.3099],[-5.4809],[-5.6963],[-5.9667],[-5.3228],[-4.8901],[-4.5488],[-4.2747],[-4.0407],[-3.8235],[-3.6136],[-3.4062],[-3.2099],[-3.0463],[-2.9062],[-2.816],[-2.7809],[-2.808],[-2.8858],[-3.0216],[-3.192],[-3.3926],[-3.6012],[-3.7901],[-3.9617],[-4.113],[-4.2377],[-4.3617],[-4.5006],[-4.6722],[-4.9019],[-2.9444],[-2.9025],[-2.8685],[-2.7852],[-2.642],[-2.4278],[-2.1802],[-1.9228],[-1.708],[-1.5512],[-1.4796],[-1.4944],[-1.5735],[-1.7148],[-1.8944],[-2.0988],[-2.3198],[-2.5407],[-2.7475],[-2.9451],[-3.1154],[-3.2623],[-3.3938],[-3.5284],[-3.6833],[-3.8753],[-4.1117],[-1.329],[-1.4679],[-1.5278],[-1.458],[-1.2636],[-0.9864],[-0.6821],[-0.413],[-0.237],[-0.179],[-0.2302],[-0.3667],[-0.563],[-0.7617],[-0.9537],[-1.1204],[-1.2735],[-1.4117],[-1.558],[-1.7142],[-1.8846],[-2.0685],[-2.263],[-2.4821],[-2.7321],[-3.0093],[-3.3111],[-0.1969],[-0.2401],[-0.1833],[-0.0309],[0.216],[0.5031],[0.7827],[0.9883],[1.087],[1.063],[0.934],[0.7531],[0.5685],[0.4105],[0.2963],[0.208],[0.1185],[0.008],[-0.1488],[-0.3549],[-0.5975],[-0.8698],[-1.1617],[-1.4537],[-1.7654],[-2.0827],[-2.3988],[0.9852],[1.15],[1.3099],[1.4765],[1.6556],[1.8481],[2.0278],[2.1642],[2.2377],[2.2321],[2.158],[2.0549],[1.9549],[1.8778],[1.7969],[1.6914],[1.5284],[1.2895],[0.979],[0.6228],[0.2519],[-0.0938],[-0.4056],[-0.6796],[-0.9198],[-1.163],[-1.3901],[2.3593],[2.5957],[2.7179],[2.7809],[2.8395],[2.934],[3.0802],[3.2377],[3.3759],[3.4506],[3.4667],[3.4241],[3.3586],[3.2654],[3.1222],[2.9056],[2.5957],[2.2019],[1.758],[1.3099],[0.9037],[0.5821],[0.3414],[0.1586],[0.0136],[-0.1315],[-0.2895],[3.6259],[3.7753],[3.8031],[3.7951],[3.8185],[3.95],[4.1586],[4.4068],[4.5969],[4.6926],[4.6759],[4.5778],[4.4265],[4.2358],[4.0037],[3.7136],[3.3654],[2.9895],[2.613],[2.266],[1.9685],[1.7414],[1.5506],[1.3957],[1.242],[1.0722],[0.8778],[4.6111],[4.6698],[4.6877],[4.7364],[4.8698],[5.1123],[5.4148],[5.6778],[5.8216],[5.8074],[5.6747],[5.4673],[5.2333],[4.9901],[4.734],[4.4685],[4.1994],[3.9623],[3.7586],[3.5667],[3.3827],[3.1963],[2.9957],[2.784],[2.563],[2.337],[2.1179],[5.4914],[5.5599],[5.6759],[5.8667],[6.1222],[6.408],[6.6636],[6.8136],[6.8358],[6.742],[6.5877],[6.4272],[6.2698],[6.0907],[5.8568],[5.5907],[5.3241],[5.0994],[4.9315],[4.7796],[4.6093],[4.4327],[4.2617],[4.108],[3.9654],[3.8056],[3.6488],[6.484],[6.6136],[6.8469],[7.1191],[7.3802],[7.571],[7.671],[7.6815],[7.642],[7.6173],[7.6525],[7.7389],[7.8043],[7.7352],[7.4914],[7.1025],[6.6883],[6.3346],[6.0772],[5.8883],[5.7611],[5.7265],[5.8179],[5.9957],[6.1549],[6.1704],[5.9994],[7.529],[7.6975],[7.9549],[8.2105],[8.3944],[8.4759],[8.4728],[8.4574],[8.4988],[8.6543],[8.9352],[9.2648],[9.5167],[9.5222],[9.2272],[8.7247],[8.2074],[7.821],[7.613],[7.5562],[7.637],[7.9321],[8.4617],[9.1265],[9.6716],[9.8216],[9.4846],[8.5123],[8.6247],[8.8148],[9.0136],[9.1975],[9.3235],[9.4173],[9.5284],[9.7025],[9.9685],[10.3228],[10.7056],[10.9889],[11.0173],[10.7309],[10.2623],[9.8364],[9.6475],[9.713],[9.942],[10.308],[10.8864],[11.7463],[12.7722],[13.6241],[13.9475],[13.5728],[9.5062],[9.4796],[9.5469],[9.7617],[10.0994],[10.4889],[10.8593],[11.1704],[11.4074],[11.6019],[11.8123],[12.0512],[12.266],[12.3142],[12.1099],[11.7364],[11.4648],[11.466],[11.7272],[12.1185],[12.5728],[13.208],[14.1377],[15.287],[16.3432],[17.0228],[17.1679],[10.5605],[10.384],[10.387],[10.7512],[11.4259],[12.2235],[12.9006],[13.3377],[13.5185],[13.5247],[13.5074],[13.5778],[13.7105],[13.7574],[13.584],[13.221],[12.8944],[12.8117],[12.9667],[13.2389],[13.5827],[14.1821],[15.1519],[16.3852],[17.5778],[18.5907],[19.5006],[11.5586],[11.3586],[11.4815],[12.1364],[13.2086],[14.3494],[15.2105],[15.6475],[15.7068],[15.5735],[15.4216],[15.3802],[15.434],[15.4173],[15.1556],[14.6537],[14.1272],[13.8019],[13.7173],[13.7914],[14.1142],[14.8944],[16.221],[17.7253],[18.9278],[19.7642],[20.7265],[12.4833],[12.5278],[12.9488],[13.8932],[15.1784],[16.4123],[17.242],[17.5858],[17.5957],[17.487],[17.3926],[17.3278],[17.2488],[17.0407],[16.6056],[15.9809],[15.3741],[14.987],[14.8562],[14.9556],[15.4488],[16.6519],[18.5691],[20.529],[21.6383],[21.7056],[21.5753],[13.7457],[14.242],[14.9648],[15.9593],[17.0821],[18.079],[18.7198],[18.9852],[19.1006],[19.2117],[19.3253],[19.2833],[19.0062],[18.5074],[17.8753],[17.2296],[16.7278],[16.5253],[16.6062],[16.9173],[17.6043],[19.0494],[21.3099],[23.6093],[24.7068],[24.0667],[22.5765],[15.742],[16.6623],[17.4975],[18.2272],[18.8932],[19.4975],[19.9414],[20.242],[20.5364],[20.9241],[21.2321],[21.1636],[20.6191],[19.8179],[19.0383],[18.4222],[18.0481],[18.0179],[18.3432],[18.8852],[19.6111],[20.8154],[22.7451],[24.9167],[26.1352],[25.5636],[23.6957],[18.1593],[19.271],[20.0198],[20.3716],[20.6167],[20.9562],[21.3636],[21.7364],[22.1358],[22.6093],[22.9191],[22.6895],[21.8907],[20.9019],[20.1296],[19.6253],[19.3056],[19.2698],[19.6914],[20.4346],[21.1772],[21.8932],[22.9438],[24.3981],[25.5858],[25.6358],[24.5198],[20.0735],[21.0957],[21.6852],[21.85],[21.9747],[22.3346],[22.8167],[23.208],[23.5019],[23.8068],[23.9037],[23.4772],[22.5636],[21.6654],[21.1975],[21.0093],[20.7673],[20.6191],[20.9846],[21.9],[22.8049],[23.2543],[23.4685],[23.9438],[24.642],[25],[24.6562],[20.7728],[21.558],[22.0259],[22.2302],[22.4883],[22.9833],[23.5136],[23.8185],[23.9241],[23.9963],[23.9284],[23.4722],[22.7278],[22.208],[22.2562],[22.5043],[22.463],[22.234],[22.4377],[23.3222],[24.3457],[24.8395],[24.7549],[24.5815],[24.6086],[24.5809],[24.1772],[20.3907],[20.8889],[21.2519],[21.5438],[21.929],[22.4451],[22.9056],[23.116],[23.1525],[23.1821],[23.1747],[22.971],[22.6617],[22.6457],[23.0698],[23.5747],[23.692],[23.4877],[23.4846],[24.0031],[24.7586],[25.2735],[25.3957],[25.3019],[25.0623],[24.5167],[23.529]]},{"header":{"disciplineName":["Meteorological products"],"parameterCategory":[2],"parameterCategoryName":["u-component of wind"],"parameterNumberName":["u-component of wind"],"parameterNumber":[2],"parameterUnits":["m s-1"],"refTime":["2017-03-17T0000:00.000Z"],"numberPoints":[621],"nx":[27],"ny":[23],"lo1":[-20],"la1":[70],"lo2":[45],"la2":[45],"dx":[2.5],"dy":[2.5]},"data":[[2.9809],[3.1432],[3.2451],[3.2951],[3.3438],[3.4167],[3.5512],[3.75],[4.0235],[4.3543],[4.7117],[5.0549],[5.3759],[5.637],[5.8235],[5.9537],[6.0148],[6.0469],[6.0457],[6.0191],[5.9685],[5.9006],[5.8],[5.6833],[5.5352],[5.379],[5.2191],[3.2037],[3.6302],[3.9241],[4.1056],[4.2222],[4.3525],[4.5302],[4.7932],[5.1623],[5.6117],[6.1],[6.5691],[6.9537],[7.237],[7.3901],[7.4173],[7.3451],[7.2148],[7.0549],[6.884],[6.7204],[6.5617],[6.4216],[6.279],[6.15],[6.0333],[5.9327],[3.7772],[4.4049],[4.8747],[5.2191],[5.4722],[5.6815],[5.9068],[6.1889],[6.5401],[6.942],[7.35],[7.7],[7.9432],[8.0481],[8.0123],[7.8537],[7.6407],[7.3957],[7.1741],[6.9975],[6.8858],[6.8179],[6.7975],[6.808],[6.8407],[6.884],[6.9451],[4.5623],[5.1846],[5.7315],[6.1901],[6.5691],[6.8728],[7.137],[7.3679],[7.5901],[7.7901],[7.9537],[8.0358],[8.0321],[7.9389],[7.7877],[7.5988],[7.4241],[7.3049],[7.237],[7.2451],[7.3056],[7.4074],[7.5309],[7.6642],[7.8037],[7.916],[8.0086],[5.6235],[5.9914],[6.4043],[6.8278],[7.2389],[7.5778],[7.8272],[7.9901],[8.0722],[8.0914],[8.0537],[7.9673],[7.8475],[7.7216],[7.6241],[7.592],[7.6346],[7.7315],[7.8691],[8.0111],[8.1414],[8.2537],[8.3488],[8.4309],[8.4994],[8.5253],[8.5309],[6.7321],[6.7235],[6.8358],[7.0691],[7.337],[7.5827],[7.7605],[7.8722],[7.9333],[7.9556],[7.9617],[7.9401],[7.9049],[7.879],[7.9111],[8.008],[8.1599],[8.3259],[8.4586],[8.508],[8.4889],[8.4494],[8.4062],[8.3901],[8.4006],[8.4142],[8.4241],[7.4259],[7.1006],[6.9191],[6.858],[6.879],[6.9185],[6.971],[7.0414],[7.1728],[7.3556],[7.5722],[7.7586],[7.8815],[7.9426],[7.9821],[8.0364],[8.1049],[8.1364],[8.0877],[7.942],[7.7562],[7.6179],[7.579],[7.6691],[7.8333],[8.0228],[8.2228],[7.6191],[7.1093],[6.7031],[6.4012],[6.1883],[6.0259],[5.9191],[5.9074],[6.0272],[6.2833],[6.6049],[6.9006],[7.0858],[7.1475],[7.1327],[7.1062],[7.0932],[7.0488],[6.9346],[6.7444],[6.5821],[6.5488],[6.7148],[7.0537],[7.4623],[7.8475],[8.1796],[7.6327],[6.9975],[6.4469],[6.0105],[5.6815],[5.4216],[5.2],[5.0241],[4.9309],[4.9735],[5.1154],[5.2938],[5.4321],[5.5111],[5.5673],[5.671],[5.8099],[5.9302],[5.966],[5.9167],[5.8957],[6.0395],[6.4012],[6.8969],[7.387],[7.7432],[7.9605],[7.587],[6.8488],[6.221],[5.7457],[5.4216],[5.1765],[4.9173],[4.5858],[4.2006],[3.8623],[3.6562],[3.6204],[3.7185],[3.913],[4.192],[4.5728],[5.0019],[5.3574],[5.5617],[5.6056],[5.6407],[5.8377],[6.2389],[6.7265],[7.113],[7.2944],[7.2944],[7.2605],[6.534],[5.9025],[5.3975],[5.0735],[4.8877],[4.7123],[4.4093],[3.95],[3.4327],[3.0463],[2.9117],[3.0222],[3.3173],[3.7123],[4.1741],[4.6383],[4.9926],[5.1494],[5.1259],[5.1056],[5.2383],[5.5914],[6.0247],[6.3444],[6.4543],[6.4296],[6.5568],[6.0093],[5.4358],[4.8759],[4.5031],[4.3858],[4.442],[4.4667],[4.3056],[4.0117],[3.7611],[3.6846],[3.7988],[3.9846],[4.1426],[4.2802],[4.3938],[4.4519],[4.392],[4.2432],[4.1426],[4.2537],[4.5914],[5.0167],[5.3346],[5.5117],[5.6673],[5.7136],[5.4123],[4.9432],[4.4167],[4.0796],[4.1241],[4.5086],[4.9543],[5.2321],[5.2852],[5.2549],[5.2735],[5.3093],[5.229],[4.9975],[4.6605],[4.3556],[4.0988],[3.8586],[3.6284],[3.5111],[3.6191],[3.9568],[4.3556],[4.6685],[4.8735],[5.1086],[4.8123],[4.7235],[4.5142],[4.2679],[4.2302],[4.55],[5.1463],[5.7222],[6.0426],[6.1216],[6.1117],[6.1327],[6.1358],[5.9778],[5.6123],[5.1605],[4.7586],[4.4401],[4.1395],[3.8531],[3.6722],[3.7451],[4.0747],[4.513],[4.8451],[4.9963],[5.063],[3.7086],[3.908],[4.1438],[4.4636],[4.9148],[5.4358],[5.8698],[5.9957],[5.8111],[5.508],[5.329],[5.3704],[5.5093],[5.5716],[5.5049],[5.3772],[5.2556],[5.0889],[4.7994],[4.4327],[4.179],[4.263],[4.7068],[5.3562],[5.8889],[6.066],[5.821],[2.7117],[3.3074],[4.0704],[4.916],[5.6568],[6.0364],[5.8883],[5.2691],[4.4679],[3.8679],[3.6815],[3.8519],[4.1648],[4.434],[4.6272],[4.808],[4.9531],[4.9642],[4.763],[4.4741],[4.3543],[4.6216],[5.3062],[6.1883],[6.9327],[7.1698],[6.6963],[2.613],[3.5679],[4.5963],[5.513],[6.0377],[5.8932],[5.1049],[4.0272],[3.15],[2.7932],[2.8988],[3.1914],[3.3815],[3.3914],[3.3432],[3.366],[3.4741],[3.5802],[3.6253],[3.729],[4.0506],[4.6259],[5.35],[6.0383],[6.5043],[6.5543],[6.0049],[3.6593],[4.6377],[5.4321],[5.887],[5.792],[5.0864],[4.0364],[3.1568],[2.8346],[3.0685],[3.4667],[3.5877],[3.2846],[2.6772],[2.0463],[1.6185],[1.4815],[1.6395],[2.0549],[2.7105],[3.5136],[4.2216],[4.5537],[4.4117],[3.9796],[3.4877],[2.9747],[4.6988],[5.2944],[5.5043],[5.2883],[4.6562],[3.7574],[2.9679],[2.679],[2.9852],[3.5253],[3.7722],[3.4556],[2.6877],[1.7611],[0.9167],[0.3049],[0.0611],[0.2525],[0.8883],[1.7969],[2.6988],[3.1809],[2.9006],[1.8741],[0.5407],[-0.487],[-0.8926],[3.9747],[4.0654],[3.7346],[3.113],[2.3858],[1.7698],[1.5068],[1.7136],[2.1846],[2.4568],[2.1815],[1.4901],[0.7747],[0.2698],[-0.066],[-0.3352],[-0.4494],[-0.2617],[0.2407],[0.8685],[1.342],[1.3852],[0.7858],[-0.4222],[-1.8605],[-2.9562],[-3.3099],[0.8043],[0.5907],[0.0864],[-0.487],[-0.8827],[-1.0019],[-0.8364],[-0.4914],[-0.2333],[-0.3963],[-1],[-1.6327],[-1.8105],[-1.4951],[-1.0494],[-0.7877],[-0.6858],[-0.55],[-0.3735],[-0.2938],[-0.4296],[-0.7247],[-1.1623],[-1.779],[-2.5383],[-3.2679],[-3.737],[-3.816],[-4.0414],[-4.3809],[-4.6099],[-4.558],[-4.3031],[-3.9938],[-3.7451],[-3.663],[-3.8605],[-4.2327],[-4.392],[-4.013],[-3.1914],[-2.358],[-1.8191],[-1.5414],[-1.3846],[-1.3685],[-1.5907],[-2.0105],[-2.3747],[-2.5074],[-2.4821],[-2.5265],[-2.8605],[-3.4994],[-8.0556],[-8.2117],[-8.3136],[-8.1969],[-7.8543],[-7.5025],[-7.3142],[-7.2265],[-7.1204],[-6.966],[-6.7772],[-6.4364],[-5.8296],[-5.0494],[-4.3148],[-3.7519],[-3.3222],[-3.0012],[-2.8599],[-2.9235],[-3.0932],[-3.2401],[-3.2673],[-3.1704],[-3.0747],[-3.1691],[-3.6278]]},{"header":{"disciplineName":["Meteorological products"],"parameterCategory":[2],"parameterCategoryName":["v-component of wind"],"parameterNumberName":["v-component of wind"],"parameterNumber":[3],"parameterUnits":["m s-1"],"refTime":["2017-03-17T0000:00.000Z"],"numberPoints":[621],"nx":[27],"ny":[23],"lo1":[-20],"la1":[70],"lo2":[45],"la2":[45],"dx":[2.5],"dy":[2.5]},"data":[[-0.9889],[-0.6981],[-0.3654],[-0.0191],[0.2815],[0.516],[0.6444],[0.6667],[0.5815],[0.3864],[0.1198],[-0.1759],[-0.4722],[-0.7265],[-0.921],[-1.0426],[-1.113],[-1.1352],[-1.1605],[-1.1926],[-1.2457],[-1.3191],[-1.3796],[-1.4111],[-1.3907],[-1.2975],[-1.1401],[0.2167],[0.2463],[0.3142],[0.4142],[0.5562],[0.7216],[0.8914],[1.0253],[1.0833],[1.0358],[0.8679],[0.6105],[0.2846],[-0.0611],[-0.371],[-0.6377],[-0.8432],[-1.0093],[-1.1562],[-1.3062],[-1.4698],[-1.6247],[-1.7451],[-1.7907],[-1.7457],[-1.5901],[-1.3481],[1.834],[1.5704],[1.2981],[1.0821],[0.987],[1.0284],[1.1809],[1.3778],[1.534],[1.5642],[1.429],[1.1111],[0.6623],[0.1525],[-0.3426],[-0.7611],[-1.0827],[-1.3259],[-1.5148],[-1.6636],[-1.7951],[-1.8981],[-1.9377],[-1.8901],[-1.7358],[-1.492],[-1.1815],[3.2778],[2.8432],[2.3593],[1.9241],[1.629],[1.5173],[1.5704],[1.7191],[1.8426],[1.8438],[1.6605],[1.2753],[0.7377],[0.1519],[-0.4012],[-0.8481],[-1.1716],[-1.3895],[-1.5432],[-1.6562],[-1.7438],[-1.779],[-1.7562],[-1.6321],[-1.4142],[-1.1321],[-0.8352],[4.0846],[3.7025],[3.2333],[2.7605],[2.3765],[2.1117],[1.9858],[1.9586],[1.9302],[1.8204],[1.5796],[1.1858],[0.7062],[0.2154],[-0.1994],[-0.5074],[-0.7272],[-0.8963],[-1.0562],[-1.2117],[-1.3599],[-1.4574],[-1.463],[-1.3685],[-1.1821],[-0.9278],[-0.6679],[4.1198],[3.9093],[3.616],[3.2698],[2.8963],[2.5426],[2.2383],[2.0043],[1.8056],[1.5901],[1.313],[0.9747],[0.6167],[0.3],[0.0623],[-0.0901],[-0.216],[-0.3716],[-0.5944],[-0.866],[-1.1148],[-1.2957],[-1.3519],[-1.2895],[-1.1241],[-0.9025],[-0.6512],[3.479],[3.408],[3.3302],[3.1784],[2.9253],[2.6111],[2.279],[1.987],[1.7574],[1.5278],[1.2611],[0.9296],[0.5753],[0.2679],[0.0481],[-0.0883],[-0.2222],[-0.4136],[-0.6858],[-0.966],[-1.1901],[-1.2864],[-1.2494],[-1.1037],[-0.9031],[-0.6537],[-0.3772],[2.4253],[2.4302],[2.5136],[2.5889],[2.5642],[2.4284],[2.2698],[2.137],[2.0512],[1.9451],[1.713],[1.316],[0.8031],[0.2951],[-0.1019],[-0.3815],[-0.6006],[-0.8352],[-1.0802],[-1.2617],[-1.2969],[-1.1537],[-0.8809],[-0.5846],[-0.3099],[-0.0537],[0.2222],[1.2778],[1.3216],[1.5543],[1.8574],[2.0895],[2.2062],[2.2395],[2.2944],[2.3858],[2.4364],[2.2827],[1.8654],[1.2377],[0.5611],[0.0074],[-0.3784],[-0.6765],[-0.9556],[-1.2068],[-1.3148],[-1.1704],[-0.7926],[-0.3099],[0.1148],[0.4019],[0.5969],[0.7852],[0.2204],[0.3481],[0.7401],[1.2457],[1.6593],[1.879],[1.9389],[1.9735],[2.0784],[2.2222],[2.2346],[2.0025],[1.5259],[0.9679],[0.4895],[0.1377],[-0.1833],[-0.5432],[-0.8944],[-1.0574],[-0.8747],[-0.3704],[0.2432],[0.7148],[0.9574],[1.0457],[1.0951],[-0.7302],[-0.4932],[0.0389],[0.6827],[1.1889],[1.392],[1.308],[1.1302],[1.0765],[1.2389],[1.4883],[1.6265],[1.5488],[1.3167],[1.0457],[0.7722],[0.4321],[-0.0457],[-0.5389],[-0.7846],[-0.5932],[-0.0025],[0.6981],[1.2086],[1.4259],[1.4309],[1.3636],[-1.5765],[-1.2722],[-0.6802],[0.0377],[0.6481],[0.9302],[0.8265],[0.5105],[0.3006],[0.4228],[0.8438],[1.3056],[1.5481],[1.5216],[1.3049],[0.9802],[0.5333],[-0.016],[-0.5327],[-0.7259],[-0.4056],[0.3167],[1.0994],[1.6309],[1.8383],[1.8568],[1.7914],[-2.1951],[-1.9383],[-1.4111],[-0.6531],[0.2],[0.8327],[1.0123],[0.779],[0.4698],[0.4716],[0.8636],[1.3821],[1.6704],[1.55],[1.1222],[0.5802],[0.0123],[-0.5284],[-0.9025],[-0.8741],[-0.3352],[0.5407],[1.3691],[1.8741],[2.0549],[2.1352],[2.1802],[-2.4568],[-2.3333],[-1.9235],[-1.0858],[0.0951],[1.2068],[1.7667],[1.6358],[1.171],[0.9191],[1.1228],[1.5333],[1.7043],[1.3667],[0.6685],[-0.1105],[-0.7593],[-1.2327],[-1.4438],[-1.2117],[-0.4667],[0.5765],[1.5136],[2.029],[2.1679],[2.1981],[2.2735],[-2.3636],[-2.3068],[-1.9074],[-0.9481],[0.4586],[1.7889],[2.4037],[2.1278],[1.4049],[0.9352],[1.042],[1.4494],[1.5901],[1.1574],[0.3148],[-0.5883],[-1.316],[-1.8259],[-2.0414],[-1.7685],[-0.8457],[0.5457],[1.8679],[2.6358],[2.7099],[2.4117],[2.1],[-1.9593],[-1.7457],[-1.1963],[-0.1642],[1.1488],[2.1654],[2.3549],[1.7154],[0.8685],[0.5049],[0.837],[1.4167],[1.6142],[1.1525],[0.2457],[-0.734],[-1.5815],[-2.2685],[-2.6747],[-2.4401],[-1.2704],[0.6963],[2.7395],[3.9802],[3.9611],[2.9556],[1.7154],[-1.142],[-0.6506],[0.0457],[0.9333],[1.7383],[2.0068],[1.5599],[0.7228],[0.1821],[0.371],[1.1198],[1.7815],[1.8198],[1.1549],[0.1426],[-0.8741],[-1.7877],[-2.6272],[-3.1556],[-2.8852],[-1.4037],[1.1358],[3.8167],[5.4247],[5.1969],[3.3537],[1.0321],[0.1667],[0.7574],[1.316],[1.7599],[1.8228],[1.3228],[0.4747],[-0.137],[0.0123],[0.879],[1.8228],[2.1623],[1.6481],[0.6148],[-0.4463],[-1.3222],[-2.0963],[-2.8148],[-3.1895],[-2.6741],[-0.9617],[1.7037],[4.3827],[5.8648],[5.3383],[3.0019],[0.1389],[1.6753],[1.9895],[2.0765],[1.9154],[1.3895],[0.5321],[-0.2383],[-0.3321],[0.458],[1.6123],[2.2605],[1.884],[0.7228],[-0.5198],[-1.3611],[-1.8512],[-2.258],[-2.6093],[-2.558],[-1.7037],[0.0105],[2.1858],[4.0957],[4.9241],[4.1833],[2.029],[-0.4944],[2.7333],[2.5019],[2.0327],[1.492],[0.8568],[0.1877],[-0.1728],[0.1519],[1.108],[1.9889],[2.0198],[1.016],[-0.4019],[-1.4383],[-1.821],[-1.8698],[-1.9444],[-1.9543],[-1.5025],[-0.413],[1.0574],[2.3852],[3.2154],[3.3198],[2.5784],[1.0988],[-0.5975],[2.8543],[2.1346],[1.3741],[0.8556],[0.5506],[0.3691],[0.3809],[0.7543],[1.3833],[1.7321],[1.329],[0.2451],[-0.8519],[-1.3809],[-1.3426],[-1.1969],[-1.2019],[-1.1222],[-0.5506],[0.4815],[1.4809],[2.037],[2.116],[1.8827],[1.3611],[0.4765],[-0.634],[2.134],[1.2809],[0.5895],[0.3296],[0.3981],[0.513],[0.5827],[0.6938],[0.8568],[0.8778],[0.5296],[-0.0685],[-0.5383],[-0.5963],[-0.4198],[-0.3809],[-0.5216],[-0.5198],[-0.129],[0.4685],[0.863],[0.9327],[0.8957],[0.8698],[0.634],[-0.0747],[-1.1981],[1.2117],[0.5469],[0.1123],[0.0111],[0.0944],[0.1043],[-0.0469],[-0.2309],[-0.2926],[-0.2444],[-0.2136],[-0.2438],[-0.2093],[-0.063],[0.0247],[-0.1173],[-0.3759],[-0.4765],[-0.3704],[-0.3265],[-0.492],[-0.5821],[-0.2765],[0.1951],[0.1741],[-0.7457],[-2.1994]]}]