html/data/WT_pct09_ind_wt_5_6.json
[{"header":{"disciplineName":["Meteorological products"],"parameterCategory":[0],"parameterCategoryName":["Temperature"],"parameterNumberName":["Temperature"],"parameterNumber":[0],"parameterUnits":["K"],"refTime":["2017-03-17T0000:00.000Z"],"numberPoints":[621],"nx":[27],"ny":[23],"lo1":[-20],"la1":[70],"lo2":[45],"la2":[45],"dx":[2.5],"dy":[2.5]},"data":[[-6.2615],[-5.9337],[-5.6183],[-5.3288],[-5.1],[-4.924],[-4.7952],[-4.7029],[-4.625],[-4.5279],[-4.4048],[-4.2596],[-4.0837],[-3.9],[-3.7452],[-3.6519],[-3.6433],[-3.7471],[-3.9346],[-4.2115],[-4.5587],[-4.9202],[-5.2702],[-5.5942],[-5.8721],[-6.1173],[-6.3519],[-4.5096],[-4.2154],[-3.9298],[-3.6558],[-3.4173],[-3.2288],[-3.0808],[-2.9702],[-2.8865],[-2.799],[-2.6837],[-2.5452],[-2.374],[-2.199],[-2.0519],[-1.9875],[-2.0202],[-2.1837],[-2.4558],[-2.8125],[-3.2096],[-3.5952],[-3.926],[-4.1788],[-4.3481],[-4.4606],[-4.5606],[-3.0413],[-2.8481],[-2.6385],[-2.3952],[-2.1356],[-1.8904],[-1.6615],[-1.4779],[-1.3442],[-1.2298],[-1.1279],[-1.0154],[-0.8875],[-0.7538],[-0.6481],[-0.6115],[-0.6702],[-0.8538],[-1.1394],[-1.4904],[-1.8462],[-2.1529],[-2.3683],[-2.475],[-2.501],[-2.4817],[-2.4635],[-1.8413],[-1.7673],[-1.6413],[-1.4433],[-1.1894],[-0.8769],[-0.5654],[-0.2885],[-0.0692],[0.0875],[0.1904],[0.2875],[0.3856],[0.5038],[0.6019],[0.6567],[0.6087],[0.4625],[0.2221],[-0.0625],[-0.3212],[-0.5087],[-0.5933],[-0.5817],[-0.5115],[-0.4375],[-0.4125],[-0.8913],[-0.8433],[-0.75],[-0.5875],[-0.3567],[-0.0587],[0.2712],[0.5971],[0.8827],[1.0904],[1.2269],[1.3365],[1.4346],[1.5606],[1.7019],[1.8048],[1.8356],[1.7558],[1.5933],[1.3875],[1.2173],[1.1317],[1.1462],[1.2413],[1.3404],[1.4077],[1.3923],[-0.0904],[0.0606],[0.2019],[0.324],[0.476],[0.675],[0.9481],[1.2538],[1.5635],[1.8163],[1.9885],[2.1],[2.2144],[2.3548],[2.5529],[2.7452],[2.8798],[2.9202],[2.8587],[2.7577],[2.6885],[2.7019],[2.8048],[2.9298],[3.0423],[3.074],[3.0365],[0.7327],[1.0038],[1.2],[1.2827],[1.3163],[1.3875],[1.551],[1.8317],[2.1625],[2.4663],[2.6654],[2.7817],[2.8606],[2.9971],[3.2183],[3.5038],[3.775],[3.9769],[4.0769],[4.126],[4.1981],[4.3202],[4.4894],[4.6308],[4.7029],[4.6769],[4.6058],[1.6865],[1.9731],[2.1433],[2.1663],[2.1202],[2.1115],[2.2404],[2.5327],[2.9212],[3.2971],[3.5663],[3.6837],[3.7356],[3.8288],[4.0375],[4.3692],[4.7452],[5.0769],[5.3115],[5.4837],[5.6346],[5.8317],[6.0154],[6.1471],[6.1644],[6.101],[5.9933],[2.7288],[2.8798],[2.9837],[3.0183],[3.0183],[3.0654],[3.2423],[3.576],[4.026],[4.4769],[4.8202],[5],[5.0587],[5.1087],[5.2712],[5.5548],[5.9048],[6.1923],[6.3952],[6.5096],[6.6077],[6.7433],[6.9067],[7.026],[7.0808],[7.0596],[7.0567],[3.75],[3.7452],[3.8423],[4.0202],[4.2442],[4.4702],[4.7144],[5.025],[5.4385],[5.899],[6.3019],[6.576],[6.6856],[6.724],[6.7827],[6.9058],[7.0808],[7.1933],[7.1894],[7.1029],[7.0394],[7.0683],[7.201],[7.3837],[7.5635],[7.725],[7.924],[4.6971],[4.6529],[4.8615],[5.2712],[5.7471],[6.1433],[6.4192],[6.6365],[6.9212],[7.3019],[7.7221],[8.0625],[8.2337],[8.2452],[8.1846],[8.1356],[8.1269],[8.0865],[7.9683],[7.8058],[7.6846],[7.7144],[7.9288],[8.2567],[8.576],[8.8375],[9.0529],[5.6769],[5.725],[6.0096],[6.5154],[7.0721],[7.5317],[7.8288],[8.0221],[8.2519],[8.5808],[8.9904],[9.3538],[9.5538],[9.5356],[9.3798],[9.2202],[9.1529],[9.1673],[9.1981],[9.2038],[9.2721],[9.5144],[9.9529],[10.4798],[10.8923],[11.0731],[11.0269],[6.7538],[6.8712],[7.075],[7.4038],[7.8317],[8.3298],[8.8106],[9.25],[9.6394],[10.0269],[10.4038],[10.7337],[10.9038],[10.8481],[10.625],[10.4029],[10.3462],[10.4933],[10.7577],[11.026],[11.3529],[11.8673],[12.6183],[13.4462],[14.0567],[14.2519],[14.0481],[7.8452],[7.926],[7.9154],[7.9962],[8.3798],[9.1087],[10.074],[11.0058],[11.6904],[12.1019],[12.3452],[12.5067],[12.5904],[12.4808],[12.1663],[11.8135],[11.6452],[11.7519],[12.0154],[12.3058],[12.6846],[13.3615],[14.4471],[15.7144],[16.7663],[17.3663],[17.5663],[8.7154],[8.7202],[8.6433],[8.8067],[9.5423],[10.8673],[12.4625],[13.8279],[14.6154],[14.8346],[14.7615],[14.6596],[14.5788],[14.3625],[13.9048],[13.3452],[12.924],[12.7788],[12.8125],[12.8875],[13.1067],[13.8144],[15.1981],[16.9596],[18.5327],[19.6394],[20.5058],[9.2913],[9.3538],[9.5721],[10.2942],[11.7413],[13.7462],[15.7673],[17.2029],[17.7587],[17.6298],[17.2413],[16.9135],[16.6712],[16.301],[15.7],[14.9567],[14.3433],[14.0192],[13.8702],[13.7827],[13.9096],[14.6952],[16.3721],[18.5115],[20.3077],[21.3913],[22.2654],[9.9163],[10.299],[11.0548],[12.4308],[14.4558],[16.7721],[18.7452],[19.8721],[20.1202],[19.875],[19.5356],[19.2394],[18.9048],[18.3683],[17.6221],[16.8462],[16.2587],[15.9721],[15.9096],[15.9048],[16.1346],[17.0692],[18.9731],[21.3462],[23.0654],[23.5538],[23.449],[11.2038],[12.0769],[13.3029],[14.951],[16.9615],[18.9817],[20.499],[21.274],[21.5173],[21.6413],[21.8173],[21.8298],[21.4308],[20.6712],[19.8163],[19.1],[18.6356],[18.4519],[18.5087],[18.6942],[19.0712],[20.0346],[21.949],[24.3942],[26.1654],[26.2779],[25.1462],[13.5365],[14.8663],[16.2596],[17.6692],[19.124],[20.476],[21.4981],[22.1375],[22.6904],[23.4538],[24.25],[24.5077],[23.9663],[22.9644],[22.0385],[21.4096],[20.9837],[20.7154],[20.7038],[20.9577],[21.3577],[22.0875],[23.5654],[25.8154],[27.8865],[28.5106],[27.4702],[16.6423],[18.1779],[19.4538],[20.3779],[21.1644],[21.9538],[22.7106],[23.4029],[24.2298],[25.3394],[26.3519],[26.5962],[25.8567],[24.7125],[23.85],[23.3904],[22.9615],[22.4721],[22.2683],[22.5269],[22.9327],[23.2788],[23.9837],[25.5529],[27.6702],[29.1519],[29.176],[19.6442],[21.049],[22.0644],[22.6096],[22.9885],[23.5096],[24.1846],[24.8673],[25.6298],[26.5548],[27.3567],[27.4375],[26.6933],[25.7173],[25.1683],[24.9904],[24.6856],[24.1327],[23.8471],[24.1721],[24.6885],[24.8356],[24.8038],[25.3846],[26.8423],[28.451],[29.2077],[21.5971],[22.6298],[23.3538],[23.7115],[23.9567],[24.3875],[24.9721],[25.4913],[25.926],[26.4375],[26.9404],[27.0663],[26.7077],[26.2452],[26.1231],[26.2606],[26.199],[25.8327],[25.6356],[25.9644],[26.5096],[26.6692],[26.4433],[26.4087],[26.9356],[27.6788],[28.0183],[22.0519],[22.6788],[23.1587],[23.4269],[23.6327],[23.9635],[24.3885],[24.7115],[24.8856],[25.1212],[25.5163],[25.924],[26.1808],[26.324],[26.5423],[26.8115],[26.9394],[26.8798],[26.8029],[26.8404],[26.9827],[27.1038],[27.2596],[27.501],[27.7106],[27.5673],[26.9038]]},{"header":{"disciplineName":["Meteorological products"],"parameterCategory":[2],"parameterCategoryName":["u-component of wind"],"parameterNumberName":["u-component of wind"],"parameterNumber":[2],"parameterUnits":["m s-1"],"refTime":["2017-03-17T0000:00.000Z"],"numberPoints":[621],"nx":[27],"ny":[23],"lo1":[-20],"la1":[70],"lo2":[45],"la2":[45],"dx":[2.5],"dy":[2.5]},"data":[[4.1067],[4.4077],[4.599],[4.7067],[4.7269],[4.7067],[4.6731],[4.6692],[4.7],[4.7885],[4.9],[5.0183],[5.1212],[5.1885],[5.2087],[5.1952],[5.1577],[5.1221],[5.1106],[5.126],[5.1644],[5.2096],[5.251],[5.2635],[5.2298],[5.1635],[5.0712],[3.4433],[3.7596],[3.9702],[4.0837],[4.1413],[4.1663],[4.2337],[4.3538],[4.5452],[4.8058],[5.0952],[5.3644],[5.5837],[5.7067],[5.7365],[5.6808],[5.5817],[5.4663],[5.3923],[5.3635],[5.3817],[5.4404],[5.4971],[5.5346],[5.5433],[5.5365],[5.5163],[2.6404],[2.7837],[2.8923],[2.9894],[3.1019],[3.2538],[3.476],[3.7798],[4.1423],[4.5519],[4.9452],[5.2923],[5.5404],[5.6673],[5.6769],[5.5798],[5.4471],[5.3106],[5.2231],[5.2115],[5.2644],[5.3663],[5.4817],[5.5904],[5.676],[5.7596],[5.851],[2.2125],[2.1183],[2.0865],[2.1529],[2.3308],[2.5981],[2.9567],[3.3394],[3.7423],[4.1144],[4.4413],[4.6971],[4.876],[4.9654],[5],[4.9846],[4.9635],[4.9798],[5.0365],[5.1519],[5.3144],[5.4846],[5.6452],[5.7885],[5.9029],[6.0288],[6.1692],[2.4712],[2.2087],[2.0673],[2.0894],[2.2673],[2.5538],[2.8856],[3.2154],[3.5038],[3.726],[3.8894],[4.0106],[4.0933],[4.174],[4.2779],[4.4183],[4.6183],[4.8538],[5.1385],[5.4231],[5.6817],[5.8933],[6.0462],[6.1385],[6.2087],[6.275],[6.3683],[3.2183],[2.9019],[2.6875],[2.6173],[2.6673],[2.8202],[3.0202],[3.2077],[3.3702],[3.5038],[3.5971],[3.6817],[3.7625],[3.8577],[3.9923],[4.1837],[4.4404],[4.7442],[5.0798],[5.3885],[5.649],[5.8394],[5.9558],[6.0269],[6.0596],[6.1115],[6.1779],[4.0202],[3.6962],[3.4115],[3.1885],[3.0615],[3.0096],[3.0327],[3.0971],[3.1971],[3.3452],[3.5202],[3.6942],[3.8385],[3.9288],[3.9673],[3.9942],[4.0317],[4.1048],[4.2154],[4.3413],[4.4702],[4.5952],[4.7173],[4.8606],[5.0058],[5.1606],[5.3163],[4.6673],[4.2769],[3.9],[3.5683],[3.3298],[3.1817],[3.0971],[3.0731],[3.099],[3.1952],[3.376],[3.5827],[3.7558],[3.8183],[3.7529],[3.5644],[3.3115],[3.0702],[2.8635],[2.7192],[2.6615],[2.6856],[2.8115],[3.0221],[3.3048],[3.5971],[3.8721],[5.2385],[4.7356],[4.2635],[3.899],[3.6865],[3.5942],[3.5298],[3.4144],[3.2587],[3.1125],[3.0452],[3.1058],[3.2288],[3.3077],[3.2692],[3.0731],[2.7577],[2.401],[2.0548],[1.7721],[1.5817],[1.4952],[1.5308],[1.6721],[1.8885],[2.1413],[2.4135],[5.7423],[5.1279],[4.5885],[4.2173],[4.0587],[4.0538],[4.0462],[3.9058],[3.574],[3.1471],[2.7875],[2.6212],[2.6481],[2.776],[2.8587],[2.8163],[2.6413],[2.3933],[2.1163],[1.8779],[1.6933],[1.5788],[1.5029],[1.4596],[1.4433],[1.4817],[1.5904],[5.8788],[5.324],[4.7837],[4.349],[4.1029],[4.0712],[4.1269],[4.0865],[3.8394],[3.4202],[2.9856],[2.7298],[2.6885],[2.7981],[2.9019],[2.8817],[2.7279],[2.5038],[2.2923],[2.149],[2.0933],[2.074],[2.0375],[1.9288],[1.7846],[1.6625],[1.6558],[5.474],[5.201],[4.7904],[4.2827],[3.874],[3.7481],[3.9038],[4.1462],[4.2712],[4.1798],[3.975],[3.7971],[3.7125],[3.6731],[3.549],[3.3019],[2.9346],[2.5394],[2.2135],[2.0452],[2.0471],[2.15],[2.2577],[2.2865],[2.2567],[2.2442],[2.3413],[4.8788],[4.9337],[4.7471],[4.3135],[3.9087],[3.85],[4.2087],[4.7817],[5.2712],[5.5019],[5.5163],[5.426],[5.2817],[5.0692],[4.7192],[4.2548],[3.7077],[3.1625],[2.6894],[2.3567],[2.2212],[2.251],[2.3885],[2.5548],[2.7288],[2.9587],[3.2548],[4.4798],[4.6981],[4.7173],[4.5663],[4.4875],[4.7394],[5.3317],[6.0087],[6.4721],[6.6385],[6.6163],[6.524],[6.4115],[6.2317],[5.9356],[5.5837],[5.2192],[4.8462],[4.4135],[3.949],[3.5442],[3.3125],[3.2798],[3.424],[3.6913],[4.0452],[4.3721],[4.1356],[4.3654],[4.624],[4.8933],[5.2692],[5.8019],[6.3519],[6.6981],[6.7038],[6.4942],[6.3067],[6.3087],[6.4365],[6.5346],[6.5529],[6.5798],[6.6538],[6.6856],[6.524],[6.1298],[5.6183],[5.1942],[5],[5.0673],[5.3317],[5.6558],[5.8212],[3.5394],[3.9798],[4.6202],[5.3471],[5.9962],[6.4192],[6.4827],[6.1567],[5.576],[5.0721],[4.9394],[5.224],[5.7115],[6.126],[6.3798],[6.6192],[6.9308],[7.2519],[7.399],[7.2779],[6.9798],[6.6933],[6.5625],[6.6346],[6.8971],[7.2],[7.2817],[3.1144],[4.0817],[5.2548],[6.299],[6.8808],[6.8183],[6.1673],[5.226],[4.3827],[3.9433],[4.0394],[4.5644],[5.1846],[5.6096],[5.7721],[5.8337],[5.9913],[6.2548],[6.5442],[6.7519],[6.8942],[7.0029],[7.0615],[7.1154],[7.2731],[7.5625],[7.7962],[3.7904],[5.1865],[6.5962],[7.6279],[7.8952],[7.3279],[6.2462],[5.1894],[4.5317],[4.3548],[4.5154],[4.824],[5.0798],[5.149],[4.9827],[4.7327],[4.5644],[4.5894],[4.8433],[5.3],[5.876],[6.3596],[6.5317],[6.3558],[6.1212],[6.1827],[6.576],[5.5635],[6.7183],[7.6577],[8.1596],[8.0183],[7.2673],[6.3327],[5.6923],[5.4798],[5.4519],[5.2942],[4.9442],[4.5327],[4.1702],[3.824],[3.4712],[3.1596],[3.0404],[3.2231],[3.7837],[4.5808],[5.2683],[5.4423],[4.9712],[4.201],[3.7433],[3.9125],[6.7837],[7.1087],[7.0154],[6.6625],[6.1452],[5.5413],[5.0981],[5.0144],[5.1558],[5.099],[4.5471],[3.6587],[2.8452],[2.3625],[2.1481],[2.0019],[1.8481],[1.7702],[1.9356],[2.4067],[3.1096],[3.7567],[3.9394],[3.4356],[2.4279],[1.4298],[0.9548],[5.5221],[5.126],[4.2038],[3.2596],[2.6],[2.2471],[2.1846],[2.3673],[2.5769],[2.4856],[1.9154],[1.1087],[0.5],[0.3038],[0.4],[0.5683],[0.7029],[0.8144],[0.9654],[1.1942],[1.4971],[1.8269],[1.9779],[1.7317],[0.9558],[-0.1933],[-1.3154],[1.4202],[0.9692],[0.0663],[-0.7606],[-1.2067],[-1.3385],[-1.3452],[-1.2788],[-1.1856],[-1.1731],[-1.3202],[-1.5038],[-1.5596],[-1.3933],[-1.0404],[-0.6019],[-0.1577],[0.1788],[0.3394],[0.2971],[0.1346],[-0.0125],[-0.0769],[-0.15],[-0.5144],[-1.4183],[-2.7663],[-4.0567],[-4.1029],[-4.3356],[-4.4904],[-4.4404],[-4.3663],[-4.4423],[-4.6154],[-4.6625],[-4.4894],[-4.1394],[-3.7375],[-3.3827],[-3.025],[-2.5548],[-1.8837],[-1.1548],[-0.6125],[-0.425],[-0.5423],[-0.8635],[-1.2769],[-1.6567],[-1.8779],[-2.0625],[-2.575],[-3.6048]]},{"header":{"disciplineName":["Meteorological products"],"parameterCategory":[2],"parameterCategoryName":["v-component of wind"],"parameterNumberName":["v-component of wind"],"parameterNumber":[3],"parameterUnits":["m s-1"],"refTime":["2017-03-17T0000:00.000Z"],"numberPoints":[621],"nx":[27],"ny":[23],"lo1":[-20],"la1":[70],"lo2":[45],"la2":[45],"dx":[2.5],"dy":[2.5]},"data":[[1.0365],[0.8817],[0.6837],[0.4683],[0.2817],[0.15],[0.0856],[0.1192],[0.2096],[0.349],[0.4885],[0.6183],[0.7],[0.7231],[0.7],[0.626],[0.5029],[0.3404],[0.1462],[-0.0923],[-0.3712],[-0.675],[-1.001],[-1.3221],[-1.6385],[-1.925],[-2.1615],[2.0913],[1.801],[1.4144],[0.999],[0.6173],[0.3269],[0.1837],[0.1663],[0.274],[0.4529],[0.649],[0.8038],[0.8817],[0.876],[0.7837],[0.624],[0.4096],[0.1798],[-0.0625],[-0.3135],[-0.5548],[-0.8067],[-1.0462],[-1.2808],[-1.4894],[-1.6702],[-1.825],[2.5788],[2.2173],[1.7933],[1.3538],[0.974],[0.7058],[0.5712],[0.5702],[0.6721],[0.8346],[0.9923],[1.0894],[1.0788],[0.9587],[0.7279],[0.4298],[0.0981],[-0.2125],[-0.4721],[-0.6769],[-0.8087],[-0.8798],[-0.9183],[-0.9404],[-0.9721],[-1.0212],[-1.0942],[2.2548],[1.9779],[1.749],[1.5673],[1.4394],[1.3663],[1.3433],[1.3385],[1.376],[1.4048],[1.4231],[1.3981],[1.301],[1.1115],[0.8173],[0.4625],[0.0788],[-0.275],[-0.5471],[-0.7019],[-0.7183],[-0.6202],[-0.4644],[-0.301],[-0.1808],[-0.1529],[-0.2423],[1.5385],[1.475],[1.5712],[1.7692],[1.999],[2.1721],[2.2308],[2.175],[2.0298],[1.8413],[1.6712],[1.5192],[1.3875],[1.2644],[1.0933],[0.8519],[0.5356],[0.2029],[-0.0788],[-0.2567],[-0.2837],[-0.1625],[0.0394],[0.2567],[0.3817],[0.3933],[0.2356],[0.9779],[1.0721],[1.3962],[1.8481],[2.301],[2.6317],[2.7596],[2.6452],[2.3644],[1.9894],[1.6288],[1.3769],[1.2577],[1.2346],[1.2529],[1.2202],[1.0625],[0.8173],[0.5308],[0.3],[0.201],[0.2346],[0.3596],[0.4856],[0.5404],[0.4808],[0.2952],[0.6413],[0.7375],[1.0356],[1.5029],[2.0231],[2.4654],[2.7154],[2.7135],[2.4779],[2.0808],[1.6442],[1.2875],[1.0808],[1.0529],[1.1317],[1.2135],[1.1962],[1.0365],[0.8058],[0.599],[0.5163],[0.5471],[0.6385],[0.7038],[0.6731],[0.5625],[0.4067],[0.225],[0.1952],[0.3769],[0.7856],[1.3856],[1.9933],[2.4798],[2.7231],[2.6923],[2.4163],[1.9894],[1.5385],[1.1692],[0.9731],[0.9413],[0.9702],[0.9577],[0.8346],[0.6673],[0.5692],[0.625],[0.8288],[1.051],[1.1567],[1.1],[0.9481],[0.8077],[-0.5077],[-0.6183],[-0.4269],[0.126],[0.9462],[1.7721],[2.425],[2.775],[2.8433],[2.6625],[2.3087],[1.8471],[1.4038],[1.0788],[0.9019],[0.8144],[0.7135],[0.5212],[0.3192],[0.2721],[0.4913],[0.9231],[1.3423],[1.576],[1.5317],[1.3423],[1.1692],[-1.4692],[-1.5587],[-1.15],[-0.2337],[0.9048],[1.874],[2.4337],[2.575],[2.4606],[2.2587],[2.0144],[1.7202],[1.3971],[1.1202],[0.9462],[0.8183],[0.6337],[0.3317],[0.0096],[-0.0952],[0.1635],[0.7135],[1.2875],[1.6115],[1.6125],[1.425],[1.2567],[-2.3942],[-2.4115],[-1.751],[-0.501],[0.8933],[1.8942],[2.2288],[2.0317],[1.6644],[1.4058],[1.3173],[1.2529],[1.1288],[0.9538],[0.8183],[0.7087],[0.5125],[0.1615],[-0.2163],[-0.3519],[-0.0827],[0.5038],[1.1173],[1.4692],[1.5288],[1.4577],[1.426],[-2.9221],[-2.951],[-2.2519],[-0.9144],[0.5856],[1.65],[1.9615],[1.6962],[1.2788],[1.0683],[1.0846],[1.099],[0.9385],[0.65],[0.3702],[0.1692],[-0.025],[-0.2952],[-0.5279],[-0.4788],[-0.0471],[0.6365],[1.2423],[1.5846],[1.7135],[1.8394],[2.0442],[-2.9433],[-3.0712],[-2.6019],[-1.4221],[0.1221],[1.4288],[2.0837],[2.0913],[1.8221],[1.624],[1.5413],[1.3587],[0.899],[0.2558],[-0.3606],[-0.7788],[-1.049],[-1.1962],[-1.1538],[-0.7519],[0.0346],[0.9317],[1.6067],[1.9462],[2.1365],[2.4221],[2.8087],[-2.7817],[-3.0327],[-2.7913],[-1.7577],[-0.1029],[1.5885],[2.701],[2.9885],[2.7058],[2.2856],[1.9212],[1.4779],[0.7808],[-0.1423],[-1.0413],[-1.7077],[-2.1231],[-2.2885],[-2.0923],[-1.3817],[-0.2433],[0.9423],[1.7817],[2.2],[2.4548],[2.7923],[3.1106],[-2.8404],[-3.0442],[-2.7721],[-1.6817],[0.15],[2.0952],[3.3913],[3.6077],[3.0144],[2.225],[1.649],[1.2163],[0.626],[-0.2519],[-1.2183],[-2.049],[-2.6558],[-2.9952],[-2.9115],[-2.1913],[-0.9115],[0.5308],[1.6529],[2.324],[2.7087],[2.9288],[2.8721],[-2.9962],[-2.849],[-2.2538],[-1.0019],[0.7808],[2.5673],[3.5712],[3.4202],[2.5038],[1.6106],[1.2163],[1.1558],[0.8808],[0.1481],[-0.8327],[-1.7356],[-2.4548],[-3.0077],[-3.2135],[-2.7837],[-1.624],[-0.0385],[1.4673],[2.5788],[3.1913],[3.226],[2.5375],[-2.5183],[-1.8202],[-0.8981],[0.225],[1.4904],[2.5673],[2.9548],[2.4885],[1.651],[1.1577],[1.3337],[1.7029],[1.5615],[0.7327],[-0.3798],[-1.2952],[-1.9827],[-2.6087],[-3.1115],[-3.051],[-2.1269],[-0.4875],[1.3644],[2.9413],[3.851],[3.7404],[2.4471],[-1.001],[0.0837],[0.9683],[1.5462],[1.8817],[1.9894],[1.7702],[1.2769],[0.9163],[1.1423],[1.8615],[2.3712],[2.0115],[0.8635],[-0.3933],[-1.2327],[-1.7635],[-2.3452],[-2.9769],[-3.1192],[-2.3192],[-0.6712],[1.3125],[3.1096],[4.2221],[4.1317],[2.5654],[1.0173],[1.9817],[2.4269],[2.3058],[1.8327],[1.276],[0.7538],[0.4413],[0.5933],[1.301],[2.1692],[2.4567],[1.7731],[0.4615],[-0.725],[-1.4077],[-1.826],[-2.3923],[-2.9577],[-2.9279],[-1.9548],[-0.2875],[1.4846],[3.001],[4.0269],[4.099],[2.7298],[2.6019],[2.9212],[2.7721],[2.2865],[1.6846],[1.0962],[0.6308],[0.4837],[0.8067],[1.4769],[2.0529],[2.0019],[1.2288],[0.15],[-0.7212],[-1.275],[-1.8029],[-2.4202],[-2.7413],[-2.2308],[-0.8625],[0.7519],[1.9606],[2.7462],[3.3538],[3.5904],[2.7385],[3.3413],[2.8106],[2.2173],[1.8423],[1.674],[1.5058],[1.2635],[1.1135],[1.2481],[1.5587],[1.7135],[1.4798],[0.9433],[0.3606],[-0.1635],[-0.7615],[-1.4904],[-2.1183],[-2.1135],[-1.1577],[0.3894],[1.7058],[2.2058],[2.1798],[2.2865],[2.574],[2.2231],[3.4106],[2.2317],[1.4115],[1.251],[1.5038],[1.6442],[1.4798],[1.2154],[1.1096],[1.1125],[1.0577],[0.8904],[0.7423],[0.6279],[0.3115],[-0.3356],[-1.1144],[-1.5635],[-1.3365],[-0.449],[0.6577],[1.3471],[1.349],[0.9923],[0.8885],[1.1308],[1.0048],[2.976],[1.5644],[0.5962],[0.3615],[0.5346],[0.5933],[0.374],[0.0721],[-0.0923],[-0.1567],[-0.2231],[-0.2067],[3.6537e-09],[0.2],[0.0413],[-0.5173],[-1.0769],[-1.2433],[-1.049],[-0.8135],[-0.6519],[-0.5471],[-0.4827],[-0.4712],[-0.4202],[-0.3212],[-0.5327]]}]