html/data/WT_pct09_ind_wt_1_4.json
[{"header":{"disciplineName":["Meteorological products"],"parameterCategory":[0],"parameterCategoryName":["Temperature"],"parameterNumberName":["Temperature"],"parameterNumber":[0],"parameterUnits":["K"],"refTime":["2017-03-17T0000:00.000Z"],"numberPoints":[621],"nx":[27],"ny":[23],"lo1":[-20],"la1":[70],"lo2":[45],"la2":[45],"dx":[2.5],"dy":[2.5]},"data":[[-14.1925],[-13.1349],[-12.1925],[-11.3733],[-10.7075],[-10.187],[-9.8116],[-9.5514],[-9.3801],[-9.2938],[-9.2623],[-9.2829],[-9.3158],[-9.3788],[-9.45],[-9.5267],[-9.6226],[-9.7363],[-9.8801],[-10.0664],[-10.3007],[-10.6007],[-10.9541],[-11.3774],[-11.8596],[-12.4048],[-13.0171],[-10.0473],[-9.35],[-8.8295],[-8.45],[-8.1884],[-8.013],[-7.9007],[-7.8226],[-7.7993],[-7.8089],[-7.8705],[-7.9719],[-8.1226],[-8.3281],[-8.5678],[-8.8267],[-9.1185],[-9.424],[-9.7555],[-10.0897],[-10.4445],[-10.7952],[-11.1418],[-11.4911],[-11.8432],[-12.2062],[-12.6295],[-6.5678],[-6.3486],[-6.2884],[-6.2966],[-6.3185],[-6.3363],[-6.3116],[-6.2815],[-6.2719],[-6.313],[-6.4418],[-6.6527],[-6.961],[-7.3267],[-7.7432],[-8.1719],[-8.6226],[-9.0678],[-9.5171],[-9.976],[-10.4034],[-10.7938],[-11.1295],[-11.3993],[-11.6075],[-11.7938],[-11.9938],[-4.7541],[-4.8308],[-4.9486],[-5.0555],[-5.1021],[-5.0842],[-5.0322],[-4.987],[-4.9993],[-5.1158],[-5.3664],[-5.724],[-6.1623],[-6.6185],[-7.0925],[-7.5158],[-7.913],[-8.287],[-8.6815],[-9.0815],[-9.4952],[-9.9034],[-10.2473],[-10.5171],[-10.6979],[-10.824],[-10.9555],[-4.1637],[-4.1692],[-4.1651],[-4.1336],[-4.0473],[-3.9486],[-3.8815],[-3.8801],[-4.0034],[-4.2692],[-4.6486],[-5.1075],[-5.5925],[-6.0322],[-6.3911],[-6.6747],[-6.8966],[-7.1116],[-7.3678],[-7.6938],[-8.0938],[-8.5212],[-8.9062],[-9.2199],[-9.4459],[-9.6158],[-9.7979],[-3.5897],[-3.4075],[-3.2336],[-3.087],[-2.961],[-2.8966],[-2.9075],[-3.0295],[-3.2555],[-3.5788],[-3.9664],[-4.3664],[-4.7486],[-5.0541],[-5.2911],[-5.4747],[-5.6432],[-5.8582],[-6.1527],[-6.5445],[-7.0212],[-7.4815],[-7.9007],[-8.2103],[-8.4158],[-8.5705],[-8.7678],[-2.4514],[-2.2377],[-2.0884],[-2.0185],[-2.024],[-2.1034],[-2.2459],[-2.4322],[-2.6664],[-2.9171],[-3.1692],[-3.3842],[-3.5938],[-3.7719],[-3.9541],[-4.2007],[-4.4966],[-4.8979],[-5.3664],[-5.9116],[-6.4637],[-6.9651],[-7.3418],[-7.5719],[-7.6733],[-7.739],[-7.8856],[-1.024],[-0.9171],[-0.9253],[-1.0336],[-1.2089],[-1.4267],[-1.6418],[-1.8568],[-2.0637],[-2.2527],[-2.4075],[-2.5418],[-2.6568],[-2.8048],[-3.024],[-3.3541],[-3.7692],[-4.2747],[-4.8158],[-5.3568],[-5.8514],[-6.2897],[-6.6116],[-6.8021],[-6.8897],[-6.9568],[-7.1062],[0.3541],[0.3952],[0.3171],[0.1158],[-0.1664],[-0.4651],[-0.7336],[-1.0021],[-1.25],[-1.4993],[-1.7418],[-1.9486],[-2.1253],[-2.3199],[-2.5801],[-2.9267],[-3.3377],[-3.7568],[-4.1473],[-4.4801],[-4.7815],[-5.0678],[-5.3432],[-5.6007],[-5.8295],[-6.0692],[-6.3363],[1.6664],[1.7473],[1.6993],[1.4705],[1.1281],[0.7555],[0.4021],[0.0651],[-0.261],[-0.5938],[-0.9295],[-1.2089],[-1.4555],[-1.6842],[-1.9623],[-2.3253],[-2.7295],[-3.0925],[-3.3747],[-3.5349],[-3.6432],[-3.7774],[-3.9774],[-4.2651],[-4.6021],[-4.9582],[-5.3349],[2.9404],[3.0322],[2.9623],[2.6842],[2.2514],[1.7747],[1.3473],[1.0089],[0.7253],[0.461],[0.2212],[-0.0007],[-0.1884],[-0.4062],[-0.7295],[-1.1993],[-1.7514],[-2.2801],[-2.6678],[-2.8747],[-2.9322],[-2.939],[-2.9801],[-3.0897],[-3.2925],[-3.5678],[-3.8911],[4.0637],[4.0349],[3.8664],[3.5075],[2.9979],[2.4774],[2.0363],[1.7719],[1.6459],[1.5747],[1.5212],[1.439],[1.3116],[1.0952],[0.7034],[0.1253],[-0.5815],[-1.2747],[-1.8199],[-2.139],[-2.2432],[-2.1897],[-2.0678],[-1.9596],[-1.9116],[-1.9829],[-2.1719],[4.9911],[4.8226],[4.5774],[4.2212],[3.7692],[3.2884],[2.913],[2.6733],[2.5925],[2.5747],[2.5637],[2.5034],[2.3664],[2.1418],[1.7747],[1.2527],[0.6486],[0.0897],[-0.3514],[-0.6281],[-0.7459],[-0.7363],[-0.6432],[-0.524],[-0.4445],[-0.4432],[-0.5322],[5.7829],[5.5815],[5.3911],[5.1733],[4.8884],[4.5212],[4.1336],[3.8034],[3.5719],[3.3938],[3.2267],[3.0788],[2.9199],[2.7637],[2.5473],[2.2788],[2.0034],[1.8021],[1.6911],[1.6103],[1.513],[1.4144],[1.3336],[1.2541],[1.1377],[1.0267],[0.9938],[6.5116],[6.3733],[6.2979],[6.2459],[6.113],[5.8308],[5.3979],[4.913],[4.4815],[4.1171],[3.8418],[3.6473],[3.5733],[3.5788],[3.5815],[3.5226],[3.476],[3.4938],[3.5747],[3.6322],[3.5623],[3.4623],[3.3582],[3.2226],[2.9829],[2.7281],[2.7418],[7.1459],[7.0979],[7.1034],[7.1473],[7.0979],[6.8514],[6.4212],[5.9267],[5.4733],[5.1116],[4.8308],[4.6664],[4.6623],[4.7925],[4.9171],[4.913],[4.8267],[4.7952],[4.861],[4.9116],[4.9158],[4.9801],[5.2034],[5.3925],[5.2733],[4.8966],[4.7801],[7.7486],[7.7897],[7.8678],[7.9295],[7.913],[7.7349],[7.4226],[7.0938],[6.8459],[6.6404],[6.3884],[6.1363],[5.9925],[6.0459],[6.1363],[6.0993],[5.9377],[5.8692],[5.9445],[6.0555],[6.1623],[6.4568],[7.1281],[7.8568],[8.0185],[7.4377],[6.8199],[8.5349],[8.7185],[8.8418],[8.9021],[8.8801],[8.7897],[8.6801],[8.6075],[8.6007],[8.5747],[8.3267],[7.8568],[7.3884],[7.1568],[7.1377],[7.1171],[7.0527],[7.1281],[7.4363],[7.7692],[7.9897],[8.3445],[9.2281],[10.3788],[10.9021],[10.2295],[8.939],[9.687],[10.0062],[10.1705],[10.1678],[10.1103],[10.0842],[10.1185],[10.2295],[10.4103],[10.5308],[10.3473],[9.7459],[9.0171],[8.5473],[8.4555],[8.487],[8.5048],[8.6938],[9.2158],[9.8144],[10.1349],[10.3664],[11.1377],[12.5089],[13.5185],[13.1527],[11.6144],[11.2377],[11.6473],[11.8021],[11.713],[11.5842],[11.5733],[11.6884],[11.861],[12.0856],[12.3034],[12.2555],[11.7363],[11.0007],[10.5281],[10.5075],[10.6116],[10.539],[10.5089],[10.913],[11.5979],[12.0432],[12.1993],[12.7692],[14.1623],[15.639],[15.9185],[14.6966],[13.1322],[13.5719],[13.7363],[13.5897],[13.3993],[13.3911],[13.5295],[13.6733],[13.8349],[14.0349],[14.0637],[13.7034],[13.1267],[12.8267],[13.0404],[13.3253],[13.1788],[12.7733],[12.7336],[13.2911],[13.9596],[14.3459],[14.8404],[15.9459],[17.35],[17.9171],[17.0377],[15.1747],[15.6623],[15.8897],[15.7815],[15.5747],[15.5336],[15.6829],[15.8185],[15.8979],[15.9596],[15.924],[15.5842],[15.1034],[14.9856],[15.4911],[16.1582],[16.2336],[15.6911],[15.2568],[15.5678],[16.4295],[17.2555],[17.8555],[18.4637],[19.0007],[18.8747],[17.7349],[16.9815],[17.5103],[17.8349],[17.839],[17.6637],[17.6007],[17.7212],[17.8705],[17.9445],[17.9295],[17.7651],[17.3966],[16.9705],[16.939],[17.6034],[18.5993],[19.15],[18.8747],[18.2952],[18.2486],[19.05],[20.2664],[21.1938],[21.4295],[20.8582],[19.4774],[17.5048]]},{"header":{"disciplineName":["Meteorological products"],"parameterCategory":[2],"parameterCategoryName":["u-component of wind"],"parameterNumberName":["u-component of wind"],"parameterNumber":[2],"parameterUnits":["m s-1"],"refTime":["2017-03-17T0000:00.000Z"],"numberPoints":[621],"nx":[27],"ny":[23],"lo1":[-20],"la1":[70],"lo2":[45],"la2":[45],"dx":[2.5],"dy":[2.5]},"data":[[1.8548],[2.2836],[2.6411],[2.9548],[3.2247],[3.4808],[3.7438],[4.0027],[4.2685],[4.5301],[4.774],[4.9767],[5.1178],[5.2014],[5.2315],[5.2014],[5.1329],[5.0301],[4.9137],[4.7877],[4.6493],[4.5178],[4.389],[4.274],[4.1671],[4.1014],[4.0493],[1.1068],[1.674],[2.1438],[2.5356],[2.8863],[3.2192],[3.5836],[3.9767],[4.4082],[4.8342],[5.2315],[5.5712],[5.811],[5.9452],[5.9507],[5.8712],[5.711],[5.511],[5.3055],[5.1192],[4.9507],[4.8315],[4.7603],[4.7452],[4.7904],[4.9027],[5.074],[1.3041],[1.8356],[2.2685],[2.6507],[3.0315],[3.4082],[3.8219],[4.2644],[4.7096],[5.1466],[5.5096],[5.7644],[5.9027],[5.9],[5.7781],[5.5767],[5.3521],[5.1288],[4.9603],[4.8712],[4.8685],[4.9356],[5.1],[5.3233],[5.6137],[5.9438],[6.326],[3.1082],[3.3904],[3.6575],[3.9274],[4.2096],[4.4959],[4.7863],[5.0507],[5.2671],[5.3986],[5.4493],[5.4082],[5.2726],[5.0685],[4.8466],[4.637],[4.5123],[4.4753],[4.563],[4.7411],[4.9932],[5.2986],[5.6288],[5.9836],[6.3616],[6.7411],[7.1123],[6.2932],[6.2507],[6.2397],[6.2808],[6.3507],[6.3904],[6.3726],[6.2685],[6.0767],[5.8192],[5.5164],[5.1822],[4.8616],[4.5904],[4.4096],[4.3699],[4.4973],[4.7562],[5.1014],[5.4849],[5.8342],[6.1301],[6.3644],[6.5548],[6.7233],[6.8795],[7.0562],[9.8411],[9.5425],[9.2589],[9.0068],[8.7329],[8.4205],[8.0055],[7.5575],[7.0644],[6.6288],[6.2425],[5.9137],[5.6603],[5.4781],[5.4082],[5.4973],[5.7164],[6.0301],[6.363],[6.637],[6.7918],[6.8137],[6.7644],[6.674],[6.5863],[6.526],[6.5082],[12.8795],[12.4247],[11.9205],[11.3658],[10.726],[10.0055],[9.2425],[8.5521],[8.0096],[7.674],[7.5342],[7.489],[7.474],[7.4055],[7.3247],[7.2507],[7.2219],[7.2082],[7.1699],[7.0575],[6.8808],[6.6822],[6.4973],[6.3603],[6.2932],[6.2493],[6.2288],[14.8781],[14.3849],[13.7493],[12.9685],[12.037],[11.011],[9.9986],[9.1603],[8.6137],[8.4082],[8.4863],[8.6836],[8.8219],[8.8068],[8.6014],[8.2671],[7.8616],[7.4151],[6.9562],[6.526],[6.1904],[6.0096],[6.0233],[6.1849],[6.374],[6.4795],[6.4658],[15.5068],[14.9904],[14.3288],[13.5151],[12.5452],[11.4548],[10.3562],[9.389],[8.6767],[8.2795],[8.1699],[8.2356],[8.3219],[8.2973],[8.0945],[7.7397],[7.2589],[6.7164],[6.1849],[5.7575],[5.5425],[5.6342],[5.989],[6.4575],[6.8288],[6.9315],[6.737],[14.6479],[14.1082],[13.5123],[12.8315],[12.0438],[11.1438],[10.1534],[9.1466],[8.1795],[7.3438],[6.7151],[6.3192],[6.137],[6.0712],[6.0192],[5.9384],[5.7699],[5.5438],[5.3178],[5.189],[5.2904],[5.6466],[6.211],[6.7644],[7.0849],[7.0247],[6.6082],[12.7205],[12.1438],[11.5932],[11.0342],[10.4562],[9.8425],[9.1521],[8.3411],[7.3712],[6.3192],[5.3164],[4.5219],[4.0301],[3.8288],[3.8452],[3.9699],[4.1192],[4.2644],[4.4274],[4.6356],[4.9671],[5.4562],[6.0068],[6.4712],[6.6863],[6.5712],[6.2205],[10.3534],[9.7397],[9.163],[8.6027],[8.1247],[7.7452],[7.4411],[7.0781],[6.5548],[5.8342],[5.0041],[4.2233],[3.6041],[3.2137],[3.037],[3.0603],[3.2493],[3.5342],[3.874],[4.2055],[4.5507],[4.9123],[5.2822],[5.5973],[5.8123],[5.9151],[5.9699],[7.7397],[7.1466],[6.5822],[6.0959],[5.7658],[5.6562],[5.7274],[5.8411],[5.8849],[5.7849],[5.537],[5.1753],[4.726],[4.2685],[3.889],[3.7452],[3.8438],[4.1151],[4.4],[4.6068],[4.6973],[4.726],[4.7959],[4.9479],[5.2068],[5.5315],[5.9],[4.8671],[4.426],[4.1123],[3.989],[4.0685],[4.3425],[4.7014],[5.0164],[5.2671],[5.5233],[5.7767],[5.9548],[5.9411],[5.7178],[5.4863],[5.4466],[5.6438],[5.9425],[6.1137],[6.0315],[5.7575],[5.4397],[5.2384],[5.2644],[5.5014],[5.8123],[6.0945],[2.2644],[2.0767],[2.1493],[2.5178],[3.1151],[3.7644],[4.2192],[4.3808],[4.3973],[4.5616],[5.0438],[5.674],[6.2027],[6.4767],[6.6671],[6.9726],[7.3932],[7.7438],[7.7795],[7.4863],[7.0342],[6.6397],[6.4356],[6.5027],[6.7466],[6.9548],[6.9151],[0.6685],[0.7384],[1.0466],[1.5959],[2.3466],[3.0466],[3.4274],[3.3644],[3.1301],[3.1918],[3.8014],[4.8192],[5.8014],[6.5027],[7.011],[7.5027],[7.9603],[8.2137],[8.1301],[7.8644],[7.6233],[7.5507],[7.6685],[7.9192],[8.2932],[8.6055],[8.563],[0.0548],[0.2945],[0.5589],[0.8932],[1.337],[1.7849],[2.0452],[2.0384],[1.9808],[2.2808],[3.1452],[4.3726],[5.5041],[6.2685],[6.726],[7.0534],[7.3],[7.3699],[7.2712],[7.2534],[7.5041],[7.9521],[8.3932],[8.7781],[9.2699],[9.8699],[10.2438],[-0.3055],[0.0233],[0.2274],[0.3562],[0.5164],[0.7877],[1.1411],[1.5233],[1.9822],[2.6753],[3.6493],[4.7356],[5.5808],[6.0301],[6.1918],[6.2767],[6.3342],[6.3082],[6.3068],[6.5918],[7.2616],[8.0493],[8.5616],[8.8301],[9.2178],[9.9781],[10.8014],[-0.6753],[-0.2726],[0.0877],[0.4274],[0.7726],[1.2288],[1.8521],[2.6521],[3.5082],[4.3123],[5.0192],[5.5466],[5.8288],[5.8781],[5.8466],[5.8699],[5.9288],[5.9644],[6.0274],[6.3836],[7.074],[7.8164],[8.1945],[8.2397],[8.3904],[8.9918],[9.7973],[-0.3781],[0.0616],[0.6685],[1.4247],[2.1849],[2.9164],[3.7164],[4.6137],[5.4603],[6.026],[6.2479],[6.211],[6.0685],[5.9534],[5.9452],[6.0493],[6.1959],[6.2329],[6.1973],[6.2644],[6.5658],[6.9616],[7.1685],[7.1712],[7.226],[7.4932],[7.7877],[0.9671],[1.3918],[2.0288],[2.8493],[3.6548],[4.3205],[4.9041],[5.5219],[6.0781],[6.3753],[6.3342],[6.1452],[6.0055],[6.0288],[6.1301],[6.2658],[6.3575],[6.3027],[6.0548],[5.7342],[5.5041],[5.4507],[5.5301],[5.6466],[5.7452],[5.7479],[5.4562],[2.2562],[2.7041],[3.1233],[3.5836],[3.9589],[4.1644],[4.2808],[4.4479],[4.6904],[4.8712],[4.9068],[4.9137],[5.0479],[5.2493],[5.3904],[5.4151],[5.4014],[5.3329],[5.0808],[4.6288],[4.1041],[3.7438],[3.6562],[3.7685],[3.8493],[3.6342],[2.9781],[1.7726],[2.2918],[2.5493],[2.6507],[2.6534],[2.5],[2.2863],[2.1534],[2.1863],[2.3014],[2.4219],[2.5836],[2.8151],[3.0137],[3.0356],[2.9575],[2.9589],[3.0685],[3.0973],[2.8781],[2.4603],[2.111],[1.9616],[1.9315],[1.7753],[1.2986],[0.4822]]},{"header":{"disciplineName":["Meteorological products"],"parameterCategory":[2],"parameterCategoryName":["v-component of wind"],"parameterNumberName":["v-component of wind"],"parameterNumber":[3],"parameterUnits":["m s-1"],"refTime":["2017-03-17T0000:00.000Z"],"numberPoints":[621],"nx":[27],"ny":[23],"lo1":[-20],"la1":[70],"lo2":[45],"la2":[45],"dx":[2.5],"dy":[2.5]},"data":[[1.1164],[1.4932],[1.8699],[2.1918],[2.3973],[2.4658],[2.3644],[2.1178],[1.7575],[1.3192],[0.8575],[0.4288],[0.0712],[-0.1767],[-0.3329],[-0.3863],[-0.3973],[-0.4096],[-0.4658],[-0.6082],[-0.8397],[-1.1699],[-1.5603],[-1.9616],[-2.3397],[-2.6507],[-2.8863],[2.5384],[2.8123],[3.0507],[3.2192],[3.2959],[3.2658],[3.1082],[2.8233],[2.4233],[1.9288],[1.3959],[0.8521],[0.3712],[-0.026],[-0.2945],[-0.4589],[-0.5452],[-0.6055],[-0.6918],[-0.8493],[-1.089],[-1.3918],[-1.7301],[-2.0397],[-2.2808],[-2.4315],[-2.4836],[3.8863],[3.9986],[4.0712],[4.0877],[4.0781],[4.0041],[3.8507],[3.5932],[3.2096],[2.6849],[2.0452],[1.3479],[0.6658],[0.0726],[-0.3726],[-0.6562],[-0.7945],[-0.8493],[-0.8753],[-0.9288],[-1.0288],[-1.1712],[-1.3274],[-1.4452],[-1.5192],[-1.5192],[-1.4836],[4.6123],[4.6205],[4.5986],[4.5466],[4.4767],[4.3904],[4.2397],[3.963],[3.5479],[2.9616],[2.2247],[1.3973],[0.5904],[-0.1068],[-0.6],[-0.863],[-0.9356],[-0.874],[-0.7658],[-0.6671],[-0.5986],[-0.563],[-0.5301],[-0.4699],[-0.4],[-0.3425],[-0.3562],[4.6466],[4.637],[4.6205],[4.5822],[4.5],[4.3384],[4.0753],[3.6836],[3.1616],[2.4849],[1.7041],[0.8795],[0.1438],[-0.4192],[-0.7178],[-0.7767],[-0.6521],[-0.4671],[-0.3082],[-0.2219],[-0.1808],[-0.1233],[-0.0014],[0.1849],[0.3644],[0.4808],[0.4123],[4.0973],[4.1014],[4.1589],[4.174],[4.0603],[3.8082],[3.4082],[2.8836],[2.2712],[1.5863],[0.8671],[0.1808],[-0.3384],[-0.6219],[-0.6041],[-0.3753],[-0.0616],[0.1575],[0.1836],[0.0397],[-0.1493],[-0.2233],[-0.1068],[0.1986],[0.5521],[0.7945],[0.8014],[3.0918],[3.0315],[3.0863],[3.1315],[3.0356],[2.7534],[2.3342],[1.8658],[1.3644],[0.8507],[0.3055],[-0.2027],[-0.5863],[-0.7096],[-0.5274],[-0.1384],[0.2548],[0.4123],[0.2493],[-0.1397],[-0.5247],[-0.6753],[-0.4863],[-0.0192],[0.5233],[0.9137],[1.0151],[1.9233],[1.6507],[1.5986],[1.5836],[1.4932],[1.2822],[1.0342],[0.8219],[0.6726],[0.5096],[0.2507],[-0.1342],[-0.5425],[-0.7644],[-0.7247],[-0.4315],[-0.1082],[-0.0068],[-0.2233],[-0.6356],[-0.9548],[-0.9397],[-0.5397],[0.1027],[0.6986],[1.0397],[1.0589],[0.9808],[0.4438],[0.1507],[-0.0055],[-0.1534],[-0.3041],[-0.3986],[-0.3315],[-0.0973],[0.1685],[0.2712],[0.0932],[-0.3233],[-0.7603],[-0.9918],[-0.9575],[-0.8123],[-0.7521],[-0.8877],[-1.0822],[-1.0849],[-0.7137],[-0.0452],[0.6342],[1.0301],[1.026],[0.7288],[0.3521],[-0.4014],[-0.9233],[-1.2808],[-1.5411],[-1.7452],[-1.8384],[-1.7041],[-1.3041],[-0.726],[-0.2123],[-0.0123],[-0.1808],[-0.5726],[-0.9603],[-1.1548],[-1.1808],[-1.1781],[-1.2123],[-1.1562],[-0.8192],[-0.1438],[0.663],[1.2219],[1.2534],[0.7959],[0.1384],[-0.2849],[-1.1466],[-1.8452],[-2.3589],[-2.7178],[-2.9452],[-3.089],[-3.0616],[-2.7521],[-2.1123],[-1.3164],[-0.6575],[-0.3562],[-0.426],[-0.6918],[-0.9219],[-1.0342],[-1.0534],[-1.011],[-0.7932],[-0.2822],[0.489],[1.2521],[1.6082],[1.3233],[0.5671],[-0.2603],[-1.0863],[-2.0247],[-2.8795],[-3.4808],[-3.7397],[-3.7767],[-3.7973],[-3.8425],[-3.7507],[-3.3247],[-2.5466],[-1.6699],[-0.9863],[-0.6863],[-0.6699],[-0.7425],[-0.7575],[-0.6863],[-0.5342],[-0.2411],[0.289],[0.9849],[1.589],[1.7671],[1.3822],[0.6247],[-0.1096],[-1.8219],[-2.8534],[-3.8274],[-4.3945],[-4.389],[-4.0479],[-3.7507],[-3.7233],[-3.8425],[-3.7945],[-3.3603],[-2.637],[-1.9041],[-1.3712],[-1.0699],[-0.8781],[-0.6767],[-0.4205],[-0.1575],[0.1712],[0.626],[1.1808],[1.6507],[1.7685],[1.4726],[0.9233],[0.4178],[-2.2329],[-3.2685],[-4.1753],[-4.5616],[-4.2863],[-3.6466],[-3.1548],[-3.1014],[-3.4014],[-3.6863],[-3.6438],[-3.2534],[-2.6288],[-1.9973],[-1.4603],[-1.0041],[-0.6219],[-0.3],[-0.0767],[0.1342],[0.4479],[0.9],[1.3685],[1.6137],[1.5],[1.1822],[0.8712],[-2.4014],[-3.2205],[-3.8274],[-3.926],[-3.4932],[-2.8932],[-2.5712],[-2.6904],[-3.089],[-3.4534],[-3.5425],[-3.3],[-2.7699],[-2.089],[-1.3877],[-0.7932],[-0.3986],[-0.2425],[-0.3],[-0.4014],[-0.3014],[0.1644],[0.8452],[1.3767],[1.4918],[1.2534],[0.937],[-2.4781],[-3.0014],[-3.2616],[-3.1068],[-2.6959],[-2.3877],[-2.4548],[-2.7932],[-3.1],[-3.1767],[-3.026],[-2.7247],[-2.2726],[-1.6863],[-1.0411],[-0.4959],[-0.1986],[-0.2726],[-0.6658],[-1.1247],[-1.2288],[-0.6822],[0.363],[1.3315],[1.7014],[1.4014],[0.8082],[-2.3849],[-2.7986],[-2.9671],[-2.7836],[-2.4904],[-2.4507],[-2.7397],[-3.0438],[-3.0014],[-2.5781],[-2.0644],[-1.7055],[-1.4726],[-1.226],[-0.874],[-0.5041],[-0.2753],[-0.3849],[-0.8822],[-1.511],[-1.7548],[-1.1151],[0.263],[1.6712],[2.3123],[1.9507],[1.0164],[-2.0411],[-2.5616],[-2.9014],[-2.8767],[-2.6795],[-2.6493],[-2.8384],[-2.8808],[-2.4548],[-1.6795],[-0.9822],[-0.7205],[-0.8411],[-1.0082],[-0.9795],[-0.7356],[-0.4329],[-0.3589],[-0.7041],[-1.311],[-1.5973],[-0.9699],[0.5562],[2.2616],[3.1904],[2.9356],[1.8425],[-1.6452],[-2.2137],[-2.6507],[-2.6795],[-2.437],[-2.2438],[-2.2123],[-2.0904],[-1.5918],[-0.8479],[-0.3041],[-0.2603],[-0.574],[-0.8753],[-0.9014],[-0.6329],[-0.2507],[-0.0521],[-0.2644],[-0.7726],[-1.0397],[-0.4685],[1.0137],[2.7384],[3.8247],[3.8205],[2.863],[-1.3575],[-1.7178],[-1.9151],[-1.7452],[-1.3027],[-0.9438],[-0.8658],[-0.9027],[-0.7411],[-0.4027],[-0.1877],[-0.2959],[-0.5342],[-0.5795],[-0.3288],[0.0507],[0.3425],[0.3699],[0.0753],[-0.3603],[-0.4959],[0.1027],[1.4247],[2.8863],[3.8548],[3.9644],[3.2041],[-0.9575],[-1.0274],[-0.8808],[-0.4301],[0.1849],[0.5671],[0.4699],[0.1014],[-0.1712],[-0.2329],[-0.2685],[-0.3822],[-0.389],[-0.0507],[0.5301],[0.9671],[1.0274],[0.7014],[0.2014],[-0.1767],[-0.1027],[0.6233],[1.774],[2.8466],[3.3863],[3.237],[2.4466],[-0.1918],[-0.2315],[3.0517e-08],[0.4904],[1.0479],[1.2753],[0.9589],[0.3699],[-0.0548],[-0.1849],[-0.1836],[-0.1685],[0.0575],[0.6466],[1.3452],[1.726],[1.5438],[0.9945],[0.389],[0.0849],[0.2822],[1.0438],[2.0397],[2.763],[2.8082],[2.1685],[1.0521],[0.6712],[0.4288],[0.4247],[0.6781],[0.9644],[0.9384],[0.4795],[-0.1123],[-0.3863],[-0.2904],[-0.037],[0.2534],[0.6973],[1.3644],[1.9904],[2.2],[1.9068],[1.3603],[0.8575],[0.5685],[0.6397],[1.1699],[1.9767],[2.4877],[2.2247],[1.1589],[-0.2863]]}]