html/data/WT_pct09_ind_wt_7_6.json
[{"header":{"disciplineName":["Meteorological products"],"parameterCategory":[0],"parameterCategoryName":["Temperature"],"parameterNumberName":["Temperature"],"parameterNumber":[0],"parameterUnits":["K"],"refTime":["2017-03-17T0000:00.000Z"],"numberPoints":[621],"nx":[27],"ny":[23],"lo1":[-20],"la1":[70],"lo2":[45],"la2":[45],"dx":[2.5],"dy":[2.5]},"data":[[1.882],[1.954],[2.056],[2.19],[2.352],[2.524],[2.72],[2.926],[3.134],[3.372],[3.612],[3.854],[4.098],[4.328],[4.526],[4.676],[4.788],[4.832],[4.826],[4.75],[4.65],[4.514],[4.374],[4.236],[4.126],[4.042],[3.992],[2.368],[2.478],[2.606],[2.77],[2.956],[3.158],[3.398],[3.63],[3.876],[4.124],[4.384],[4.644],[4.88],[5.11],[5.318],[5.492],[5.628],[5.704],[5.744],[5.732],[5.69],[5.626],[5.528],[5.43],[5.346],[5.274],[5.228],[3.22],[3.282],[3.372],[3.49],[3.658],[3.862],[4.1],[4.356],[4.638],[4.908],[5.18],[5.416],[5.654],[5.856],[6.038],[6.2],[6.342],[6.474],[6.61],[6.718],[6.814],[6.892],[6.912],[6.904],[6.844],[6.752],[6.654],[4.06],[3.982],[3.954],[3.972],[4.084],[4.278],[4.548],[4.866],[5.202],[5.556],[5.89],[6.188],[6.456],[6.674],[6.844],[7.004],[7.134],[7.278],[7.462],[7.672],[7.906],[8.122],[8.274],[8.348],[8.302],[8.186],[8.006],[4.546],[4.368],[4.254],[4.222],[4.316],[4.51],[4.798],[5.138],[5.514],[5.906],[6.292],[6.658],[6.986],[7.262],[7.454],[7.594],[7.688],[7.808],[7.98],[8.232],[8.536],[8.846],[9.092],[9.208],[9.19],[9.072],[8.912],[4.99],[4.842],[4.764],[4.798],[4.924],[5.116],[5.37],[5.612],[5.858],[6.116],[6.406],[6.714],[7.05],[7.354],[7.596],[7.766],[7.886],[7.998],[8.188],[8.466],[8.822],[9.204],[9.506],[9.664],[9.656],[9.542],[9.444],[5.95],[5.918],[5.94],[6.03],[6.17],[6.324],[6.424],[6.482],[6.496],[6.518],[6.594],[6.776],[7.044],[7.36],[7.67],[7.926],[8.174],[8.414],[8.712],[9.102],[9.554],[9.998],[10.346],[10.488],[10.458],[10.334],[10.256],[7.482],[7.448],[7.448],[7.494],[7.552],[7.592],[7.556],[7.45],[7.318],[7.252],[7.296],[7.462],[7.718],[8.056],[8.392],[8.746],[9.112],[9.504],[9.938],[10.408],[10.91],[11.376],[11.722],[11.882],[11.86],[11.764],[11.734],[9.078],[8.904],[8.764],[8.692],[8.618],[8.52],[8.358],[8.226],[8.204],[8.362],[8.67],[9.076],[9.458],[9.77],[10.026],[10.284],[10.578],[10.936],[11.3],[11.672],[12.022],[12.38],[12.716],[12.97],[13.122],[13.246],[13.454],[10.334],[10.072],[9.92],[9.834],[9.728],[9.55],[9.326],[9.212],[9.386],[9.888],[10.64],[11.404],[11.946],[12.174],[12.164],[12.09],[12.072],[12.164],[12.274],[12.33],[12.404],[12.576],[12.916],[13.362],[13.834],[14.272],[14.79],[11.28],[11.16],[11.23],[11.388],[11.45],[11.34],[11.12],[11.024],[11.28],[11.974],[12.958],[13.9],[14.482],[14.556],[14.224],[13.774],[13.46],[13.34],[13.278],[13.178],[13.078],[13.194],[13.658],[14.384],[15.096],[15.628],[16.046],[12.084],[12.232],[12.604],[13.062],[13.43],[13.6],[13.628],[13.676],[13.95],[14.522],[15.34],[16.128],[16.576],[16.482],[15.958],[15.344],[14.982],[14.988],[15.16],[15.292],[15.388],[15.736],[16.496],[17.518],[18.354],[18.636],[18.458],[12.792],[13.058],[13.516],[14.118],[14.822],[15.516],[16.158],[16.664],[17.036],[17.354],[17.686],[18.032],[18.196],[17.986],[17.41],[16.802],[16.57],[16.906],[17.55],[18.168],[18.678],[19.362],[20.498],[21.91],[22.998],[23.258],[22.664],[13.48],[13.698],[14.026],[14.656],[15.718],[17.128],[18.62],[19.788],[20.362],[20.388],[20.14],[19.916],[19.724],[19.358],[18.69],[17.994],[17.764],[18.228],[19.146],[20.044],[20.772],[21.628],[23.02],[24.864],[26.538],[27.44],[27.442],[14.396],[14.58],[14.906],[15.736],[17.266],[19.352],[21.514],[23.114],[23.742],[23.456],[22.712],[21.984],[21.408],[20.756],[19.868],[18.92],[18.432],[18.676],[19.442],[20.222],[20.816],[21.588],[23.046],[25.182],[27.47],[29.284],[30.556],[15.732],[16.164],[16.846],[18.136],[20.152],[22.58],[24.822],[26.27],[26.632],[26.07],[25.05],[24.018],[23.084],[22.096],[20.936],[19.804],[19.078],[19.008],[19.406],[19.842],[20.252],[21.006],[22.554],[24.794],[27.154],[29.192],[31.012],[17.554],[18.412],[19.614],[21.352],[23.558],[25.8],[27.52],[28.388],[28.388],[27.754],[26.796],[25.676],[24.448],[23.136],[21.856],[20.782],[20.134],[19.926],[20.014],[20.228],[20.694],[21.746],[23.614],[25.934],[27.94],[29.2],[30.162],[19.702],[20.97],[22.446],[24.212],[26.088],[27.724],[28.766],[29.124],[29],[28.622],[27.986],[26.942],[25.49],[23.92],[22.634],[21.854],[21.462],[21.27],[21.172],[21.316],[21.974],[23.438],[25.682],[28.148],[29.906],[30.402],[30.068],[21.814],[23.26],[24.624],[25.92],[27.14],[28.118],[28.744],[29.008],[29.1],[29.11],[28.822],[27.914],[26.392],[24.75],[23.592],[23.058],[22.846],[22.628],[22.426],[22.528],[23.232],[24.658],[26.748],[29.132],[31.052],[31.784],[31.294],[23.204],[24.582],[25.63],[26.368],[26.95],[27.526],[28.076],[28.5],[28.822],[29.058],[28.974],[28.296],[27.058],[25.762],[24.906],[24.546],[24.348],[24.078],[23.878],[24.018],[24.502],[25.268],[26.428],[28.138],[30.222],[31.93],[32.528],[23.306],[24.43],[25.17],[25.554],[25.852],[26.304],[26.878],[27.372],[27.67],[27.816],[27.814],[27.548],[27.026],[26.516],[26.202],[26.02],[25.81],[25.586],[25.572],[25.812],[25.994],[25.918],[25.916],[26.678],[28.506],[30.752],[32.33],[22.132],[22.886],[23.392],[23.692],[24.008],[24.468],[24.97],[25.296],[25.366],[25.348],[25.4],[25.612],[25.952],[26.328],[26.55],[26.53],[26.34],[26.296],[26.524],[26.786],[26.654],[26.062],[25.6],[25.942],[27.32],[29.162],[30.522],[20.376],[20.72],[21.018],[21.334],[21.758],[22.214],[22.568],[22.708],[22.652],[22.572],[22.694],[23.186],[24.022],[24.886],[25.348],[25.306],[25.132],[25.25],[25.58],[25.6],[25.066],[24.4],[24.358],[25.208],[26.484],[27.492],[27.792]]},{"header":{"disciplineName":["Meteorological products"],"parameterCategory":[2],"parameterCategoryName":["u-component of wind"],"parameterNumberName":["u-component of wind"],"parameterNumber":[2],"parameterUnits":["m s-1"],"refTime":["2017-03-17T0000:00.000Z"],"numberPoints":[621],"nx":[27],"ny":[23],"lo1":[-20],"la1":[70],"lo2":[45],"la2":[45],"dx":[2.5],"dy":[2.5]},"data":[[-0.136],[-0.274],[-0.422],[-0.584],[-0.692],[-0.736],[-0.67],[-0.496],[-0.23],[0.102],[0.454],[0.78],[1.054],[1.266],[1.424],[1.556],[1.696],[1.874],[2.088],[2.354],[2.644],[2.92],[3.136],[3.298],[3.378],[3.372],[3.302],[0.574],[0.742],[0.812],[0.798],[0.756],[0.718],[0.754],[0.882],[1.098],[1.364],[1.624],[1.836],[1.944],[1.946],[1.884],[1.778],[1.712],[1.71],[1.816],[1.988],[2.24],[2.48],[2.698],[2.844],[2.916],[2.924],[2.894],[1.788],[2.234],[2.51],[2.64],[2.66],[2.63],[2.608],[2.63],[2.714],[2.814],[2.892],[2.904],[2.798],[2.588],[2.292],[1.998],[1.764],[1.636],[1.634],[1.748],[1.916],[2.102],[2.238],[2.33],[2.37],[2.394],[2.456],[3.14],[3.56],[3.836],[3.952],[3.948],[3.852],[3.71],[3.558],[3.416],[3.28],[3.134],[2.954],[2.714],[2.422],[2.136],[1.91],[1.778],[1.784],[1.896],[2.082],[2.262],[2.388],[2.438],[2.41],[2.334],[2.286],[2.328],[4.644],[4.78],[4.866],[4.864],[4.784],[4.602],[4.324],[3.982],[3.612],[3.262],[2.936],[2.638],[2.382],[2.174],[2.07],[2.06],[2.198],[2.444],[2.742],[3.028],[3.23],[3.308],[3.262],[3.108],[2.936],[2.784],[2.74],[6.612],[6.444],[6.322],[6.208],[6.05],[5.792],[5.426],[4.972],[4.504],[4.076],[3.74],[3.48],[3.298],[3.162],[3.12],[3.17],[3.314],[3.538],[3.77],[3.954],[4.038],[4.012],[3.892],[3.74],[3.588],[3.486],[3.472],[8.978],[8.584],[8.272],[8.028],[7.782],[7.464],[7.032],[6.56],[6.15],[5.856],[5.724],[5.664],[5.598],[5.474],[5.272],[5.046],[4.834],[4.678],[4.532],[4.354],[4.142],[3.93],[3.766],[3.7],[3.762],[3.904],[4.094],[10.916],[10.264],[9.714],[9.264],[8.87],[8.44],[7.988],[7.556],[7.282],[7.234],[7.388],[7.594],[7.67],[7.514],[7.122],[6.582],[6.006],[5.458],[4.93],[4.408],[3.9],[3.478],[3.238],[3.26],[3.538],[3.954],[4.372],[11.386],[10.46],[9.616],[8.952],[8.436],[7.988],[7.578],[7.266],[7.106],[7.184],[7.444],[7.75],[7.898],[7.76],[7.362],[6.792],[6.174],[5.584],[5.004],[4.402],[3.774],[3.228],[2.934],[2.958],[3.308],[3.848],[4.356],[10.05],[9.052],[8.118],[7.364],[6.842],[6.524],[6.374],[6.32],[6.33],[6.422],[6.542],[6.636],[6.62],[6.466],[6.166],[5.796],[5.412],[5.022],[4.592],[4.102],[3.582],[3.108],[2.806],[2.806],[3.106],[3.584],[4.062],[7.546],[6.858],[6.086],[5.38],[4.958],[4.95],[5.316],[5.848],[6.316],[6.51],[6.44],[6.142],[5.76],[5.398],[5.1],[4.828],[4.512],[4.13],[3.704],[3.28],[2.904],[2.602],[2.418],[2.346],[2.454],[2.718],[3.108],[4.776],[4.51],[3.994],[3.428],[3.216],[3.668],[4.772],[6.16],[7.322],[7.902],[7.804],[7.212],[6.452],[5.808],[5.316],[4.87],[4.32],[3.632],[2.93],[2.374],[2.07],[1.948],[1.818],[1.59],[1.3],[1.128],[1.256],[2.192],[2.154],[1.912],[1.69],[1.954],[2.99],[4.714],[6.674],[8.312],[9.15],[9.146],[8.526],[7.668],[6.894],[6.272],[5.672],[4.896],[3.93],[2.968],[2.254],[1.936],[1.878],[1.74],[1.296],[0.566],[-0.154],[-0.534],[0.084],[0.196],[0.466],[1.024],[2.024],[3.478],[5.164],[6.736],[7.85],[8.352],[8.308],[7.898],[7.362],[6.854],[6.428],[5.99],[5.39],[4.59],[3.732],[3.028],[2.68],[2.604],[2.55],[2.222],[1.482],[0.512],[-0.382],[-0.912],[-0.33],[0.812],[2.302],[3.83],[5.042],[5.684],[5.73],[5.396],[4.996],[4.76],[4.72],[4.76],[4.814],[4.83],[4.846],[4.796],[4.61],[4.25],[3.78],[3.428],[3.386],[3.63],[3.948],[3.946],[3.394],[2.274],[-0.372],[0.996],[2.85],[4.646],[5.772],[5.858],[4.88],[3.262],[1.622],[0.534],[0.236],[0.538],[1.062],[1.514],[1.87],[2.278],[2.81],[3.328],[3.604],[3.548],[3.356],[3.424],[4.052],[5.12],[6.108],[6.352],[5.448],[0.93],[2.736],[4.416],[5.354],[5.1],[3.754],[1.732],[-0.358],[-1.988],[-2.858],[-3.01],[-2.686],[-2.224],[-1.81],[-1.384],[-0.772],[0.114],[1.116],[1.958],[2.482],[2.744],[3.074],[3.792],[4.97],[6.198],[6.832],[6.344],[1.318],[2.662],[3.228],[2.64],[1.022],[-1],[-2.708],[-3.714],[-4.094],[-4.186],[-4.25],[-4.358],[-4.414],[-4.23],[-3.712],[-2.888],[-1.814],[-0.616],[0.586],[1.722],[2.67],[3.402],[3.91],[4.272],[4.574],[4.734],[4.548],[-0.244],[0.052],[-0.548],[-2.03],[-3.884],[-5.292],[-5.728],[-5.262],[-4.506],[-4.138],[-4.394],[-4.992],[-5.352],[-5.048],[-4.094],[-2.816],[-1.612],[-0.502],[0.672],[2.09],[3.606],[4.692],[4.9],[4.166],[3.04],[2.236],[2.12],[-3.344],[-3.756],[-4.64],[-5.684],[-6.466],[-6.576],[-5.976],[-4.996],[-4.216],[-4.044],[-4.436],[-4.904],[-4.834],[-3.918],[-2.356],[-0.728],[0.474],[1.232],[1.944],[3.04],[4.442],[5.544],[5.594],[4.314],[2.346],[0.838],[0.57],[-6.808],[-7.188],[-7.438],[-7.298],[-6.694],[-5.834],[-5.092],[-4.684],[-4.618],[-4.752],[-4.78],[-4.394],[-3.452],[-1.986],[-0.318],[1.15],[2.084],[2.466],[2.62],[2.918],[3.544],[4.178],[4.208],[3.22],[1.472],[-0.094],[-0.65],[-9.73],[-9.736],[-9.31],[-8.306],[-7.056],[-6.098],[-5.762],[-6],[-6.368],[-6.35],[-5.704],[-4.498],[-3.054],[-1.738],[-0.672],[0.152],[0.78],[1.108],[1.06],[0.754],[0.536],[0.586],[0.748],[0.562],[-0.24],[-1.356],[-2.14],[-11.376],[-11.272],[-10.68],[-9.7],[-8.744],[-8.234],[-8.258],[-8.536],[-8.66],[-8.338],[-7.424],[-6.182],[-5.02],[-4.312],[-3.972],[-3.606],[-3.014],[-2.382],[-2.166],[-2.486],[-2.97],[-3.054],[-2.56],[-1.862],[-1.584],[-1.954],[-2.578]]},{"header":{"disciplineName":["Meteorological products"],"parameterCategory":[2],"parameterCategoryName":["v-component of wind"],"parameterNumberName":["v-component of wind"],"parameterNumber":[3],"parameterUnits":["m s-1"],"refTime":["2017-03-17T0000:00.000Z"],"numberPoints":[621],"nx":[27],"ny":[23],"lo1":[-20],"la1":[70],"lo2":[45],"la2":[45],"dx":[2.5],"dy":[2.5]},"data":[[-1.848],[-1.538],[-1.01],[-0.336],[0.44],[1.224],[1.928],[2.478],[2.852],[2.992],[2.932],[2.706],[2.402],[2.074],[1.768],[1.536],[1.38],[1.26],[1.148],[1.008],[0.806],[0.528],[0.208],[-0.16],[-0.488],[-0.774],[-0.972],[-1.532],[-1.316],[-0.92],[-0.324],[0.402],[1.22],[1.992],[2.636],[3.054],[3.226],[3.136],[2.842],[2.46],[2.062],[1.744],[1.566],[1.49],[1.502],[1.528],[1.482],[1.334],[1.06],[0.674],[0.254],[-0.184],[-0.566],[-0.866],[-0.496],[-0.552],[-0.434],[-0.1],[0.442],[1.138],[1.868],[2.502],[2.924],[3.048],[2.886],[2.496],[2.008],[1.54],[1.21],[1.068],[1.112],[1.264],[1.448],[1.556],[1.534],[1.348],[1.054],[0.668],[0.276],[-0.086],[-0.402],[0.538],[0.212],[0.046],[0.112],[0.452],[0.988],[1.616],[2.174],[2.52],[2.58],[2.35],[1.92],[1.416],[0.982],[0.73],[0.714],[0.882],[1.176],[1.462],[1.654],[1.672],[1.54],[1.272],[0.94],[0.628],[0.338],[0.08],[1.068],[0.594],[0.294],[0.224],[0.41],[0.778],[1.23],[1.618],[1.846],[1.84],[1.618],[1.262],[0.908],[0.676],[0.64],[0.824],[1.156],[1.534],[1.842],[1.976],[1.89],[1.614],[1.206],[0.778],[0.426],[0.2],[0.074],[1.076],[0.616],[0.304],[0.154],[0.182],[0.328],[0.548],[0.756],[0.876],[0.87],[0.76],[0.592],[0.464],[0.44],[0.626],[0.964],[1.424],[1.86],[2.172],[2.244],[2.028],[1.544],[0.912],[0.296],[-0.152],[-0.346],[-0.306],[0.712],[0.27],[-0.03],[-0.258],[-0.392],[-0.444],[-0.414],[-0.282],[-0.084],[0.088],[0.196],[0.22],[0.18],[0.18],[0.3],[0.586],[1.02],[1.482],[1.87],[2.018],[1.846],[1.356],[0.68],[0.004],[-0.454],[-0.546],[-0.314],[-0.124],[-0.528],[-0.812],[-1.046],[-1.226],[-1.326],[-1.25],[-0.97],[-0.522],[-0.04],[0.326],[0.42],[0.26],[-0.052],[-0.29],[-0.32],[-0.07],[0.398],[0.906],[1.246],[1.306],[1.038],[0.58],[0.12],[-0.114],[-0.014],[0.39],[-1.434],[-1.794],[-1.938],[-1.978],[-1.954],[-1.846],[-1.588],[-1.11],[-0.43],[0.282],[0.784],[0.858],[0.472],[-0.214],[-0.876],[-1.23],[-1.152],[-0.716],[-0.154],[0.334],[0.558],[0.546],[0.428],[0.392],[0.534],[0.886],[1.28],[-2.824],[-3.142],[-3.106],[-2.812],[-2.382],[-1.92],[-1.458],[-0.934],[-0.308],[0.32],[0.754],[0.776],[0.298],[-0.502],[-1.298],[-1.758],[-1.712],[-1.284],[-0.71],[-0.284],[-0.072],[0.026],[0.174],[0.56],[1.134],[1.686],[1.972],[-3.762],[-4.178],[-4.124],[-3.564],[-2.66],[-1.732],[-1.008],[-0.546],[-0.254],[-0.022],[0.126],[0.03],[-0.402],[-1.1],[-1.798],[-2.164],[-2.04],[-1.532],[-0.94],[-0.534],[-0.384],[-0.332],[-0.042],[0.638],[1.58],[2.39],[2.664],[-4.064],[-4.778],[-4.942],[-4.238],[-2.796],[-1.158],[0.06],[0.538],[0.428],[0.048],[-0.36],[-0.772],[-1.312],[-2.022],[-2.722],[-3.104],[-2.966],[-2.336],[-1.53],[-0.906],[-0.652],[-0.58],[-0.306],[0.46],[1.64],[2.814],[3.47],[-4.06],[-5.088],[-5.466],[-4.514],[-2.32],[0.22],[2.09],[2.678],[2.122],[1.014],[-0.152],[-1.158],[-2.108],[-3.108],[-4.096],[-4.746],[-4.746],[-4.016],[-2.864],[-1.812],[-1.222],[-1.058],[-0.932],[-0.364],[0.794],[2.304],[3.652],[-4.118],[-5.156],[-5.302],[-3.77],[-0.806],[2.426],[4.6],[5.028],[3.95],[2.138],[0.282],[-1.314],[-2.712],[-4.054],[-5.328],[-6.242],[-6.424],[-5.738],[-4.406],[-3.008],[-2.062],[-1.736],[-1.732],[-1.546],[-0.76],[0.69],[2.49],[-4.11],[-4.662],[-4.086],[-1.89],[1.408],[4.474],[6.11],[5.912],[4.368],[2.284],[0.264],[-1.478],[-2.996],[-4.412],[-5.684],[-6.604],[-6.918],[-6.438],[-5.304],[-3.928],[-2.764],[-2.09],[-1.872],[-1.876],[-1.734],[-1.024],[0.362],[-3.552],[-3.278],[-1.958],[0.426],[3.122],[5.022],[5.446],[4.546],[2.984],[1.358],[-0.136],[-1.53],[-2.894],[-4.176],[-5.23],[-5.982],[-6.318],[-6.162],[-5.498],[-4.448],[-3.152],[-1.87],[-0.898],[-0.606],[-1.054],[-1.686],[-1.638],[-2.162],[-1.248],[0.234],[1.946],[3.248],[3.594],[2.988],[1.934],[1.034],[0.38],[-0.334],[-1.396],[-2.724],[-3.97],[-4.878],[-5.414],[-5.712],[-5.772],[-5.506],[-4.738],[-3.3],[-1.35],[0.508],[1.352],[0.554],[-1.408],[-3.046],[-0.39],[0.548],[1.376],[1.836],[1.752],[1.184],[0.446],[0.018],[0.052],[0.152],[-0.244],[-1.358],[-2.838],[-4.13],[-4.904],[-5.274],[-5.456],[-5.534],[-5.318],[-4.548],[-3.02],[-0.86],[1.314],[2.368],[1.43],[-1.242],[-3.998],[0.888],[1.224],[0.99],[0.376],[-0.304],[-0.712],[-0.686],[-0.216],[0.348],[0.494],[-0.166],[-1.52],[-2.95],[-3.934],[-4.378],[-4.542],[-4.67],[-4.68],[-4.288],[-3.312],[-1.854],[-0.174],[1.276],[1.874],[0.96],[-1.476],[-4.334],[1.136],[0.694],[-0.302],[-1.246],[-1.588],[-1.196],[-0.33],[0.558],[0.992],[0.658],[-0.342],[-1.544],[-2.374],[-2.614],[-2.564],[-2.622],[-2.886],[-2.992],[-2.486],[-1.332],[-0.082],[0.688],[0.816],[0.476],[-0.246],[-1.646],[-3.666],[0.648],[-0.232],[-1.304],[-1.874],[-1.578],[-0.664],[0.314],[0.888],[0.816],[0.158],[-0.734],[-1.322],[-1.324],[-0.922],[-0.626],[-0.814],[-1.342],[-1.668],[-1.244],[-0.11],[0.916],[0.894],[-0.186],[-1.4],[-1.888],[-1.968],[-2.646],[0.094],[-0.746],[-1.41],[-1.43],[-0.858],[-0.19],[0.17],[0.076],[-0.322],[-0.87],[-1.276],[-1.29],[-0.91],[-0.512],[-0.488],[-0.946],[-1.598],[-1.976],[-1.68],[-0.758],[0.042],[-0.302],[-1.96],[-3.75],[-4.234],[-3.402],[-2.79],[-0.216],[-0.798],[-1.076],[-0.848],[-0.482],[-0.45],[-0.818],[-1.316],[-1.652],[-1.84],[-1.904],[-1.816],[-1.678],[-1.742],[-2.178],[-2.814],[-3.336],[-3.534],[-3.316],[-2.662],[-1.99],[-2.188],[-3.724],[-5.738],[-6.598],[-5.764],[-4.4]]}]