html/data/WT_pct09_ind_wt_12_1.json
[{"header":{"disciplineName":["Meteorological products"],"parameterCategory":[0],"parameterCategoryName":["Temperature"],"parameterNumberName":["Temperature"],"parameterNumber":[0],"parameterUnits":["K"],"refTime":["2017-03-17T0000:00.000Z"],"numberPoints":[621],"nx":[27],"ny":[23],"lo1":[-20],"la1":[70],"lo2":[45],"la2":[45],"dx":[2.5],"dy":[2.5]},"data":[[-12.7374],[-11.7774],[-10.9056],[-10.1596],[-9.5426],[-9.0596],[-8.7033],[-8.4544],[-8.2989],[-8.2248],[-8.2078],[-8.2381],[-8.3085],[-8.4056],[-8.5159],[-8.6493],[-8.7767],[-8.9241],[-9.0707],[-9.2322],[-9.4115],[-9.6226],[-9.887],[-10.213],[-10.6048],[-11.0789],[-11.6278],[-9.1233],[-8.4863],[-7.9841],[-7.5967],[-7.313],[-7.0944],[-6.933],[-6.8004],[-6.7056],[-6.6507],[-6.633],[-6.67],[-6.7663],[-6.9226],[-7.1241],[-7.3737],[-7.6507],[-7.9463],[-8.2589],[-8.5693],[-8.8737],[-9.17],[-9.4715],[-9.7737],[-10.1078],[-10.4944],[-10.9411],[-5.9189],[-5.7367],[-5.6611],[-5.6344],[-5.6174],[-5.5789],[-5.5174],[-5.4337],[-5.3611],[-5.3256],[-5.3381],[-5.4285],[-5.59],[-5.8181],[-6.1004],[-6.4241],[-6.7841],[-7.1633],[-7.57],[-7.9833],[-8.3967],[-8.7981],[-9.17],[-9.5093],[-9.8322],[-10.1619],[-10.5248],[-3.9137],[-3.9915],[-4.087],[-4.1656],[-4.1996],[-4.1774],[-4.1374],[-4.0989],[-4.1004],[-4.1774],[-4.3315],[-4.5626],[-4.8478],[-5.1567],[-5.4633],[-5.7278],[-5.9996],[-6.2819],[-6.6033],[-6.9907],[-7.4367],[-7.9093],[-8.3841],[-8.8337],[-9.2419],[-9.6315],[-10.0181],[-2.8159],[-2.833],[-2.8263],[-2.8122],[-2.7781],[-2.7456],[-2.7433],[-2.7989],[-2.9278],[-3.1567],[-3.467],[-3.8419],[-4.2374],[-4.5944],[-4.8604],[-5.0559],[-5.193],[-5.3322],[-5.5456],[-5.8685],[-6.3033],[-6.8233],[-7.367],[-7.8981],[-8.3804],[-8.8337],[-9.2826],[-1.7796],[-1.6552],[-1.5619],[-1.5174],[-1.5256],[-1.5856],[-1.6811],[-1.8167],[-2.0004],[-2.2352],[-2.5448],[-2.9019],[-3.2819],[-3.6256],[-3.9144],[-4.1322],[-4.3115],[-4.5167],[-4.7937],[-5.1841],[-5.6641],[-6.1937],[-6.7048],[-7.1626],[-7.5589],[-7.9315],[-8.3152],[-0.43],[-0.3352],[-0.3396],[-0.4559],[-0.6456],[-0.8641],[-1.0485],[-1.1804],[-1.2685],[-1.3596],[-1.507],[-1.727],[-2.0152],[-2.3581],[-2.7189],[-3.093],[-3.4885],[-3.9263],[-4.4174],[-4.947],[-5.4915],[-5.9796],[-6.3626],[-6.6433],[-6.8404],[-7.0248],[-7.2826],[0.9419],[0.9137],[0.7426],[0.4715],[0.1456],[-0.1396],[-0.3248],[-0.413],[-0.4263],[-0.4389],[-0.5374],[-0.7278],[-1.0359],[-1.4174],[-1.8596],[-2.3493],[-2.8767],[-3.4337],[-3.9937],[-4.5344],[-5.007],[-5.3819],[-5.6515],[-5.833],[-5.9663],[-6.1056],[-6.3174],[2.0633],[1.9804],[1.7796],[1.5181],[1.2389],[1.0078],[0.847],[0.7404],[0.6337],[0.4596],[0.1774],[-0.1885],[-0.6137],[-1.0544],[-1.4989],[-1.9441],[-2.3841],[-2.8122],[-3.1967],[-3.4944],[-3.7337],[-3.9433],[-4.1656],[-4.4211],[-4.7226],[-5.05],[-5.3841],[2.9996],[2.9278],[2.7974],[2.63],[2.4307],[2.2337],[2.033],[1.8159],[1.5374],[1.1619],[0.707],[0.2107],[-0.253],[-0.6596],[-1.0293],[-1.3789],[-1.7189],[-2.0026],[-2.1826],[-2.2278],[-2.1974],[-2.2085],[-2.3663],[-2.7248],[-3.2167],[-3.7352],[-4.1774],[3.9056],[3.807],[3.6804],[3.5004],[3.253],[2.953],[2.6219],[2.2989],[1.9826],[1.6581],[1.3307],[1.0167],[0.7211],[0.4352],[0.1078],[-0.2833],[-0.7189],[-1.0922],[-1.3122],[-1.2937],[-1.1315],[-0.9796],[-1.0078],[-1.2715],[-1.7174],[-2.1811],[-2.547],[4.8107],[4.6419],[4.4352],[4.1478],[3.7544],[3.2893],[2.8263],[2.4907],[2.3004],[2.2559],[2.27],[2.2878],[2.2278],[2.0448],[1.6811],[1.1404],[0.5011],[-0.067],[-0.4344],[-0.5278],[-0.393],[-0.1922],[-0.0944],[-0.1796],[-0.3907],[-0.5959],[-0.707],[5.6604],[5.4544],[5.2196],[4.8989],[4.4493],[3.9159],[3.4285],[3.1241],[3.0774],[3.2189],[3.4344],[3.6093],[3.6411],[3.4715],[3.0678],[2.4804],[1.8285],[1.2581],[0.8937],[0.7574],[0.8033],[0.9093],[0.9648],[0.933],[0.8493],[0.8567],[1.0137],[6.4441],[6.2544],[6.0685],[5.8278],[5.4863],[5.0574],[4.6611],[4.4285],[4.3952],[4.4885],[4.6056],[4.6907],[4.6656],[4.5078],[4.1759],[3.7204],[3.2648],[2.9226],[2.7396],[2.6678],[2.6448],[2.613],[2.5322],[2.3863],[2.2544],[2.2952],[2.6256],[7.1804],[6.9737],[6.8293],[6.71],[6.5411],[6.3004],[6.0596],[5.91],[5.8426],[5.7922],[5.7189],[5.6559],[5.6181],[5.5604],[5.3848],[5.0878],[4.7737],[4.5633],[4.4826],[4.4715],[4.4559],[4.4307],[4.3833],[4.2448],[4.0248],[3.9648],[4.3537],[7.8411],[7.6174],[7.5181],[7.5011],[7.4767],[7.3996],[7.3144],[7.2759],[7.2441],[7.1448],[6.9663],[6.8396],[6.8337],[6.9041],[6.8478],[6.5715],[6.17],[5.8626],[5.7285],[5.7107],[5.7744],[5.9656],[6.2581],[6.4248],[6.2685],[6.0093],[6.1944],[8.4656],[8.3685],[8.4167],[8.5359],[8.613],[8.6248],[8.6433],[8.7019],[8.7589],[8.7204],[8.5456],[8.3581],[8.293],[8.3256],[8.2574],[7.9085],[7.3944],[6.9856],[6.8359],[6.8841],[7.0678],[7.5063],[8.2293],[8.867],[8.933],[8.4004],[8.0263],[9.2744],[9.4833],[9.7789],[10.0226],[10.1589],[10.2063],[10.2493],[10.3507],[10.4893],[10.5567],[10.4241],[10.1256],[9.827],[9.6522],[9.4693],[9.1019],[8.6152],[8.287],[8.3226],[8.5789],[8.8863],[9.3767],[10.2878],[11.333],[11.7507],[11.1241],[10.0893],[10.5648],[11.0952],[11.5537],[11.8241],[11.9256],[11.9574],[11.9967],[12.0833],[12.2448],[12.407],[12.3722],[12.0056],[11.4685],[11.0419],[10.7737],[10.47],[10.053],[9.8204],[10.0515],[10.567],[10.9878],[11.373],[12.1826],[13.4507],[14.3626],[14.0656],[12.7767],[12.4285],[13.1263],[13.5781],[13.7278],[13.7256],[13.7433],[13.7789],[13.8033],[13.8996],[14.1004],[14.167],[13.8167],[13.1804],[12.6648],[12.4641],[12.2781],[11.8419],[11.4493],[11.6174],[12.2811],[12.8937],[13.2619],[13.8967],[15.1833],[16.513],[16.7959],[15.7463],[14.587],[15.3189],[15.7041],[15.7144],[15.6256],[15.6419],[15.6833],[15.6389],[15.6019],[15.7063],[15.7574],[15.4137],[14.773],[14.3581],[14.4219],[14.4937],[14.0648],[13.3685],[13.2063],[13.8722],[14.7863],[15.4063],[15.9759],[17.0033],[18.2367],[18.7063],[17.89],[16.5389],[17.2619],[17.6293],[17.6337],[17.53],[17.547],[17.5967],[17.5174],[17.3737],[17.3196],[17.2285],[16.8248],[16.2026],[15.9641],[16.373],[16.8767],[16.7019],[15.913],[15.4367],[15.9352],[17.07],[18.0752],[18.7285],[19.3004],[19.77],[19.6204],[18.5278],[17.8441],[18.5122],[18.9426],[19.0448],[18.9796],[18.9604],[19.0137],[18.9922],[18.8878],[18.793],[18.6115],[18.1789],[17.6559],[17.5619],[18.193],[19.0493],[19.3122],[18.79],[18.2033],[18.3626],[19.3589],[20.5944],[21.4522],[21.707],[21.2744],[20.0907],[18.3293]]},{"header":{"disciplineName":["Meteorological products"],"parameterCategory":[2],"parameterCategoryName":["u-component of wind"],"parameterNumberName":["u-component of wind"],"parameterNumber":[2],"parameterUnits":["m s-1"],"refTime":["2017-03-17T0000:00.000Z"],"numberPoints":[621],"nx":[27],"ny":[23],"lo1":[-20],"la1":[70],"lo2":[45],"la2":[45],"dx":[2.5],"dy":[2.5]},"data":[[3.6822],[4.1415],[4.4904],[4.7585],[4.9474],[5.1089],[5.2696],[5.4541],[5.677],[5.9319],[6.1948],[6.443],[6.6511],[6.7889],[6.8474],[6.8267],[6.743],[6.6163],[6.4719],[6.3259],[6.2052],[6.1044],[6.0393],[5.9978],[5.98],[5.9756],[5.9748],[3.4393],[4.0526],[4.4948],[4.7956],[4.9993],[5.1622],[5.357],[5.6119],[5.9474],[6.3437],[6.7578],[7.1385],[7.4267],[7.6],[7.6237],[7.52],[7.3156],[7.0615],[6.7985],[6.5593],[6.3667],[6.2348],[6.1659],[6.16],[6.197],[6.2852],[6.4],[3.6415],[4.26],[4.7074],[5.0311],[5.2615],[5.4763],[5.7193],[6.0244],[6.4037],[6.8237],[7.2289],[7.5459],[7.7467],[7.7889],[7.6815],[7.4667],[7.1993],[6.9259],[6.7037],[6.5481],[6.46],[6.4481],[6.4844],[6.5815],[6.6993],[6.8607],[7.0304],[4.6385],[5.1178],[5.5007],[5.817],[6.0733],[6.2985],[6.5067],[6.7222],[6.9341],[7.1341],[7.2815],[7.3437],[7.2793],[7.1119],[6.8933],[6.677],[6.5022],[6.443],[6.4904],[6.6119],[6.7815],[6.983],[7.1644],[7.3415],[7.5067],[7.6704],[7.8459],[6.1815],[6.4156],[6.6533],[6.8933],[7.0741],[7.1852],[7.2081],[7.1659],[7.0859],[6.9741],[6.8385],[6.6593],[6.4363],[6.2081],[6.0378],[5.9756],[6.0667],[6.2956],[6.6193],[6.9733],[7.2985],[7.5689],[7.7785],[7.9356],[8.0837],[8.2348],[8.4059],[7.7156],[7.6733],[7.6815],[7.7],[7.6593],[7.5059],[7.26],[6.9548],[6.6756],[6.4541],[6.2926],[6.1741],[6.0659],[5.9948],[6.003],[6.1267],[6.3696],[6.697],[7.0237],[7.2919],[7.4704],[7.5926],[7.6778],[7.7822],[7.9259],[8.1141],[8.3481],[8.9481],[8.6415],[8.3719],[8.0956],[7.7452],[7.3119],[6.8348],[6.4089],[6.1422],[6.077],[6.1667],[6.3215],[6.4711],[6.5837],[6.6933],[6.8244],[6.9852],[7.12],[7.1704],[7.1185],[6.9993],[6.8993],[6.8963],[7.0222],[7.2326],[7.5037],[7.783],[9.8156],[9.2711],[8.7452],[8.2148],[7.6489],[7.0474],[6.4874],[6.0807],[5.9281],[6.0319],[6.323],[6.6474],[6.8896],[7.0222],[7.0667],[7.0785],[7.0659],[6.9904],[6.8119],[6.5519],[6.3022],[6.1881],[6.277],[6.5237],[6.8222],[7.0696],[7.2089],[10.1311],[9.397],[8.7015],[8.0652],[7.4459],[6.8556],[6.3341],[5.9511],[5.7704],[5.8037],[5.9674],[6.1481],[6.2615],[6.2933],[6.2815],[6.28],[6.2889],[6.26],[6.1615],[6.0252],[5.9711],[6.1022],[6.4141],[6.7911],[7.0719],[7.1193],[6.9667],[9.7356],[8.903],[8.1578],[7.5207],[6.9756],[6.48],[6.0141],[5.5778],[5.1948],[4.8993],[4.6956],[4.5726],[4.5252],[4.557],[4.6778],[4.8874],[5.1237],[5.3444],[5.5015],[5.6511],[5.8956],[6.2926],[6.7919],[7.2215],[7.4119],[7.2807],[6.9193],[8.8689],[8.0644],[7.3511],[6.7363],[6.2304],[5.8067],[5.4037],[4.9378],[4.3978],[3.837],[3.363],[3.0726],[3.0163],[3.18],[3.5096],[3.9326],[4.3563],[4.7081],[4.9622],[5.1926],[5.5037],[5.9474],[6.4585],[6.877],[7.057],[6.9689],[6.757],[7.8874],[7.2504],[6.6215],[6.0222],[5.5459],[5.2185],[4.997],[4.7244],[4.3319],[3.843],[3.4067],[3.1696],[3.1733],[3.3948],[3.7252],[4.0941],[4.4193],[4.6385],[4.7289],[4.7593],[4.8289],[5.0474],[5.397],[5.7659],[6.0474],[6.2319],[6.4104],[6.9148],[6.5119],[6.0348],[5.5622],[5.2563],[5.2156],[5.3622],[5.497],[5.4867],[5.3237],[5.1452],[5.0378],[5.0289],[5.0622],[5.1104],[5.1667],[5.2259],[5.2407],[5.1289],[4.8993],[4.6578],[4.5393],[4.6296],[4.903],[5.2681],[5.6733],[6.12],[5.9126],[5.7467],[5.5437],[5.3911],[5.4867],[5.8622],[6.3874],[6.8215],[7.0526],[7.123],[7.1526],[7.177],[7.1385],[6.9696],[6.7244],[6.5274],[6.4459],[6.4044],[6.2741],[5.963],[5.5467],[5.1985],[5.0704],[5.1985],[5.5044],[5.8615],[6.1867],[5.0222],[5.0593],[5.1681],[5.4385],[5.9511],[6.6326],[7.2267],[7.5415],[7.5881],[7.5896],[7.7304],[7.9578],[8.0926],[8.0156],[7.8059],[7.6593],[7.657],[7.7156],[7.6593],[7.417],[7.0459],[6.6933],[6.5089],[6.5311],[6.6881],[6.8252],[6.8156],[4.3615],[4.5763],[4.923],[5.4681],[6.1726],[6.8281],[7.1489],[7.0296],[6.697],[6.5326],[6.7696],[7.2852],[7.7726],[8.0289],[8.1007],[8.1815],[8.3133],[8.4148],[8.3741],[8.217],[8.0452],[7.9333],[7.8859],[7.9111],[8.0059],[8.063],[7.9326],[3.7844],[4.1563],[4.6304],[5.2044],[5.8111],[6.2281],[6.2667],[5.9356],[5.5185],[5.4156],[5.7889],[6.4496],[7.0541],[7.4148],[7.5948],[7.7437],[7.877],[7.9081],[7.8178],[7.76],[7.86],[8.103],[8.34],[8.5222],[8.7267],[8.9704],[9.0681],[3.1993],[3.7333],[4.2415],[4.7052],[5.1111],[5.3822],[5.4711],[5.4267],[5.4022],[5.5919],[6.0059],[6.4378],[6.64],[6.5896],[6.4452],[6.3904],[6.4148],[6.3911],[6.3289],[6.3926],[6.7459],[7.2978],[7.8156],[8.2274],[8.6319],[9.1422],[9.56],[2.8911],[3.5252],[4.0074],[4.3585],[4.6326],[4.9163],[5.2844],[5.7244],[6.2104],[6.6459],[6.9022],[6.8363],[6.403],[5.7489],[5.1822],[4.9111],[4.8793],[4.9156],[4.9437],[5.0889],[5.5067],[6.143],[6.7919],[7.3607],[7.9215],[8.4919],[8.8881],[3.0207],[3.5948],[3.9852],[4.2274],[4.42],[4.7185],[5.2207],[5.8615],[6.4919],[6.8896],[6.9244],[6.5304],[5.7985],[4.9756],[4.3659],[4.1215],[4.1859],[4.3185],[4.3793],[4.437],[4.64],[5.0385],[5.5548],[6.1104],[6.6281],[6.9956],[6.9852],[2.9726],[3.3437],[3.58],[3.7193],[3.8407],[4.0452],[4.3837],[4.8156],[5.2089],[5.42],[5.3593],[5.0378],[4.5437],[4.0904],[3.8459],[3.8719],[4.0548],[4.2163],[4.2037],[4.0778],[3.9556],[3.943],[4.0978],[4.397],[4.6815],[4.7052],[4.2422],[1.7474],[1.9578],[2.1156],[2.2333],[2.3519],[2.483],[2.6022],[2.72],[2.8274],[2.9215],[2.9444],[2.88],[2.7622],[2.7059],[2.8],[3.0237],[3.2526],[3.3681],[3.3489],[3.2059],[2.9696],[2.6919],[2.4889],[2.3941],[2.323],[2.0444],[1.3778],[-0.8385],[-0.617],[-0.3867],[-0.1533],[0.0963],[0.3022],[0.3926],[0.383],[0.3867],[0.4852],[0.6296],[0.7067],[0.7007],[0.6933],[0.7726],[0.9341],[1.1044],[1.2319],[1.3511],[1.4585],[1.4674],[1.2896],[0.957],[0.6007],[0.2444],[-0.2252],[-0.8919]]},{"header":{"disciplineName":["Meteorological products"],"parameterCategory":[2],"parameterCategoryName":["v-component of wind"],"parameterNumberName":["v-component of wind"],"parameterNumber":[3],"parameterUnits":["m s-1"],"refTime":["2017-03-17T0000:00.000Z"],"numberPoints":[621],"nx":[27],"ny":[23],"lo1":[-20],"la1":[70],"lo2":[45],"la2":[45],"dx":[2.5],"dy":[2.5]},"data":[[0.8519],[1.0933],[1.2607],[1.3304],[1.2889],[1.1289],[0.8822],[0.5607],[0.1933],[-0.1896],[-0.557],[-0.8941],[-1.1807],[-1.4052],[-1.5533],[-1.6481],[-1.7156],[-1.7659],[-1.8326],[-1.9341],[-2.0956],[-2.2867],[-2.5096],[-2.7311],[-2.9252],[-3.0659],[-3.1407],[2.3822],[2.377],[2.2622],[2.0696],[1.8133],[1.5289],[1.2348],[0.9341],[0.6267],[0.2926],[-0.0578],[-0.4215],[-0.7867],[-1.1067],[-1.3674],[-1.5556],[-1.6741],[-1.763],[-1.8378],[-1.937],[-2.0674],[-2.2311],[-2.4067],[-2.5652],[-2.6852],[-2.7474],[-2.7378],[3.8289],[3.5207],[3.1252],[2.6926],[2.2904],[1.9607],[1.7044],[1.4933],[1.2681],[0.9644],[0.5637],[0.06],[-0.4963],[-1.0296],[-1.46],[-1.7667],[-1.9289],[-1.9741],[-1.963],[-1.9444],[-1.9556],[-1.9919],[-2.0415],[-2.0815],[-2.0896],[-2.0467],[-1.9822],[4.7837],[4.2793],[3.6993],[3.1326],[2.6511],[2.3015],[2.0674],[1.8919],[1.6844],[1.3511],[0.8378],[0.1719],[-0.557],[-1.2304],[-1.7252],[-1.9993],[-2.0459],[-1.9526],[-1.7896],[-1.6481],[-1.5519],[-1.5119],[-1.483],[-1.4533],[-1.3948],[-1.3163],[-1.2363],[5.22],[4.6607],[4.0326],[3.3993],[2.8341],[2.3815],[2.0452],[1.7844],[1.5007],[1.0978],[0.5296],[-0.177],[-0.8985],[-1.4837],[-1.8222],[-1.8689],[-1.6867],[-1.4126],[-1.1615],[-1.0193],[-0.9844],[-1.0111],[-1.0311],[-0.9867],[-0.8956],[-0.7748],[-0.677],[5.1807],[4.6459],[4.0422],[3.3956],[2.723],[2.1148],[1.6148],[1.2244],[0.8881],[0.4896],[-0.0133],[-0.6119],[-1.1756],[-1.5511],[-1.6222],[-1.403],[-1.0304],[-0.6667],[-0.477],[-0.4852],[-0.6259],[-0.7711],[-0.8185],[-0.717],[-0.517],[-0.2904],[-0.117],[4.5489],[4.0244],[3.4889],[2.8815],[2.203],[1.5452],[0.9985],[0.6356],[0.3956],[0.1674],[-0.1622],[-0.6156],[-1.0704],[-1.3526],[-1.3341],[-1.0304],[-0.6296],[-0.3319],[-0.2741],[-0.4319],[-0.66],[-0.7778],[-0.6867],[-0.3978],[-0.0156],[0.3489],[0.6022],[3.3667],[2.7933],[2.3444],[1.8844],[1.3644],[0.8385],[0.4593],[0.3052],[0.337],[0.3904],[0.2637],[-0.1052],[-0.6067],[-1.017],[-1.1489],[-0.9919],[-0.7089],[-0.5259],[-0.5548],[-0.7252],[-0.8437],[-0.7422],[-0.3859],[0.1104],[0.5889],[0.9467],[1.1556],[1.9881],[1.3563],[0.9985],[0.743],[0.4667],[0.1719],[0.0007],[0.0681],[0.3585],[0.6674],[0.7556],[0.4763],[-0.0919],[-0.6681],[-1.0119],[-1.0333],[-0.8867],[-0.7741],[-0.7785],[-0.837],[-0.7489],[-0.397],[0.1437],[0.6556],[0.9859],[1.0948],[1.097],[0.743],[0.0904],[-0.1711],[-0.2444],[-0.317],[-0.4615],[-0.5689],[-0.4815],[-0.1207],[0.3556],[0.6874],[0.643],[0.2437],[-0.2933],[-0.6748],[-0.7837],[-0.6896],[-0.5859],[-0.5607],[-0.4993],[-0.2533],[0.2111],[0.7207],[1.0274],[1.0015],[0.7437],[0.5007],[-0.3289],[-0.9652],[-1.1726],[-1.1207],[-1.0504],[-1.1215],[-1.2763],[-1.3193],[-1.0756],[-0.5519],[0.0311],[0.3889],[0.397],[0.1474],[-0.1141],[-0.2193],[-0.1859],[-0.1289],[-0.0911],[0.0274],[0.3422],[0.8133],[1.2],[1.2467],[0.8948],[0.3859],[0.0452],[-1.3111],[-1.9415],[-2.1415],[-2.0207],[-1.7985],[-1.6978],[-1.7941],[-1.9341],[-1.8504],[-1.397],[-0.6763],[0.0333],[0.4667],[0.5467],[0.4244],[0.28],[0.1896],[0.1393],[0.1422],[0.3022],[0.6933],[1.203],[1.5437],[1.4689],[1.023],[0.52],[0.2637],[-2.083],[-2.7267],[-2.98],[-2.8],[-2.3356],[-1.9178],[-1.7726],[-1.8719],[-1.943],[-1.6956],[-1.063],[-0.2541],[0.4059],[0.6896],[0.6348],[0.4096],[0.1674],[-0.003],[-0.0319],[0.1881],[0.7007],[1.3319],[1.7607],[1.7481],[1.3993],[1.077],[1.0096],[-2.4822],[-3.1],[-3.3741],[-3.1089],[-2.4163],[-1.6874],[-1.2807],[-1.3156],[-1.543],[-1.5689],[-1.1926],[-0.5007],[0.1719],[0.5341],[0.5015],[0.2215],[-0.1267],[-0.3896],[-0.4481],[-0.1911],[0.4185],[1.1822],[1.7689],[1.9178],[1.7622],[1.6274],[1.6889],[-2.5859],[-3.0526],[-3.2244],[-2.8637],[-2.0978],[-1.2904],[-0.8504],[-0.8859],[-1.1733],[-1.3378],[-1.1119],[-0.54],[0.0622],[0.3793],[0.3022],[-0.0578],[-0.4837],[-0.8163],[-0.9393],[-0.7459],[-0.1541],[0.6741],[1.4348],[1.8296],[1.8889],[1.8807],[1.9437],[-2.5607],[-2.7733],[-2.7578],[-2.3593],[-1.7007],[-1.1289],[-0.8785],[-0.937],[-1.0681],[-1.0096],[-0.6178],[-0.0304],[0.4593],[0.5689],[0.2607],[-0.2874],[-0.8296],[-1.2222],[-1.4385],[-1.3867],[-0.9489],[-0.1244],[0.817],[1.5541],[1.9296],[2.0259],[1.9637],[-2.34],[-2.3215],[-2.183],[-1.8385],[-1.4659],[-1.2756],[-1.2733],[-1.2874],[-1.0652],[-0.5326],[0.2319],[0.9289],[1.2407],[1.0037],[0.3222],[-0.477],[-1.1141],[-1.5311],[-1.7911],[-1.877],[-1.6044],[-0.8385],[0.3037],[1.4363],[2.2037],[2.4444],[2.2141],[-1.723],[-1.6156],[-1.4874],[-1.323],[-1.2696],[-1.4074],[-1.5948],[-1.5222],[-1.0074],[-0.1089],[0.8844],[1.577],[1.68],[1.157],[0.2548],[-0.6319],[-1.2385],[-1.5822],[-1.8252],[-1.9667],[-1.7711],[-0.9874],[0.3259],[1.7889],[2.8748],[3.2363],[2.8348],[-0.7311],[-0.6978],[-0.7215],[-0.7748],[-0.9319],[-1.203],[-1.4289],[-1.3533],[-0.8474],[-0.0244],[0.817],[1.3215],[1.2933],[0.783],[0.0356],[-0.6281],[-1.0741],[-1.363],[-1.597],[-1.697],[-1.3985],[-0.4696],[1.0037],[2.5733],[3.7022],[3.9948],[3.4081],[0.3281],[0.1578],[-0.0807],[-0.2926],[-0.4719],[-0.6578],[-0.8096],[-0.8119],[-0.583],[-0.1696],[0.2459],[0.4733],[0.4467],[0.2437],[-0.0244],[-0.3052],[-0.6444],[-1.0296],[-1.3585],[-1.3644],[-0.8081],[0.383],[1.9496],[3.3778],[4.1763],[4.1126],[3.2593],[1.1422],[0.6978],[0.2474],[-0.0244],[-0.0993],[-0.0807],[-0.1096],[-0.2052],[-0.2859],[-0.2844],[-0.2422],[-0.2015],[-0.1133],[0.0815],[0.3081],[0.3111],[-0.0689],[-0.6889],[-1.1496],[-1.0711],[-0.283],[1.0822],[2.5985],[3.7037],[3.98],[3.3733],[2.1948],[1.5637],[0.9111],[0.3163],[0.0081],[0.0274],[0.1778],[0.2141],[0.0415],[-0.2081],[-0.3926],[-0.463],[-0.4111],[-0.1437],[0.3681],[0.8867],[0.9867],[0.497],[-0.26],[-0.7422],[-0.6044],[0.1615],[1.3422],[2.5852],[3.3681],[3.2319],[2.1896],[0.7474],[1.5874],[0.9356],[0.3007],[-0.0504],[-0.0696],[0.0474],[0.0244],[-0.2178],[-0.5156],[-0.68],[-0.6563],[-0.4407],[0.0311],[0.7281],[1.3326],[1.4163],[0.9304],[0.3074],[0.0193],[0.1511],[0.5415],[1.1444],[1.9489],[2.5289],[2.2889],[1.1037],[-0.4289]]}]