html/data/WT_pct09_ind_wt_10_1.json
[{"header":{"disciplineName":["Meteorological products"],"parameterCategory":[0],"parameterCategoryName":["Temperature"],"parameterNumberName":["Temperature"],"parameterNumber":[0],"parameterUnits":["K"],"refTime":["2017-03-17T0000:00.000Z"],"numberPoints":[621],"nx":[27],"ny":[23],"lo1":[-20],"la1":[70],"lo2":[45],"la2":[45],"dx":[2.5],"dy":[2.5]},"data":[[-8.8576],[-7.888],[-6.9829],[-6.1551],[-5.4462],[-4.8475],[-4.3639],[-3.9778],[-3.6867],[-3.4778],[-3.3373],[-3.2563],[-3.2285],[-3.2576],[-3.3361],[-3.4525],[-3.6171],[-3.7994],[-4.0032],[-4.2044],[-4.3994],[-4.5867],[-4.75],[-4.9057],[-5.0715],[-5.2589],[-5.4829],[-6.2297],[-5.5854],[-4.9791],[-4.4247],[-3.9158],[-3.4563],[-3.0538],[-2.7146],[-2.4399],[-2.2297],[-2.0956],[-2.0373],[-2.0627],[-2.1677],[-2.3462],[-2.5816],[-2.8563],[-3.1576],[-3.4462],[-3.6892],[-3.8943],[-4.0348],[-4.1057],[-4.1563],[-4.1994],[-4.2816],[-4.4133],[-3.9006],[-3.6247],[-3.3335],[-3.0133],[-2.6614],[-2.307],[-1.9551],[-1.6424],[-1.3905],[-1.2184],[-1.1411],[-1.1589],[-1.2816],[-1.4816],[-1.7563],[-2.069],[-2.3892],[-2.6943],[-2.9576],[-3.1449],[-3.2449],[-3.2614],[-3.2133],[-3.15],[-3.0981],[-3.1158],[-3.2297],[-2.2892],[-2.1804],[-2.0006],[-1.7589],[-1.4576],[-1.1361],[-0.8272],[-0.5639],[-0.3677],[-0.2804],[-0.2842],[-0.4032],[-0.5994],[-0.8652],[-1.1437],[-1.4171],[-1.6627],[-1.8601],[-1.9981],[-2.0766],[-2.0981],[-2.0551],[-1.9778],[-1.9133],[-1.8905],[-1.9551],[-2.1285],[-1.2829],[-1.0842],[-0.8323],[-0.5373],[-0.2411],[0.0297],[0.2627],[0.4525],[0.5652],[0.6019],[0.5627],[0.4411],[0.2601],[0.0551],[-0.1373],[-0.3006],[-0.4361],[-0.5373],[-0.6272],[-0.707],[-0.7854],[-0.8361],[-0.8867],[-0.9424],[-1.0297],[-1.1652],[-1.3703],[-0.3589],[-0.0361],[0.3057],[0.6095],[0.8449],[1.0196],[1.15],[1.2652],[1.3677],[1.4411],[1.4627],[1.4386],[1.3741],[1.288],[1.212],[1.1335],[1.0399],[0.9323],[0.7601],[0.5272],[0.2753],[0.0247],[-0.1968],[-0.3854],[-0.5335],[-0.6816],[-0.8272],[0.8361],[1.1361],[1.4146],[1.6272],[1.7576],[1.8323],[1.9044],[2.0196],[2.1652],[2.3158],[2.4335],[2.4994],[2.5297],[2.5247],[2.5171],[2.493],[2.4196],[2.2551],[1.9867],[1.6487],[1.2753],[0.9247],[0.6348],[0.4158],[0.2462],[0.112],[0.0006],[2.2639],[2.3918],[2.5272],[2.6424],[2.7158],[2.7715],[2.8614],[3.0108],[3.1753],[3.3386],[3.4462],[3.5082],[3.5247],[3.5525],[3.5829],[3.6222],[3.5994],[3.4867],[3.2614],[2.9741],[2.6614],[2.3867],[2.1677],[1.9728],[1.7703],[1.5449],[1.3184],[3.7095],[3.6842],[3.7386],[3.8247],[3.9209],[4.031],[4.1728],[4.3184],[4.4538],[4.5424],[4.5766],[4.5677],[4.5639],[4.6044],[4.6728],[4.7538],[4.8095],[4.7677],[4.6513],[4.4627],[4.3044],[4.1791],[4.0829],[3.9196],[3.6627],[3.2918],[2.8753],[5.0956],[5.0399],[5.0867],[5.1766],[5.2994],[5.4399],[5.5715],[5.6943],[5.7918],[5.8665],[5.9222],[5.9791],[6.0437],[6.1272],[6.1956],[6.2184],[6.169],[6.0399],[5.8816],[5.7272],[5.6424],[5.6601],[5.7209],[5.6918],[5.4538],[5.0082],[4.4513],[6.4348],[6.412],[6.4399],[6.512],[6.5766],[6.6715],[6.7703],[6.8956],[7.0652],[7.2829],[7.5259],[7.7994],[8.0335],[8.15],[8.0981],[7.8829],[7.5766],[7.2361],[6.9323],[6.7475],[6.7335],[6.9399],[7.2753],[7.5563],[7.55],[7.1665],[6.4968],[7.6854],[7.6867],[7.6715],[7.6475],[7.6373],[7.6753],[7.8032],[8.0171],[8.3437],[8.7741],[9.269],[9.7728],[10.1259],[10.2095],[9.9627],[9.4703],[8.9234],[8.4728],[8.2006],[8.1108],[8.2677],[8.7335],[9.4525],[10.1867],[10.5715],[10.3601],[9.5918],[8.8108],[8.7918],[8.7044],[8.6234],[8.6044],[8.712],[8.9665],[9.3437],[9.8171],[10.3652],[10.9728],[11.5487],[11.9323],[11.9335],[11.5184],[10.8563],[10.2386],[9.8956],[9.8437],[10.0158],[10.3892],[11.0614],[12.0665],[13.1778],[13.9728],[14.0816],[13.4449],[9.8677],[9.7905],[9.6576],[9.6222],[9.7576],[10.0981],[10.5703],[11.093],[11.6285],[12.1411],[12.6677],[13.1563],[13.4728],[13.4209],[12.9209],[12.1791],[11.569],[11.3259],[11.4614],[11.7715],[12.2044],[12.893],[13.9715],[15.2563],[16.3652],[16.9209],[16.8842],[10.8665],[10.7082],[10.6184],[10.7854],[11.2766],[11.9665],[12.6892],[13.3247],[13.8158],[14.1918],[14.5196],[14.8449],[15.0525],[14.9462],[14.4108],[13.5905],[12.8665],[12.5361],[12.569],[12.7652],[13.1032],[13.7627],[14.8816],[16.2601],[17.488],[18.3538],[19.0247],[11.7184],[11.5753],[11.6766],[12.2171],[13.1437],[14.1741],[15.0703],[15.731],[16.1627],[16.4184],[16.5728],[16.7108],[16.75],[16.5348],[15.9411],[15.0475],[14.1778],[13.6386],[13.4437],[13.4753],[13.7816],[14.607],[16.0348],[17.6272],[18.7842],[19.407],[20.0525],[12.5095],[12.5842],[12.993],[13.8943],[15.112],[16.293],[17.2171],[17.8259],[18.2348],[18.5044],[18.6133],[18.569],[18.3728],[17.9652],[17.2956],[16.4044],[15.5259],[14.9386],[14.7057],[14.7639],[15.2386],[16.4386],[18.3766],[20.3259],[21.35],[21.2133],[20.8487],[13.6627],[14.0968],[14.7766],[15.7639],[16.9285],[17.9791],[18.7614],[19.3259],[19.8044],[20.2158],[20.4234],[20.2816],[19.8019],[19.1449],[18.3791],[17.5538],[16.8108],[16.4095],[16.388],[16.6905],[17.3804],[18.7816],[20.9703],[23.1892],[24.2044],[23.4804],[21.9234],[15.5019],[16.2753],[17.0272],[17.7854],[18.5677],[19.3095],[19.95],[20.5184],[21.1171],[21.7133],[22.0044],[21.7576],[21.0222],[20.1285],[19.293],[18.5513],[17.9525],[17.7057],[17.9449],[18.5361],[19.3184],[20.488],[22.2867],[24.3462],[25.5146],[24.9513],[23.131],[17.7449],[18.6905],[19.3703],[19.7816],[20.1652],[20.6804],[21.2753],[21.888],[22.5146],[23.0905],[23.3234],[22.9006],[21.9449],[20.9323],[20.188],[19.6019],[19.0639],[18.8209],[19.1867],[20.0171],[20.8525],[21.5386],[22.4665],[23.8272],[25.0082],[25.1158],[24.0386],[19.5778],[20.5361],[21.15],[21.3905],[21.6032],[22.0665],[22.6892],[23.2854],[23.7551],[24.0994],[24.0791],[23.4715],[22.4601],[21.5854],[21.1627],[20.9019],[20.4994],[20.1854],[20.5044],[21.4576],[22.4095],[22.7981],[22.9184],[23.3816],[24.169],[24.6399],[24.3222],[20.4184],[21.2753],[21.8816],[22.169],[22.4209],[22.8943],[23.4627],[23.9006],[24.1348],[24.2297],[24.0639],[23.4766],[22.6804],[22.2057],[22.2449],[22.4006],[22.2082],[21.8703],[22.0209],[22.8703],[23.8259],[24.2032],[24.0525],[23.9462],[24.1538],[24.2981],[23.95],[20.2753],[20.9601],[21.5449],[21.9006],[22.1968],[22.5728],[22.9741],[23.2373],[23.3627],[23.4335],[23.3892],[23.1437],[22.8411],[22.8057],[23.1234],[23.4462],[23.4108],[23.1525],[23.1361],[23.5892],[24.2006],[24.5589],[24.6146],[24.5956],[24.5297],[24.1753],[23.2994]]},{"header":{"disciplineName":["Meteorological products"],"parameterCategory":[2],"parameterCategoryName":["u-component of wind"],"parameterNumberName":["u-component of wind"],"parameterNumber":[2],"parameterUnits":["m s-1"],"refTime":["2017-03-17T0000:00.000Z"],"numberPoints":[621],"nx":[27],"ny":[23],"lo1":[-20],"la1":[70],"lo2":[45],"la2":[45],"dx":[2.5],"dy":[2.5]},"data":[[0.6722],[0.9215],[1.157],[1.3684],[1.5861],[1.8304],[2.119],[2.457],[2.8443],[3.262],[3.6722],[4.0595],[4.3696],[4.6114],[4.7608],[4.8747],[4.9582],[5.0582],[5.2013],[5.3975],[5.643],[5.9228],[6.1987],[6.4392],[6.6468],[6.7608],[6.8051],[0.7468],[1.1823],[1.5646],[1.9013],[2.2266],[2.5658],[2.9785],[3.4633],[4.0253],[4.6392],[5.2418],[5.7759],[6.1873],[6.4443],[6.557],[6.5468],[6.4722],[6.4165],[6.4063],[6.5],[6.6722],[6.9177],[7.1823],[7.4139],[7.5696],[7.638],[7.6215],[2.038],[2.457],[2.8215],[3.1354],[3.4228],[3.7443],[4.1266],[4.6051],[5.1658],[5.7759],[6.3911],[6.9177],[7.3025],[7.5063],[7.5165],[7.3797],[7.1696],[6.9544],[6.8278],[6.8127],[6.9228],[7.1392],[7.4089],[7.6532],[7.8354],[7.9266],[7.9405],[4.2595],[4.5101],[4.7025],[4.8696],[4.9975],[5.1354],[5.2823],[5.4785],[5.7152],[6.0013],[6.3203],[6.6215],[6.8722],[7.0266],[7.0823],[7.0443],[6.9646],[6.8873],[6.843],[6.8873],[7.019],[7.219],[7.4544],[7.6696],[7.8405],[7.9418],[7.9747],[6.7203],[6.7203],[6.719],[6.7215],[6.7038],[6.6329],[6.4835],[6.2835],[6.0696],[5.9051],[5.819],[5.8165],[5.9228],[6.0987],[6.3304],[6.5962],[6.8557],[7.1038],[7.3101],[7.4582],[7.5772],[7.6759],[7.7443],[7.8025],[7.8468],[7.8468],[7.8418],[8.7506],[8.519],[8.3671],[8.2544],[8.119],[7.9127],[7.5949],[7.1911],[6.7633],[6.3734],[6.1013],[5.962],[5.9861],[6.1519],[6.4709],[6.8911],[7.3494],[7.7633],[8.0595],[8.1949],[8.1835],[8.0886],[7.957],[7.843],[7.7544],[7.6924],[7.6468],[10.2329],[9.8253],[9.4722],[9.1747],[8.8975],[8.5975],[8.2468],[7.8873],[7.5797],[7.3532],[7.2316],[7.1696],[7.1722],[7.2253],[7.3519],[7.5772],[7.8481],[8.0949],[8.2418],[8.2114],[8.0658],[7.8633],[7.6873],[7.5772],[7.5278],[7.5114],[7.5367],[11.3139],[10.7114],[10.0975],[9.5519],[9.0557],[8.6329],[8.2848],[8.043],[7.9443],[7.9899],[8.1127],[8.2278],[8.219],[8.1],[7.9532],[7.8316],[7.7835],[7.743],[7.6443],[7.4709],[7.2532],[7.1025],[7.057],[7.0987],[7.1785],[7.2329],[7.2696],[11.7785],[10.9962],[10.1848],[9.4266],[8.8038],[8.3114],[7.9329],[7.6949],[7.6253],[7.7063],[7.8987],[8.0595],[8.0899],[7.9633],[7.7354],[7.519],[7.3392],[7.1506],[6.8924],[6.5962],[6.3405],[6.2468],[6.3392],[6.519],[6.6418],[6.6266],[6.5013],[11.1709],[10.3329],[9.4608],[8.6949],[8.1101],[7.6873],[7.357],[7.0671],[6.838],[6.738],[6.7886],[6.9241],[7.0405],[7.0772],[7.0278],[6.9494],[6.8278],[6.6089],[6.243],[5.7835],[5.4089],[5.2759],[5.4101],[5.662],[5.7937],[5.7025],[5.4443],[9.4684],[8.7418],[7.9873],[7.3392],[6.8937],[6.6506],[6.481],[6.2696],[6.0203],[5.8228],[5.7747],[5.9051],[6.1114],[6.2671],[6.3076],[6.2494],[6.0911],[5.7772],[5.2684],[4.662],[4.162],[3.9734],[4.1405],[4.5],[4.7646],[4.819],[4.7013],[7.2949],[6.8013],[6.2544],[5.7633],[5.4696],[5.4329],[5.5494],[5.6481],[5.6532],[5.6354],[5.7013],[5.8861],[6.0658],[6.0696],[5.8468],[5.4835],[5.0468],[4.5582],[3.9975],[3.381],[2.8835],[2.7114],[2.9329],[3.4013],[3.8519],[4.1949],[4.438],[5.2582],[5.0759],[4.8203],[4.5468],[4.4506],[4.6848],[5.1506],[5.638],[5.9848],[6.2165],[6.4329],[6.6342],[6.6734],[6.3835],[5.7494],[4.9747],[4.2886],[3.7595],[3.2987],[2.8405],[2.443],[2.2899],[2.4886],[2.9443],[3.4557],[3.8975],[4.3013],[3.543],[3.6861],[3.8203],[3.9532],[4.2392],[4.7886],[5.4987],[6.1177],[6.4987],[6.6924],[6.8506],[6.9886],[6.9468],[6.5405],[5.8063],[5],[4.3873],[4.0354],[3.7646],[3.4304],[3.0722],[2.8975],[3.0481],[3.4823],[3.9468],[4.2709],[4.4051],[2.1987],[2.6785],[3.2646],[3.8899],[4.5987],[5.3354],[5.9316],[6.2101],[6.181],[6.0241],[5.9747],[6.0696],[6.119],[5.9405],[5.5367],[5.1076],[4.8519],[4.7532],[4.619],[4.3228],[3.9899],[3.8873],[4.2013],[4.8165],[5.3975],[5.5582],[5.2139],[1.5152],[2.3051],[3.2367],[4.1899],[5.0304],[5.5848],[5.7025],[5.3722],[4.8228],[4.3734],[4.219],[4.3481],[4.5329],[4.5962],[4.5215],[4.4722],[4.5253],[4.6089],[4.5886],[4.4228],[4.3215],[4.5405],[5.1975],[6.0823],[6.7823],[6.8734],[6.2038],[1.819],[2.7127],[3.6633],[4.5608],[5.1835],[5.2848],[4.8582],[4.1278],[3.4684],[3.1089],[3.0519],[3.1278],[3.1468],[3.0494],[2.9089],[2.8595],[2.9595],[3.1519],[3.3608],[3.6063],[4.0025],[4.6329],[5.4152],[6.1215],[6.4949],[6.3684],[5.6873],[2.8165],[3.4734],[4.1114],[4.6506],[4.8544],[4.5785],[3.9519],[3.3304],[3.0354],[3.0139],[2.9962],[2.7354],[2.238],[1.6595],[1.1886],[0.9304],[0.957],[1.2684],[1.8165],[2.557],[3.3886],[4.1405],[4.5684],[4.4924],[4.0392],[3.4709],[2.9823],[3.5595],[3.7709],[3.9266],[4.0051],[3.8696],[3.4646],[3.0101],[2.819],[2.957],[3.0848],[2.7975],[2.0241],[1.057],[0.257],[-0.2392],[-0.4418],[-0.3506],[0.0861],[0.8241],[1.7114],[2.5203],[2.9823],[2.8291],[2.019],[0.8772],[-0.0089],[-0.2671],[2.9203],[2.8405],[2.6658],[2.4076],[2.0722],[1.7127],[1.5025],[1.5962],[1.8342],[1.7658],[1.0911],[0.0089],[-0.9089],[-1.3051],[-1.2722],[-1.0329],[-0.7013],[-0.2177],[0.3595],[0.8785],[1.1937],[1.1759],[0.7709],[-0.0658],[-1.1025],[-1.9025],[-2.0772],[0.4025],[0.4127],[0.2101],[-0.1228],[-0.4759],[-0.7506],[-0.8494],[-0.7722],[-0.7076],[-1.0253],[-1.7924],[-2.6582],[-3.0304],[-2.7152],[-1.9911],[-1.2823],[-0.7684],[-0.3949],[-0.1747],[-0.1873],[-0.4506],[-0.7848],[-1.0684],[-1.3671],[-1.7937],[-2.2646],[-2.6063],[-3.4051],[-3.1468],[-3.1608],[-3.3544],[-3.5494],[-3.6684],[-3.7228],[-3.7367],[-3.8076],[-4.0481],[-4.4494],[-4.7076],[-4.481],[-3.7152],[-2.7367],[-1.9392],[-1.4544],[-1.2342],[-1.238],[-1.4772],[-1.8595],[-2.2114],[-2.3582],[-2.3557],[-2.4329],[-2.7608],[-3.3354],[-7.0823],[-6.8392],[-6.7722],[-6.7987],[-6.7532],[-6.6823],[-6.6582],[-6.6987],[-6.7253],[-6.6658],[-6.4873],[-6.1354],[-5.5722],[-4.843],[-4.0797],[-3.4582],[-3.0861],[-2.9278],[-2.857],[-2.7797],[-2.7266],[-2.8013],[-3.0266],[-3.3228],[-3.5937],[-3.9013],[-4.3797]]},{"header":{"disciplineName":["Meteorological products"],"parameterCategory":[2],"parameterCategoryName":["v-component of wind"],"parameterNumberName":["v-component of wind"],"parameterNumber":[3],"parameterUnits":["m s-1"],"refTime":["2017-03-17T0000:00.000Z"],"numberPoints":[621],"nx":[27],"ny":[23],"lo1":[-20],"la1":[70],"lo2":[45],"la2":[45],"dx":[2.5],"dy":[2.5]},"data":[[-1.0392],[-0.6544],[-0.162],[0.381],[0.9557],[1.4899],[1.9646],[2.3165],[2.5203],[2.5544],[2.4304],[2.1734],[1.8278],[1.4696],[1.138],[0.8785],[0.7152],[0.6354],[0.6316],[0.6506],[0.6608],[0.6278],[0.5367],[0.3873],[0.1962],[-0.0468],[-0.3],[0.1519],[0.4759],[0.8494],[1.2823],[1.7582],[2.2519],[2.7139],[3.0899],[3.3266],[3.3519],[3.1785],[2.8253],[2.3519],[1.8582],[1.4342],[1.1468],[1.0342],[1.0759],[1.2089],[1.3494],[1.4253],[1.3937],[1.2139],[0.9076],[0.5253],[0.0937],[-0.3127],[1.4025],[1.643],[1.9025],[2.2089],[2.5987],[3.0557],[3.5354],[3.9519],[4.1899],[4.1835],[3.8835],[3.3127],[2.5608],[1.7873],[1.1392],[0.7266],[0.6228],[0.781],[1.1165],[1.4937],[1.7722],[1.8633],[1.7228],[1.3684],[0.8873],[0.3468],[-0.1709],[2.1759],[2.3835],[2.5772],[2.8253],[3.1557],[3.5797],[4.0418],[4.4658],[4.7228],[4.6937],[4.3076],[3.5962],[2.6734],[1.7038],[0.8962],[0.3899],[0.2747],[0.5165],[0.9899],[1.5278],[1.962],[2.1759],[2.0975],[1.7595],[1.2405],[0.6532],[0.1089],[2.3734],[2.5937],[2.7962],[3.0076],[3.2456],[3.5506],[3.8848],[4.2127],[4.4304],[4.4266],[4.1241],[3.5304],[2.7456],[1.9152],[1.2152],[0.7924],[0.7051],[0.9177],[1.3253],[1.7848],[2.1532],[2.2987],[2.1911],[1.8316],[1.3051],[0.7354],[0.2063],[2.143],[2.3734],[2.5949],[2.7582],[2.8911],[2.9861],[3.1089],[3.2532],[3.3759],[3.4152],[3.3025],[3.019],[2.6101],[2.1747],[1.8063],[1.6013],[1.5684],[1.6582],[1.8354],[2.0101],[2.1127],[2.0861],[1.8835],[1.5241],[1.0519],[0.5608],[0.1506],[1.5506],[1.7253],[1.938],[2.1089],[2.1911],[2.2063],[2.2013],[2.238],[2.3152],[2.4063],[2.4405],[2.4114],[2.3241],[2.2165],[2.1443],[2.1051],[2.0886],[2.0468],[1.9709],[1.8886],[1.7759],[1.6532],[1.4646],[1.2025],[0.8747],[0.5443],[0.2873],[0.6],[0.6329],[0.8241],[1.0962],[1.3316],[1.5076],[1.6354],[1.7582],[1.9165],[2.0861],[2.1962],[2.2506],[2.2329],[2.2139],[2.1924],[2.1709],[2.0962],[1.9304],[1.7215],[1.5354],[1.4063],[1.3519],[1.2937],[1.1785],[0.9848],[0.7962],[0.6772],[-0.5456],[-0.7025],[-0.5089],[-0.0582],[0.4684],[0.9456],[1.3354],[1.6481],[1.9443],[2.2114],[2.4],[2.4899],[2.4709],[2.3823],[2.2911],[2.143],[1.9291],[1.6671],[1.4038],[1.2456],[1.238],[1.3215],[1.3722],[1.3203],[1.1506],[0.9684],[0.8797],[-1.6114],[-1.9139],[-1.7038],[-1.0962],[-0.3203],[0.3797],[0.8924],[1.2747],[1.6278],[1.9937],[2.3342],[2.5861],[2.681],[2.6405],[2.4506],[2.1481],[1.7456],[1.3354],[1.0418],[0.9709],[1.1152],[1.3418],[1.4709],[1.3899],[1.1633],[0.919],[0.762],[-2.4392],[-2.8253],[-2.6051],[-1.9],[-1.0076],[-0.2304],[0.2899],[0.619],[0.9329],[1.3532],[1.8582],[2.338],[2.6443],[2.662],[2.3924],[1.8608],[1.2101],[0.638],[0.3595],[0.4329],[0.7987],[1.2278],[1.4797],[1.4595],[1.257],[1.0203],[0.8266],[-3.0418],[-3.4759],[-3.2544],[-2.4911],[-1.4987],[-0.5949],[0.019],[0.3696],[0.6506],[1.0481],[1.5911],[2.1354],[2.4747],[2.4101],[1.9025],[1.0646],[0.1557],[-0.5076],[-0.6785],[-0.3253],[0.3418],[1.0253],[1.4861],[1.6646],[1.6608],[1.5975],[1.4785],[-3.4506],[-3.8646],[-3.6456],[-2.8253],[-1.638],[-0.4392],[0.4785],[1.0152],[1.3101],[1.5494],[1.8797],[2.2063],[2.3025],[1.9582],[1.1215],[-0.0342],[-1.1127],[-1.7241],[-1.6608],[-1],[-0.0354],[0.8772],[1.5152],[1.9051],[2.1481],[2.3051],[2.3025],[-3.5835],[-3.9013],[-3.6468],[-2.7342],[-1.319],[0.2253],[1.4633],[2.138],[2.3329],[2.3025],[2.2684],[2.2456],[2.0278],[1.3949],[0.2924],[-1.0329],[-2.1481],[-2.6392],[-2.3481],[-1.4392],[-0.2608],[0.8278],[1.638],[2.1734],[2.5101],[2.6646],[2.6038],[-3.3532],[-3.4823],[-3.1278],[-2.1177],[-0.5747],[1.0722],[2.3139],[2.8633],[2.8165],[2.5481],[2.3025],[2.0734],[1.6557],[0.8506],[-0.3633],[-1.7114],[-2.7848],[-3.2165],[-2.8392],[-1.8177],[-0.4519],[0.9266],[2.0772],[2.8177],[3.043],[2.7873],[2.2646],[-2.7089],[-2.6165],[-2.1747],[-1.1532],[0.3051],[1.7025],[2.5354],[2.7291],[2.5595],[2.3772],[2.257],[2.043],[1.4785],[0.4962],[-0.7987],[-2.138],[-3.1785],[-3.6139],[-3.3038],[-2.2557],[-0.6418],[1.2481],[2.9886],[4.0544],[4.0354],[3.0114],[1.6139],[-1.6734],[-1.4848],[-1.0494],[-0.1506],[0.9949],[1.8557],[2.1177],[2.0253],[2.0342],[2.3139],[2.5759],[2.3747],[1.5139],[0.2051],[-1.2253],[-2.5165],[-3.4418],[-3.8443],[-3.5443],[-2.4582],[-0.6203],[1.7291],[4.0127],[5.3203],[5],[3.1456],[0.8443],[-0.4557],[-0.3266],[-0.0316],[0.6392],[1.3595],[1.6316],[1.419],[1.2684],[1.6734],[2.4924],[2.9861],[2.5506],[1.2304],[-0.4051],[-1.8506],[-2.8962],[-3.5241],[-3.6646],[-3.2025],[-2.0241],[-0.1405],[2.2253],[4.4823],[5.681],[5.0494],[2.7532],[0.0544],[0.6139],[0.5519],[0.6646],[1.1013],[1.5],[1.4127],[0.9873],[0.919],[1.6076],[2.5886],[2.8848],[1.9861],[0.3114],[-1.3253],[-2.4316],[-3.0266],[-3.238],[-3.0038],[-2.2241],[-0.9405],[0.7215],[2.557],[4.1861],[4.8873],[4.0646],[1.8949],[-0.5025],[1.257],[0.981],[0.9532],[1.2899],[1.6076],[1.4911],[1.1266],[1.1291],[1.7468],[2.3633],[2.1203],[0.857],[-0.7253],[-1.8253],[-2.3127],[-2.4835],[-2.4557],[-2.0038],[-1.038],[0.2266],[1.4608],[2.5494],[3.4025],[3.6177],[2.8127],[1.1494],[-0.5709],[1.4481],[1.0063],[0.9013],[1.2405],[1.6532],[1.7152],[1.5127],[1.5013],[1.7684],[1.8152],[1.1291],[-0.0684],[-1.0304],[-1.3152],[-1.243],[-1.2873],[-1.3873],[-1.0835],[-0.2354],[0.7329],[1.4532],[1.9785],[2.4304],[2.5684],[2.0114],[0.7823],[-0.5291],[1.3949],[0.8924],[0.7215],[1.0139],[1.4203],[1.5494],[1.4177],[1.2772],[1.2038],[0.9177],[0.2418],[-0.438],[-0.5975],[-0.2038],[0.1089],[-0.1304],[-0.5873],[-0.6228],[-0.162],[0.2924],[0.4911],[0.7481],[1.3532],[1.8506],[1.5633],[0.4367],[-0.9532],[1.2519],[0.7557],[0.5025],[0.5823],[0.7506],[0.7101],[0.4722],[0.2139],[0.0177],[-0.2228],[-0.5241],[-0.6152],[-0.2114],[0.4241],[0.6354],[0.1342],[-0.5759],[-0.8544],[-0.743],[-0.743],[-0.8975],[-0.6215],[0.3582],[1.2899],[1.1354],[-0.1962],[-1.8734]]}]