html/data/WT_pct09_ind_wt_4_7.json
[{"header":{"disciplineName":["Meteorological products"],"parameterCategory":[0],"parameterCategoryName":["Temperature"],"parameterNumberName":["Temperature"],"parameterNumber":[0],"parameterUnits":["K"],"refTime":["2017-03-17T0000:00.000Z"],"numberPoints":[621],"nx":[27],"ny":[23],"lo1":[-20],"la1":[70],"lo2":[45],"la2":[45],"dx":[2.5],"dy":[2.5]},"data":[[-10.1412],[-9.465],[-8.8425],[-8.3025],[-7.8575],[-7.5237],[-7.2675],[-7.08],[-6.95],[-6.8463],[-6.7688],[-6.7013],[-6.6537],[-6.6337],[-6.6537],[-6.7325],[-6.8738],[-7.0763],[-7.3375],[-7.64],[-7.965],[-8.2987],[-8.6163],[-8.9412],[-9.2487],[-9.575],[-9.9275],[-7.6462],[-7.1525],[-6.7238],[-6.3762],[-6.0975],[-5.8775],[-5.69],[-5.535],[-5.3975],[-5.2787],[-5.1762],[-5.105],[-5.0687],[-5.0887],[-5.16],[-5.3187],[-5.5538],[-5.8575],[-6.205],[-6.5763],[-6.93],[-7.2463],[-7.5138],[-7.7275],[-7.9175],[-8.1025],[-8.3175],[-5.2038],[-4.9738],[-4.815],[-4.6825],[-4.5725],[-4.4513],[-4.3238],[-4.1863],[-4.0675],[-3.9775],[-3.9213],[-3.925],[-3.9838],[-4.0925],[-4.2737],[-4.5188],[-4.8],[-5.1287],[-5.47],[-5.7913],[-6.0588],[-6.2638],[-6.38],[-6.4612],[-6.5012],[-6.5675],[-6.6825],[-3.505],[-3.435],[-3.41],[-3.3925],[-3.3475],[-3.265],[-3.155],[-3.03],[-2.9375],[-2.9],[-2.9425],[-3.045],[-3.2113],[-3.4113],[-3.6325],[-3.8675],[-4.1],[-4.3387],[-4.5487],[-4.73],[-4.855],[-4.9062],[-4.905],[-4.8787],[-4.8688],[-4.9125],[-5.0538],[-2.5812],[-2.4613],[-2.3788],[-2.315],[-2.2487],[-2.1488],[-2.04],[-1.9475],[-1.88],[-1.9013],[-1.9963],[-2.1537],[-2.3512],[-2.545],[-2.7075],[-2.8575],[-2.9825],[-3.0925],[-3.195],[-3.27],[-3.2887],[-3.2675],[-3.2125],[-3.16],[-3.1588],[-3.2387],[-3.41],[-1.8],[-1.505],[-1.2938],[-1.155],[-1.065],[-1.005],[-0.9425],[-0.8913],[-0.8525],[-0.875],[-0.965],[-1.1063],[-1.26],[-1.375],[-1.4475],[-1.4887],[-1.5288],[-1.6025],[-1.6975],[-1.7738],[-1.805],[-1.765],[-1.69],[-1.6263],[-1.6237],[-1.7138],[-1.8625],[-0.68],[-0.3],[-0.0375],[0.0825],[0.0938],[0.05],[0.0212],[0.0312],[0.0625],[0.085],[0.0437],[-0.0587],[-0.1563],[-0.2138],[-0.2163],[-0.1875],[-0.1887],[-0.28],[-0.42],[-0.5487],[-0.6112],[-0.565],[-0.4688],[-0.39],[-0.3762],[-0.4538],[-0.5575],[0.6525],[0.9312],[1.085],[1.0888],[0.975],[0.8388],[0.7537],[0.7775],[0.8738],[0.9737],[0.9925],[0.935],[0.8363],[0.79],[0.8138],[0.8713],[0.8913],[0.8112],[0.65],[0.505],[0.4537],[0.5238],[0.6562],[0.7237],[0.7],[0.5925],[0.4925],[1.7962],[1.85],[1.8388],[1.7575],[1.62],[1.4975],[1.4488],[1.5362],[1.7363],[1.9538],[2.075],[2.0475],[1.9475],[1.8663],[1.8725],[1.925],[1.9275],[1.8487],[1.6662],[1.5113],[1.48],[1.595],[1.7337],[1.78],[1.7075],[1.5638],[1.4887],[2.6525],[2.5113],[2.4388],[2.4188],[2.4037],[2.3788],[2.4012],[2.53],[2.7863],[3.0763],[3.2863],[3.335],[3.25],[3.1263],[3.0663],[3.0387],[2.98],[2.8075],[2.5587],[2.3763],[2.3712],[2.5412],[2.7325],[2.81],[2.7362],[2.6363],[2.6775],[3.4437],[3.2413],[3.2287],[3.36],[3.5138],[3.5912],[3.6075],[3.6625],[3.8338],[4.1],[4.3525],[4.45],[4.3938],[4.2562],[4.12],[3.9838],[3.8138],[3.57],[3.3],[3.1662],[3.2687],[3.595],[3.9362],[4.1075],[4.105],[4.0675],[4.1825],[4.3875],[4.2075],[4.2438],[4.4387],[4.6575],[4.7638],[4.7337],[4.6813],[4.705],[4.8562],[5.035],[5.1537],[5.1413],[5.0188],[4.855],[4.6937],[4.5212],[4.3375],[4.2188],[4.2987],[4.65],[5.22],[5.7888],[6.1175],[6.17],[6.1163],[6.1625],[5.475],[5.3025],[5.235],[5.325],[5.485],[5.6275],[5.6937],[5.6825],[5.6737],[5.7013],[5.7625],[5.83],[5.8525],[5.795],[5.6912],[5.5662],[5.5025],[5.5012],[5.62],[5.9237],[6.495],[7.2825],[8.0625],[8.5913],[8.7563],[8.7375],[8.7513],[6.6],[6.37],[6.105],[6.0062],[6.1762],[6.5712],[7.005],[7.315],[7.405],[7.3325],[7.2188],[7.17],[7.1975],[7.1962],[7.13],[7.045],[7.0062],[7.0887],[7.2787],[7.6],[8.15],[8.9688],[9.9275],[10.745],[11.2087],[11.4425],[11.73],[7.6687],[7.37],[7.0188],[6.96],[7.4187],[8.3038],[9.285],[9.9613],[10.1287],[9.8962],[9.5387],[9.3425],[9.3225],[9.3275],[9.225],[9.0112],[8.8387],[8.7812],[8.8387],[8.9712],[9.3038],[10.0413],[11.2025],[12.4],[13.25],[13.76],[14.4012],[8.58],[8.3763],[8.2537],[8.5863],[9.57],[10.9975],[12.3637],[13.1613],[13.2162],[12.75],[12.2137],[11.9175],[11.8637],[11.835],[11.6138],[11.2075],[10.82],[10.6112],[10.5437],[10.5512],[10.7525],[11.48],[12.8462],[14.4062],[15.4537],[15.835],[16.1987],[9.4312],[9.5437],[9.8825],[10.7475],[12.1675],[13.8512],[15.215],[15.84],[15.6975],[15.2075],[14.7775],[14.6225],[14.6325],[14.5525],[14.1912],[13.6263],[13.0988],[12.85],[12.87],[13.0087],[13.2863],[14.0612],[15.5662],[17.3263],[18.3575],[18.1625],[17.5037],[10.5138],[11.07],[11.8575],[12.9975],[14.4425],[15.9237],[16.9837],[17.3862],[17.3213],[17.225],[17.3375],[17.57],[17.655],[17.4475],[16.9487],[16.2862],[15.6788],[15.4062],[15.54],[15.8862],[16.2887],[16.9925],[18.4075],[20.2225],[21.3538],[20.8787],[19.275],[12.1875],[13.1388],[14.1237],[15.1337],[16.1912],[17.21],[17.96],[18.3638],[18.665],[19.2437],[20.0325],[20.6125],[20.6313],[20.1588],[19.5125],[18.8237],[18.1475],[17.7087],[17.7337],[18.105],[18.4912],[18.9125],[19.9137],[21.6425],[23.2013],[23.325],[21.8263],[14.5375],[15.735],[16.6975],[17.365],[17.935],[18.57],[19.1938],[19.7388],[20.405],[21.4225],[22.5362],[23.1025],[22.8062],[22.0375],[21.3587],[20.8412],[20.225],[19.5662],[19.285],[19.535],[19.8563],[19.98],[20.3913],[21.7262],[23.605],[24.7175],[24.25],[17.2313],[18.5012],[19.365],[19.8013],[20.1025],[20.58],[21.195],[21.8025],[22.4662],[23.3675],[24.2488],[24.5],[23.8975],[23.0312],[22.59],[22.515],[22.2213],[21.52],[21.0287],[21.1875],[21.6087],[21.6825],[21.6138],[22.2275],[23.7025],[25.08],[25.3388],[19.6138],[20.7763],[21.5525],[21.9338],[22.21],[22.6763],[23.2612],[23.7425],[24.1125],[24.5688],[25.0063],[25.01],[24.4325],[23.8225],[23.7925],[24.2275],[24.3813],[23.9125],[23.4088],[23.5238],[24.0763],[24.3612],[24.1838],[24.1275],[24.5875],[25.135],[25.055],[21.0163],[21.9312],[22.5637],[22.9375],[23.245],[23.665],[24.1637],[24.495],[24.64],[24.7687],[24.9538],[25.0275],[24.8625],[24.73],[25.03],[25.6637],[26.0812],[25.9263],[25.5438],[25.5025],[25.9112],[26.3225],[26.375],[26.17],[25.8875],[25.3875],[24.4325]]},{"header":{"disciplineName":["Meteorological products"],"parameterCategory":[2],"parameterCategoryName":["u-component of wind"],"parameterNumberName":["u-component of wind"],"parameterNumber":[2],"parameterUnits":["m s-1"],"refTime":["2017-03-17T0000:00.000Z"],"numberPoints":[621],"nx":[27],"ny":[23],"lo1":[-20],"la1":[70],"lo2":[45],"la2":[45],"dx":[2.5],"dy":[2.5]},"data":[[1.5237],[2],[2.415],[2.76],[3.0387],[3.28],[3.4875],[3.7188],[3.945],[4.1838],[4.4062],[4.5975],[4.7213],[4.7825],[4.7737],[4.7137],[4.6438],[4.595],[4.5813],[4.635],[4.7438],[4.88],[5.0287],[5.1575],[5.2413],[5.275],[5.2663],[1.2587],[1.9525],[2.4762],[2.8475],[3.0962],[3.255],[3.4025],[3.5963],[3.865],[4.1825],[4.5237],[4.825],[5.0375],[5.1175],[5.065],[4.9088],[4.6962],[4.4975],[4.3825],[4.3688],[4.4612],[4.6463],[4.8837],[5.125],[5.3538],[5.5437],[5.7075],[1.525],[2.19],[2.6463],[2.91],[3.0312],[3.0925],[3.175],[3.3388],[3.62],[4.0087],[4.43],[4.8137],[5.0775],[5.1762],[5.0775],[4.8463],[4.5563],[4.2987],[4.1475],[4.15],[4.3012],[4.5763],[4.9175],[5.2812],[5.6275],[5.9587],[6.3],[2.4613],[2.8463],[3.0888],[3.1962],[3.225],[3.2175],[3.245],[3.3287],[3.5013],[3.7713],[4.0763],[4.37],[4.565],[4.6413],[4.5837],[4.4412],[4.3],[4.2225],[4.2762],[4.4587],[4.7587],[5.1275],[5.5037],[5.87],[6.2125],[6.5512],[6.9325],[3.7413],[3.7663],[3.7875],[3.815],[3.835],[3.8387],[3.8163],[3.7613],[3.7037],[3.67],[3.6737],[3.6975],[3.7387],[3.7862],[3.8288],[3.9262],[4.0963],[4.3612],[4.7225],[5.1438],[5.5487],[5.9175],[6.195],[6.4],[6.59],[6.8125],[7.1213],[4.9225],[4.6638],[4.5325],[4.5225],[4.56],[4.5475],[4.4538],[4.2575],[3.9737],[3.6813],[3.4275],[3.2425],[3.1437],[3.1575],[3.28],[3.5187],[3.8837],[4.3137],[4.7937],[5.2512],[5.6175],[5.8663],[5.9913],[6.0475],[6.115],[6.2663],[6.56],[5.935],[5.5125],[5.2475],[5.0925],[4.9837],[4.8263],[4.595],[4.2812],[3.9362],[3.6075],[3.325],[3.1225],[3.0162],[2.9962],[3.0625],[3.2025],[3.405],[3.6337],[3.8663],[4.0637],[4.24],[4.3637],[4.465],[4.55],[4.6975],[4.9288],[5.2875],[6.9212],[6.3787],[5.9012],[5.4637],[5.0475],[4.6175],[4.22],[3.855],[3.555],[3.3112],[3.1375],[2.995],[2.8988],[2.8475],[2.82],[2.77],[2.6562],[2.475],[2.26],[2.0875],[2.0225],[2.125],[2.35],[2.6662],[2.9825],[3.31],[3.6575],[7.6375],[6.9587],[6.2587],[5.5625],[4.9088],[4.3313],[3.835],[3.4537],[3.1325],[2.8312],[2.5438],[2.2987],[2.1463],[2.1037],[2.1388],[2.1237],[1.955],[1.605],[1.1387],[0.7288],[0.5475],[0.68],[1.0612],[1.5375],[1.945],[2.2062],[2.3212],[7.655],[6.8762],[6.09],[5.3688],[4.7263],[4.19],[3.7487],[3.33],[2.8537],[2.2775],[1.6562],[1.1237],[0.8475],[0.89],[1.1712],[1.4887],[1.6387],[1.5175],[1.2062],[0.875],[0.7725],[0.9563],[1.3787],[1.8475],[2.15],[2.2088],[2.065],[7.1525],[6.3837],[5.6537],[5.025],[4.4988],[4.0825],[3.7287],[3.3325],[2.7838],[2.0512],[1.265],[0.6087],[0.3],[0.4075],[0.8488],[1.4125],[1.8587],[2.1063],[2.1713],[2.1875],[2.3],[2.5512],[2.8888],[3.18],[3.3038],[3.2475],[3.0262],[6.7962],[6.1425],[5.495],[4.855],[4.3175],[3.9075],[3.6588],[3.4675],[3.2175],[2.855],[2.4212],[2.0512],[1.8787],[1.935],[2.1762],[2.5075],[2.8612],[3.2037],[3.5425],[3.8588],[4.1588],[4.3775],[4.5062],[4.5325],[4.5037],[4.4612],[4.4425],[6.77],[6.2688],[5.66],[4.965],[4.3425],[3.9887],[3.975],[4.25],[4.625],[4.9462],[5.1662],[5.2787],[5.2762],[5.1675],[4.9812],[4.825],[4.8112],[5],[5.3475],[5.6937],[5.895],[5.8738],[5.6562],[5.3513],[5.1638],[5.1875],[5.385],[6.4075],[6.0912],[5.6213],[5.0725],[4.6537],[4.6213],[5.0588],[5.8175],[6.6487],[7.3637],[7.88],[8.19],[8.2825],[8.1337],[7.8187],[7.5125],[7.4037],[7.52],[7.7213],[7.805],[7.645],[7.19],[6.5938],[6.025],[5.6875],[5.665],[5.8762],[5.2175],[5.1613],[5.055],[4.9675],[5.055],[5.5113],[6.2912],[7.18],[7.9012],[8.3562],[8.6263],[8.8325],[9.0262],[9.1575],[9.2225],[9.3462],[9.5725],[9.83],[9.9213],[9.7013],[9.1587],[8.42],[7.6675],[7.0512],[6.7],[6.6112],[6.6525],[3.6962],[3.975],[4.3513],[4.7913],[5.32],[5.9612],[6.6062],[7.1087],[7.33],[7.3238],[7.3637],[7.6188],[8.095],[8.665],[9.2262],[9.7638],[10.2638],[10.6012],[10.6275],[10.2975],[9.7125],[9.0525],[8.4675],[8.0625],[7.88],[7.8675],[7.8463],[2.7088],[3.3438],[4.1588],[4.9425],[5.5363],[5.8612],[5.96],[5.8913],[5.795],[5.8325],[6.1813],[6.8575],[7.6838],[8.3938],[8.8763],[9.1625],[9.3363],[9.405],[9.3438],[9.1375],[8.8588],[8.56],[8.2712],[8.1088],[8.1412],[8.39],[8.6425],[2.65],[3.5975],[4.67],[5.59],[6.0712],[6.01],[5.6312],[5.3075],[5.365],[5.8987],[6.8075],[7.795],[8.5575],[8.8225],[8.5962],[8.085],[7.5487],[7.1775],[7.0312],[7.05],[7.1537],[7.1688],[7.065],[6.9775],[7.15],[7.6588],[8.2963],[3.495],[4.5287],[5.5875],[6.4675],[6.915],[6.8275],[6.4763],[6.3362],[6.7112],[7.5],[8.3687],[8.9513],[9.0037],[8.5112],[7.6287],[6.6325],[5.7825],[5.2712],[5.1438],[5.3025],[5.5563],[5.6887],[5.6375],[5.58],[5.7962],[6.3575],[7.0637],[4.8438],[5.645],[6.2787],[6.8212],[7.24],[7.4175],[7.465],[7.6275],[8.0262],[8.405],[8.455],[8.01],[7.1737],[6.2188],[5.3738],[4.7575],[4.3812],[4.2038],[4.195],[4.3275],[4.5],[4.6188],[4.6363],[4.695],[4.93],[5.2575],[5.47],[5.6537],[5.99],[5.9037],[5.8337],[5.9975],[6.3025],[6.6388],[6.9113],[7.025],[6.7575],[5.965],[4.775],[3.5763],[2.7713],[2.5575],[2.8112],[3.2337],[3.55],[3.6737],[3.715],[3.76],[3.8363],[3.9362],[4.0662],[4.1988],[4.105],[3.5975],[4.2737],[4.2325],[3.6637],[3.1275],[2.9825],[3.19],[3.4787],[3.6425],[3.4987],[2.9825],[2.1188],[1.1213],[0.3263],[0.0637],[0.42],[1.235],[2.1063],[2.6925],[2.9313],[2.9987],[3.055],[3.1275],[3.115],[3.0013],[2.7738],[2.2762],[1.3175],[-0.025],[-0.135],[-0.53],[-0.89],[-0.9725],[-0.83],[-0.6887],[-0.72],[-0.9225],[-1.1888],[-1.415],[-1.5562],[-1.57],[-1.3663],[-0.8363],[-0.0425],[0.7538],[1.3238],[1.6437],[1.9312],[2.2438],[2.37],[2.0675],[1.4112],[0.6925],[-0.0025],[-0.8725]]},{"header":{"disciplineName":["Meteorological products"],"parameterCategory":[2],"parameterCategoryName":["v-component of wind"],"parameterNumberName":["v-component of wind"],"parameterNumber":[3],"parameterUnits":["m s-1"],"refTime":["2017-03-17T0000:00.000Z"],"numberPoints":[621],"nx":[27],"ny":[23],"lo1":[-20],"la1":[70],"lo2":[45],"la2":[45],"dx":[2.5],"dy":[2.5]},"data":[[0.43],[0.8787],[1.2975],[1.6537],[1.9125],[2.0363],[2.0387],[1.9212],[1.6912],[1.3875],[1.0225],[0.6263],[0.2312],[-0.1337],[-0.4425],[-0.7013],[-0.9038],[-1.0987],[-1.28],[-1.4913],[-1.75],[-2.0375],[-2.3625],[-2.6862],[-2.9637],[-3.1862],[-3.3275],[2.0675],[2.3825],[2.585],[2.6725],[2.675],[2.6037],[2.4738],[2.2963],[2.0538],[1.745],[1.3475],[0.9038],[0.4288],[-0.03],[-0.4262],[-0.735],[-0.9463],[-1.0788],[-1.1788],[-1.29],[-1.4425],[-1.6413],[-1.8975],[-2.1613],[-2.415],[-2.6225],[-2.7725],[3.6688],[3.67],[3.5025],[3.2675],[3.0287],[2.8288],[2.6737],[2.5375],[2.3675],[2.0988],[1.6862],[1.1337],[0.4988],[-0.1538],[-0.73],[-1.1413],[-1.3663],[-1.4212],[-1.3513],[-1.2438],[-1.1562],[-1.1287],[-1.165],[-1.2737],[-1.3975],[-1.5325],[-1.6925],[4.6262],[4.2913],[3.8463],[3.4088],[3.07],[2.8737],[2.7987],[2.7812],[2.7025],[2.4588],[2.0213],[1.3575],[0.555],[-0.2675],[-0.9725],[-1.44],[-1.6213],[-1.5525],[-1.2962],[-0.9613],[-0.6463],[-0.3925],[-0.24],[-0.155],[-0.165],[-0.2362],[-0.3963],[4.7975],[4.3275],[3.835],[3.4075],[3.1188],[2.9813],[2.9488],[2.9425],[2.8663],[2.6275],[2.1525],[1.47],[0.6562],[-0.1625],[-0.8125],[-1.185],[-1.26],[-1.075],[-0.725],[-0.325],[0.0387],[0.3225],[0.5213],[0.6687],[0.745],[0.74],[0.6025],[4.3663],[3.9913],[3.6513],[3.355],[3.1137],[2.9325],[2.7963],[2.6837],[2.5463],[2.3012],[1.9013],[1.34],[0.685],[0.0688],[-0.3838],[-0.5813],[-0.4988],[-0.24],[0.0962],[0.4187],[0.6538],[0.8163],[0.9413],[1.0725],[1.2113],[1.31],[1.2875],[3.5387],[3.365],[3.1737],[2.9388],[2.6625],[2.3438],[2.0738],[1.8837],[1.7575],[1.635],[1.4138],[1.0612],[0.61],[0.1975],[-0.0775],[-0.1262],[0.04],[0.3387],[0.6488],[0.8925],[1.055],[1.1513],[1.2575],[1.4125],[1.64],[1.8787],[2.0438],[2.5563],[2.4488],[2.2975],[2.0625],[1.7188],[1.35],[1.0913],[0.9988],[1.0425],[1.1213],[1.0838],[0.8713],[0.5412],[0.1863],[-0.0537],[-0.1038],[0.0425],[0.305],[0.64],[0.9538],[1.2375],[1.4975],[1.7437],[2],[2.2925],[2.6125],[2.8912],[1.525],[1.3388],[1.1638],[0.9563],[0.7063],[0.4987],[0.4075],[0.48],[0.665],[0.8388],[0.86],[0.7125],[0.435],[0.125],[-0.1137],[-0.2262],[-0.2225],[-0.0788],[0.2112],[0.6413],[1.1912],[1.7625],[2.2625],[2.62],[2.87],[3.075],[3.3138],[0.4325],[0.1612],[0.005],[-0.0587],[-0.0788],[-0.0725],[-0.0262],[0.0562],[0.1613],[0.215],[0.2212],[0.195],[0.1663],[0.1262],[0.065],[-0.0675],[-0.24],[-0.345],[-0.2275],[0.2362],[1.0175],[1.8987],[2.6312],[3.0213],[3.0825],[3.0213],[3.0338],[-0.695],[-0.9762],[-1.0275],[-0.9187],[-0.755],[-0.66],[-0.66],[-0.76],[-0.9075],[-0.9975],[-0.9275],[-0.6425],[-0.1975],[0.2662],[0.5138],[0.4525],[0.1125],[-0.2525],[-0.33],[0.0913],[0.9987],[2.0912],[2.95],[3.295],[3.1412],[2.7825],[2.545],[-1.59],[-1.8275],[-1.8288],[-1.665],[-1.49],[-1.4163],[-1.5],[-1.7262],[-1.9825],[-2.0863],[-1.8338],[-1.1788],[-0.2875],[0.5175],[0.9475],[0.8825],[0.4375],[-0.0262],[-0.1412],[0.335],[1.3275],[2.4875],[3.3463],[3.6],[3.3163],[2.8138],[2.4337],[-2.0463],[-2.2762],[-2.3275],[-2.2525],[-2.0875],[-1.9312],[-1.8738],[-1.965],[-2.12],[-2.1562],[-1.7988],[-1.0287],[-0.0637],[0.7175],[1.0237],[0.815],[0.3525],[-0.0087],[0.0538],[0.6625],[1.695],[2.7825],[3.5187],[3.7025],[3.4088],[2.9537],[2.6237],[-2.215],[-2.5175],[-2.6862],[-2.6288],[-2.3263],[-1.8112],[-1.3525],[-1.1425],[-1.2525],[-1.4188],[-1.2637],[-0.6463],[0.165],[0.7463],[0.8162],[0.465],[0.0088],[-0.195],[0.0312],[0.685],[1.605],[2.515],[3.125],[3.2825],[3.1125],[2.84],[2.625],[-2.4375],[-2.8225],[-2.9962],[-2.8288],[-2.1862],[-1.2012],[-0.3025],[0.0288],[-0.3137],[-0.9013],[-1.085],[-0.5925],[0.24],[0.8325],[0.845],[0.4375],[-0.04],[-0.265],[-0.1663],[0.2425],[0.9075],[1.6662],[2.2863],[2.605],[2.6488],[2.51],[2.29],[-2.655],[-2.9462],[-2.9913],[-2.64],[-1.79],[-0.5688],[0.4613],[0.67],[-0.035],[-0.97],[-1.255],[-0.5738],[0.555],[1.3425],[1.4],[0.9262],[0.3588],[-0.1012],[-0.365],[-0.4025],[-0.0638],[0.65],[1.5288],[2.22],[2.5225],[2.4162],[2.0187],[-2.3937],[-2.3537],[-2.2088],[-1.9025],[-1.2537],[-0.2875],[0.52],[0.5838],[-0.1388],[-0.9175],[-0.885],[0.1363],[1.4475],[2.1688],[2.0087],[1.3525],[0.67],[0.0725],[-0.52],[-0.9688],[-0.9263],[-0.1863],[1.04],[2.2113],[2.8637],[2.8075],[2.1475],[-1.4563],[-1.0125],[-0.76],[-0.775],[-0.735],[-0.4163],[0.045],[0.2188],[0.0187],[-0.1025],[0.4187],[1.5063],[2.4462],[2.565],[1.9075],[1.0525],[0.4238],[-0.0712],[-0.715],[-1.365],[-1.5163],[-0.7625],[0.71],[2.2762],[3.3038],[3.4562],[2.7675],[-0.1887],[0.445],[0.625],[0.255],[-0.3038],[-0.5662],[-0.3512],[0.125],[0.6387],[1.1888],[1.88],[2.5187],[2.6437],[2.0412],[1.0225],[0.1975],[-0.1912],[-0.4475],[-0.985],[-1.62],[-1.7638],[-0.96],[0.6188],[2.3512],[3.6237],[4.0813],[3.6087],[1.0712],[1.4763],[1.47],[0.9887],[0.3038],[-0.1388],[-0.0337],[0.5975],[1.43],[2.115],[2.4588],[2.3825],[1.8675],[1.0537],[0.2475],[-0.2325],[-0.43],[-0.6687],[-1.1812],[-1.6938],[-1.6087],[-0.6],[1.0188],[2.6537],[3.8287],[4.3525],[4.1025],[2.425],[2.2362],[1.9212],[1.61],[1.3],[1.0488],[1.0538],[1.4138],[1.9287],[2.185],[1.9538],[1.3887],[0.8313],[0.51],[0.3975],[0.3137],[0.0837],[-0.4263],[-1.105],[-1.53],[-1.1712],[0.0525],[1.66],[2.9825],[3.7188],[3.9262],[3.6237],[3.7587],[2.86],[2.1713],[2.0138],[2.1163],[2.0975],[1.8763],[1.7012],[1.605],[1.3625],[0.8375],[0.3063],[0.255],[0.7138],[1.2525],[1.3825],[0.9513],[0.1587],[-0.69],[-1.1475],[-0.8413],[0.2738],[1.6912],[2.6988],[3.0062],[2.7687],[2.1913],[4.3488],[2.9137],[1.8],[1.505],[1.7],[1.6825],[1.215],[0.6312],[0.2],[-0.1275],[-0.4475],[-0.5188],[0.0013],[0.9737],[1.7537],[1.845],[1.3225],[0.5713],[-0.19],[-0.8063],[-0.9675],[-0.3938],[0.69],[1.6225],[1.8587],[1.4075],[0.5775]]}]