html/data/WT_pct09_ind_wt_6_8.json
[{"header":{"disciplineName":["Meteorological products"],"parameterCategory":[0],"parameterCategoryName":["Temperature"],"parameterNumberName":["Temperature"],"parameterNumber":[0],"parameterUnits":["K"],"refTime":["2017-03-17T0000:00.000Z"],"numberPoints":[621],"nx":[27],"ny":[23],"lo1":[-20],"la1":[70],"lo2":[45],"la2":[45],"dx":[2.5],"dy":[2.5]},"data":[[-1.0151],[-1.0836],[-1.1372],[-1.1614],[-1.1789],[-1.1614],[-1.1057],[-1.0003],[-0.8359],[-0.6232],[-0.3507],[-0.0413],[0.2822],[0.6023],[0.8654],[1.0715],[1.197],[1.2292],[1.1829],[1.0809],[0.9339],[0.7621],[0.5997],[0.4513],[0.3245],[0.2178],[0.1171],[-0.5124],[-0.5211],[-0.5164],[-0.4923],[-0.4446],[-0.3621],[-0.2393],[-0.0634],[0.1721],[0.4775],[0.8164],[1.1963],[1.5762],[1.9258],[2.2138],[2.4238],[2.5393],[2.5587],[2.503],[2.4044],[2.2708],[2.1393],[2.0205],[1.9332],[1.8607],[1.807],[1.7493],[0.2755],[0.2795],[0.2936],[0.3305],[0.4037],[0.5225],[0.695],[0.9299],[1.2292],[1.5728],[1.9614],[2.3413],[2.703],[3.0285],[3.2802],[3.4614],[3.5607],[3.5997],[3.5836],[3.5628],[3.5446],[3.5419],[3.5581],[3.5782],[3.595],[3.5815],[3.5379],[1.1789],[1.1419],[1.1104],[1.1151],[1.1661],[1.3077],[1.5252],[1.8372],[2.2151],[2.6352],[3.0487],[3.446],[3.7983],[4.0903],[4.3044],[4.4601],[4.5614],[4.6326],[4.6856],[4.7742],[4.8956],[5.048],[5.2097],[5.3433],[5.4211],[5.4164],[5.352],[1.9151],[1.8601],[1.8091],[1.7842],[1.8319],[1.9856],[2.2574],[2.6326],[3.0789],[3.5426],[3.9977],[4.407],[4.7507],[5.0292],[5.2339],[5.3742],[5.4755],[5.5487],[5.6433],[5.7836],[5.9963],[6.2513],[6.5084],[6.7305],[6.8433],[6.8674],[6.8171],[2.597],[2.6037],[2.5977],[2.6064],[2.6674],[2.8238],[3.0876],[3.4507],[3.8748],[4.3205],[4.7305],[5.099],[5.4144],[5.6822],[5.8883],[6.0453],[6.1453],[6.2245],[6.3124],[6.4728],[6.7185],[7.0185],[7.3366],[7.6017],[7.7621],[7.8218],[7.8332],[3.5768],[3.6742],[3.7359],[3.7661],[3.8138],[3.9265],[4.1164],[4.3923],[4.7097],[5.054],[5.3795],[5.6862],[5.9768],[6.246],[6.4909],[6.6909],[6.8419],[6.9607],[7.0802],[7.2614],[7.5299],[7.8695],[8.2171],[8.4956],[8.6581],[8.7366],[8.7842],[4.9426],[5.0232],[5.05],[5.0433],[5.0359],[5.0862],[5.2017],[5.3923],[5.6419],[5.9466],[6.2654],[6.597],[6.9205],[7.2312],[7.5131],[7.7674],[7.9742],[8.1466],[8.3084],[8.5017],[8.7547],[9.0614],[9.3721],[9.6218],[9.7802],[9.8628],[9.9594],[6.3721],[6.3158],[6.2393],[6.1943],[6.1889],[6.2305],[6.3359],[6.5198],[6.7997],[7.1795],[7.6198],[8.0701],[8.4782],[8.801],[9.0554],[9.248],[9.4171],[9.5581],[9.6708],[9.756],[9.8567],[9.9876],[10.1621],[10.3628],[10.5708],[10.7896],[11.0641],[7.5762],[7.4185],[7.354],[7.4111],[7.5406],[7.695],[7.854],[8.0581],[8.3674],[8.8097],[9.352],[9.8916],[10.3164],[10.5554],[10.6332],[10.6346],[10.6487],[10.6829],[10.6681],[10.5681],[10.3916],[10.2487],[10.2614],[10.4648],[10.8245],[11.2883],[11.8292],[8.5473],[8.4802],[8.6218],[8.9473],[9.3279],[9.656],[9.8856],[10.0668],[10.2963],[10.646],[11.1097],[11.5742],[11.8869],[11.9607],[11.8319],[11.648],[11.5634],[11.5802],[11.5701],[11.3936],[11.0822],[10.8205],[10.8279],[11.1721],[11.7272],[12.299],[12.8265],[9.4352],[9.6131],[10.0191],[10.5748],[11.144],[11.6279],[11.9567],[12.1547],[12.2889],[12.4285],[12.6419],[12.8997],[13.0634],[13.0292],[12.8124],[12.6117],[12.603],[12.8017],[13.0305],[13.0688],[12.9164],[12.8487],[13.1594],[13.8601],[14.6534],[15.1453],[15.2104],[10.3513],[10.7171],[11.2084],[11.7815],[12.4023],[13.0433],[13.6265],[14.0466],[14.2218],[14.2164],[14.1641],[14.1963],[14.2661],[14.2466],[14.0862],[13.9352],[14.0178],[14.4138],[14.9111],[15.2386],[15.4017],[15.7211],[16.5379],[17.8057],[19.003],[19.5641],[19.301],[11.3037],[11.6755],[12.0668],[12.5554],[13.2634],[14.2339],[15.2903],[16.1252],[16.497],[16.4097],[16.146],[15.9842],[15.9916],[15.9923],[15.8279],[15.5782],[15.5178],[15.797],[16.2574],[16.644],[16.9628],[17.5775],[18.8581],[20.7077],[22.5017],[23.601],[23.8064],[12.1963],[12.5003],[12.8661],[13.4909],[14.5681],[16.0802],[17.6963],[18.9084],[19.3842],[19.1909],[18.7359],[18.3983],[18.293],[18.1842],[17.8346],[17.2809],[16.8218],[16.6896],[16.8151],[16.9909],[17.254],[17.9594],[19.4883],[21.7037],[23.9554],[25.6909],[26.8748],[12.9628],[13.346],[13.952],[15.0352],[16.7185],[18.7903],[20.746],[22.0091],[22.3648],[22.0386],[21.4963],[21.0909],[20.8292],[20.4849],[19.8493],[18.9977],[18.2124],[17.7211],[17.5185],[17.4782],[17.6849],[18.5057],[20.2138],[22.5413],[24.7648],[26.4493],[27.9191],[13.8721],[14.544],[15.554],[17.1077],[19.2117],[21.5044],[23.3856],[24.399],[24.5688],[24.2728],[23.9198],[23.6352],[23.2567],[22.6352],[21.7641],[20.8258],[20.0023],[19.4211],[19.0983],[19.0218],[19.3581],[20.454],[22.4554],[24.8755],[26.7742],[27.656],[28.1151],[15.5225],[16.5493],[17.8185],[19.4466],[21.4218],[23.4279],[24.9527],[25.7023],[25.8641],[25.8856],[25.9721],[25.9171],[25.4238],[24.5091],[23.4849],[22.6077],[21.9238],[21.3822],[21.0393],[21.0191],[21.5473],[22.8903],[25.1379],[27.7446],[29.5681],[29.8218],[28.9554],[18.107],[19.3956],[20.6238],[21.8587],[23.2359],[24.6715],[25.8446],[26.5245],[26.9003],[27.3205],[27.7977],[27.8742],[27.2111],[26.0211],[24.895],[24.0977],[23.4876],[22.9077],[22.5238],[22.5701],[23.1581],[24.4084],[26.4332],[28.9869],[31.1117],[31.6943],[30.6151],[20.9258],[22.2466],[23.2554],[23.9628],[24.6842],[25.6272],[26.6124],[27.3567],[27.9044],[28.5037],[29.0661],[29.103],[28.299],[27.0567],[26.0017],[25.3305],[24.7339],[24.0896],[23.7131],[23.8997],[24.5064],[25.2923],[26.4634],[28.3601],[30.5896],[32.044],[31.9628],[22.7795],[23.903],[24.6695],[25.0527],[25.401],[26.0634],[26.9299],[27.6426],[28.1379],[28.6124],[29.0493],[29.0742],[28.454],[27.5466],[26.8795],[26.4762],[25.9789],[25.3822],[25.1607],[25.5829],[26.2124],[26.5037],[26.7117],[27.5963],[29.3581],[31.1782],[32.0144],[23.0258],[23.807],[24.3634],[24.6339],[24.8923],[25.4104],[26.101],[26.6191],[26.8916],[27.1587],[27.5245],[27.7648],[27.6748],[27.4258],[27.2983],[27.2111],[26.9131],[26.4903],[26.4352],[26.8916],[27.3674],[27.3883],[27.2171],[27.6171],[28.8332],[30.1997],[30.8983],[22.0003],[22.4044],[22.7352],[22.9789],[23.2473],[23.6661],[24.1393],[24.4379],[24.556],[24.7205],[25.1191],[25.644],[26.1171],[26.4802],[26.7319],[26.7829],[26.597],[26.3802],[26.3641],[26.446],[26.3836],[26.2104],[26.4185],[27.3554],[28.6305],[29.4211],[29.2916]]},{"header":{"disciplineName":["Meteorological products"],"parameterCategory":[2],"parameterCategoryName":["u-component of wind"],"parameterNumberName":["u-component of wind"],"parameterNumber":[2],"parameterUnits":["m s-1"],"refTime":["2017-03-17T0000:00.000Z"],"numberPoints":[621],"nx":[27],"ny":[23],"lo1":[-20],"la1":[70],"lo2":[45],"la2":[45],"dx":[2.5],"dy":[2.5]},"data":[[0.7262],[0.8745],[1.0128],[1.1416],[1.2705],[1.4181],[1.6141],[1.8631],[2.1685],[2.5174],[2.8779],[3.2302],[3.5383],[3.7812],[3.9537],[4.0685],[4.1611],[4.2463],[4.3517],[4.4779],[4.6148],[4.7477],[4.8349],[4.8698],[4.8362],[4.749],[4.6383],[0.7],[1.0403],[1.3228],[1.5389],[1.7107],[1.8711],[2.0564],[2.3007],[2.6221],[2.9846],[3.3624],[3.7134],[3.9812],[4.1456],[4.2081],[4.2074],[4.1879],[4.2101],[4.3],[4.4638],[4.6799],[4.9007],[5.0758],[5.1705],[5.1685],[5.0852],[4.9638],[0.9738],[1.3879],[1.7302],[1.9946],[2.2027],[2.3826],[2.5752],[2.8221],[3.1235],[3.4758],[3.8208],[4.1114],[4.2872],[4.3443],[4.2819],[4.1523],[4.0342],[3.9792],[4.0268],[4.198],[4.4369],[4.6812],[4.8913],[5.0154],[5.0517],[5.0195],[4.9732],[1.6523],[1.949],[2.2262],[2.4805],[2.7047],[2.9054],[3.098],[3.3087],[3.5389],[3.7805],[3.994],[4.1544],[4.2309],[4.2128],[4.1289],[4.0161],[3.9383],[3.9282],[4],[4.1268],[4.2799],[4.4141],[4.4913],[4.5161],[4.5054],[4.5054],[4.5564],[2.8772],[2.9946],[3.1664],[3.3752],[3.5866],[3.7758],[3.9349],[4.0376],[4.1047],[4.1463],[4.1685],[4.1477],[4.1195],[4.0732],[4.0544],[4.0765],[4.1517],[4.2671],[4.3799],[4.4503],[4.4456],[4.3537],[4.2013],[4.0523],[3.9617],[3.9779],[4.1121],[4.5409],[4.5624],[4.6483],[4.7879],[4.9483],[5.0557],[5.1081],[5.0752],[4.9926],[4.8812],[4.7644],[4.6443],[4.5423],[4.4611],[4.4349],[4.4745],[4.5617],[4.6604],[4.7114],[4.6503],[4.4772],[4.2148],[3.9336],[3.7477],[3.6926],[3.8081],[4.0564],[6.3423],[6.3362],[6.3342],[6.3503],[6.357],[6.3128],[6.2154],[6.0631],[5.9047],[5.7839],[5.7047],[5.6443],[5.5557],[5.4268],[5.2497],[5.0537],[4.8564],[4.6577],[4.4477],[4.1872],[3.8906],[3.6128],[3.4262],[3.404],[3.5584],[3.8503],[4.2101],[7.957],[7.8483],[7.6826],[7.5067],[7.3161],[7.0966],[6.8436],[6.5919],[6.3758],[6.2611],[6.2523],[6.2906],[6.2671],[6.104],[5.7779],[5.3208],[4.8174],[4.3248],[3.8644],[3.4577],[3.1248],[2.9128],[2.8946],[3.0705],[3.4087],[3.806],[4.1745],[8.8973],[8.5463],[8.151],[7.8007],[7.5148],[7.2477],[6.953],[6.6007],[6.2369],[5.9295],[5.7477],[5.6698],[5.602],[5.4718],[5.1966],[4.8235],[4.406],[4.0013],[3.6255],[3.2913],[3.0047],[2.8436],[2.845],[3.0282],[3.3423],[3.6644],[3.9067],[8.596],[8.0221],[7.4852],[7.0725],[6.8289],[6.6913],[6.5282],[6.2215],[5.7342],[5.1356],[4.5718],[4.1403],[3.8819],[3.7617],[3.7154],[3.7282],[3.7597],[3.7819],[3.7477],[3.6148],[3.4128],[3.2195],[3.1148],[3.1544],[3.306],[3.4906],[3.651],[7.0859],[6.5255],[6.0141],[5.6342],[5.4644],[5.4987],[5.6275],[5.6416],[5.3557],[4.7893],[4.0718],[3.4195],[2.9738],[2.7946],[2.8396],[3.0423],[3.3054],[3.4993],[3.5624],[3.4591],[3.2517],[3.0383],[2.894],[2.851],[2.9161],[3.0698],[3.2886],[5.3168],[4.9946],[4.6409],[4.2758],[4.0893],[4.2228],[4.6597],[5.1805],[5.4966],[5.4631],[5.1255],[4.6664],[4.2503],[3.9758],[3.8255],[3.7208],[3.5799],[3.3215],[2.9416],[2.5322],[2.2174],[2.0718],[2.0658],[2.1067],[2.1732],[2.2987],[2.5604],[4.1591],[4.102],[3.9221],[3.6128],[3.4215],[3.6067],[4.2436],[5.1416],[5.9725],[6.5007],[6.7235],[6.7188],[6.5752],[6.3188],[5.9356],[5.3839],[4.6396],[3.7389],[2.7839],[2.0081],[1.6201],[1.6315],[1.851],[2.0242],[2.0215],[1.9188],[1.9309],[3.4617],[3.4772],[3.4691],[3.3946],[3.4228],[3.7705],[4.4557],[5.2785],[5.9953],[6.5047],[6.8664],[7.1517],[7.3383],[7.3188],[7.0423],[6.5195],[5.7758],[4.8409],[3.847],[3.0564],[2.706],[2.8403],[3.2228],[3.4725],[3.3752],[2.9859],[2.506],[2.5248],[2.5685],[2.7819],[3.1121],[3.5651],[4.1228],[4.6544],[4.9765],[5.0074],[4.9201],[4.9852],[5.2987],[5.7295],[6.0416],[6.1671],[6.1617],[6.0799],[5.8577],[5.4497],[4.9879],[4.7356],[4.843],[5.2208],[5.5765],[5.6591],[5.3148],[4.555],[1.5866],[1.8557],[2.3879],[3.0664],[3.7295],[4.2174],[4.3624],[4.0738],[3.4705],[2.9201],[2.7886],[3.1389],[3.7],[4.1483],[4.4383],[4.7638],[5.247],[5.7295],[5.9557],[5.8591],[5.6651],[5.6463],[5.9497],[6.4906],[7.0228],[7.1899],[6.6624],[1.7966],[2.5094],[3.2973],[3.9604],[4.2973],[4.2342],[3.8013],[3.1409],[2.4584],[2.0436],[2.1134],[2.5946],[3.096],[3.2906],[3.2087],[3.204],[3.5349],[4.098],[4.5691],[4.7664],[4.7826],[4.8403],[5.1195],[5.6745],[6.4221],[7.0309],[6.9879],[3.4577],[4.4208],[5.1289],[5.3477],[4.9577],[4.1336],[3.2362],[2.5792],[2.2564],[2.2678],[2.5302],[2.8899],[3.0611],[2.8107],[2.2134],[1.645],[1.4765],[1.7396],[2.2611],[2.8792],[3.4993],[4.0322],[4.3638],[4.5188],[4.7],[4.9906],[5.151],[4.9369],[5.5638],[5.7309],[5.3027],[4.3336],[3.1423],[2.2322],[1.8839],[1.951],[2.0799],[2.049],[1.8738],[1.596],[1.151],[0.5503],[-0.0101],[-0.253],[-0.0315],[0.6893],[1.8369],[3.2121],[4.3564],[4.7409],[4.2074],[3.2228],[2.5148],[2.4141],[3.9396],[3.8477],[3.3201],[2.498],[1.5275],[0.6456],[0.1973],[0.2738],[0.543],[0.4832],[-0.0698],[-0.7872],[-1.2718],[-1.4181],[-1.3839],[-1.2698],[-0.998],[-0.4423],[0.4785],[1.8],[3.3772],[4.6846],[5.0148],[4.0174],[2.2013],[0.647],[0.1597],[-0.1799],[-0.7309],[-1.5034],[-2.1564],[-2.5779],[-2.7738],[-2.6832],[-2.3268],[-1.9926],[-2.1074],[-2.7302],[-3.4067],[-3.5933],[-3.2027],[-2.4866],[-1.6946],[-0.8779],[-0.0517],[0.7497],[1.5597],[2.4483],[3.2315],[3.4168],[2.5933],[0.9872],[-0.5617],[-1.2242],[-5.8101],[-6.1899],[-6.5436],[-6.5463],[-6.2497],[-5.9289],[-5.7],[-5.4523],[-5.1577],[-5.0148],[-5.0691],[-5.053],[-4.6691],[-3.9221],[-3.0047],[-2.0477],[-1.0852],[-0.2584],[0.1725],[0.1826],[0.0651],[0.1188],[0.2664],[0.1356],[-0.4906],[-1.3651],[-1.9772],[-10.496],[-10.4456],[-10.194],[-9.5832],[-8.8275],[-8.3966],[-8.443],[-8.6248],[-8.5436],[-8.1342],[-7.5201],[-6.8013],[-5.9772],[-5.1456],[-4.3564],[-3.5141],[-2.5987],[-1.8503],[-1.6376],[-2.004],[-2.5221],[-2.6839],[-2.3443],[-1.7993],[-1.5094],[-1.6785],[-2.1383]]},{"header":{"disciplineName":["Meteorological products"],"parameterCategory":[2],"parameterCategoryName":["v-component of wind"],"parameterNumberName":["v-component of wind"],"parameterNumber":[3],"parameterUnits":["m s-1"],"refTime":["2017-03-17T0000:00.000Z"],"numberPoints":[621],"nx":[27],"ny":[23],"lo1":[-20],"la1":[70],"lo2":[45],"la2":[45],"dx":[2.5],"dy":[2.5]},"data":[[-1.2678],[-1.1436],[-0.9644],[-0.7389],[-0.4644],[-0.1503],[0.202],[0.5705],[0.9242],[1.2342],[1.4584],[1.6034],[1.6436],[1.598],[1.4846],[1.3174],[1.1221],[0.896],[0.6403],[0.3544],[0.0403],[-0.3027],[-0.6409],[-0.957],[-1.2107],[-1.3993],[-1.4886],[-0.4423],[-0.3054],[-0.1705],[-0.0121],[0.1926],[0.4664],[0.806],[1.194],[1.5745],[1.9034],[2.1094],[2.1792],[2.1188],[1.9523],[1.7174],[1.4638],[1.2114],[0.9832],[0.749],[0.4919],[0.1966],[-0.1523],[-0.5302],[-0.8953],[-1.2047],[-1.4215],[-1.5128],[0.5],[0.551],[0.5711],[0.6094],[0.7067],[0.9054],[1.2148],[1.5906],[1.9678],[2.2584],[2.4013],[2.3597],[2.1557],[1.8336],[1.4819],[1.1644],[0.9248],[0.7564],[0.6322],[0.5007],[0.3128],[0.053],[-0.2866],[-0.6497],[-0.9772],[-1.2141],[-1.3255],[1.1148],[1.1007],[1.0718],[1.053],[1.1154],[1.2913],[1.5745],[1.9201],[2.247],[2.4678],[2.5181],[2.3772],[2.0826],[1.7007],[1.3255],[1.0114],[0.8074],[0.7007],[0.653],[0.5953],[0.4832],[0.2826],[0.0034],[-0.3201],[-0.6107],[-0.8255],[-0.9302],[1.4034],[1.4174],[1.4295],[1.4611],[1.5456],[1.7087],[1.9336],[2.1819],[2.3852],[2.4899],[2.453],[2.2819],[2.0248],[1.7322],[1.4651],[1.2638],[1.1101],[0.998],[0.8832],[0.7336],[0.543],[0.2953],[0.0242],[-0.2443],[-0.4638],[-0.5993],[-0.6228],[1.6282],[1.7007],[1.7557],[1.8007],[1.8624],[1.9383],[2.0396],[2.1289],[2.1832],[2.1678],[2.0745],[1.9295],[1.7805],[1.6537],[1.5577],[1.4758],[1.3651],[1.1879],[0.9376],[0.6322],[0.3148],[0.0201],[-0.2282],[-0.4074],[-0.506],[-0.5054],[-0.398],[1.8282],[1.8503],[1.8255],[1.7839],[1.7396],[1.7201],[1.7268],[1.7443],[1.7591],[1.7248],[1.6477],[1.5309],[1.4074],[1.3141],[1.2362],[1.1577],[1.0141],[0.7852],[0.4799],[0.1725],[-0.0866],[-0.2564],[-0.3268],[-0.3268],[-0.2517],[-0.1201],[0.0993],[1.7718],[1.6121],[1.4389],[1.302],[1.2295],[1.2141],[1.2591],[1.3497],[1.4725],[1.5597],[1.5624],[1.4503],[1.2356],[0.9523],[0.6584],[0.3899],[0.1201],[-0.1168],[-0.3228],[-0.4436],[-0.4309],[-0.2765],[-0.0409],[0.206],[0.4289],[0.6302],[0.8718],[1.2671],[0.9195],[0.7027],[0.6477],[0.7201],[0.8356],[0.9523],[1.0906],[1.2611],[1.4477],[1.555],[1.4879],[1.1966],[0.7383],[0.2148],[-0.2523],[-0.6134],[-0.8477],[-0.9463],[-0.8779],[-0.6315],[-0.2168],[0.2745],[0.7107],[1.0302],[1.2255],[1.3711],[0.4302],[-0.0148],[-0.104],[0.1161],[0.4691],[0.7195],[0.7664],[0.6919],[0.6544],[0.7342],[0.8906],[0.9664],[0.8416],[0.4973],[0.055],[-0.3631],[-0.6792],[-0.8966],[-1.0027],[-0.9758],[-0.7584],[-0.3376],[0.2168],[0.7658],[1.1799],[1.3993],[1.4497],[-0.453],[-0.8624],[-0.7893],[-0.2826],[0.3322],[0.6866],[0.5893],[0.1617],[-0.2872],[-0.496],[-0.3899],[-0.1282],[0.0725],[0.1128],[0.0121],[-0.1409],[-0.3195],[-0.5248],[-0.7443],[-0.9107],[-0.8946],[-0.6087],[-0.0765],[0.5913],[1.206],[1.6235],[1.7523],[-1.0604],[-1.4154],[-1.2805],[-0.6685],[0.1289],[0.6732],[0.6483],[0.0926],[-0.6416],[-1.1456],[-1.2262],[-0.9497],[-0.5705],[-0.2839],[-0.1765],[-0.2262],[-0.402],[-0.6651],[-0.9477],[-1.1389],[-1.1329],[-0.8349],[-0.2544],[0.5564],[1.4329],[2.1866],[2.6322],[-1.3168],[-1.6201],[-1.5805],[-1.004],[-0.0329],[0.8946],[1.2826],[0.9544],[0.1805],[-0.5604],[-0.9228],[-0.8819],[-0.6718],[-0.551],[-0.6738],[-1.0349],[-1.5154],[-1.9228],[-2.0953],[-1.9597],[-1.553],[-0.9738],[-0.2738],[0.5517],[1.4859],[2.4523],[3.2557],[-1.4409],[-1.6698],[-1.6812],[-1.0966],[0.1188],[1.4933],[2.3349],[2.2584],[1.451],[0.4893],[-0.147],[-0.3691],[-0.4322],[-0.6738],[-1.2846],[-2.2168],[-3.1765],[-3.7913],[-3.7678],[-3.096],[-2.0537],[-1.0168],[-0.2074],[0.406],[1.0094],[1.7336],[2.545],[-1.6584],[-1.7148],[-1.5671],[-0.7899],[0.6779],[2.2758],[3.1738],[2.9624],[1.9376],[0.8107],[0.1383],[-0.057],[-0.1584],[-0.5852],[-1.5416],[-2.8919],[-4.2523],[-5.0839],[-4.9933],[-3.9852],[-2.4389],[-0.9423],[0.0893],[0.5477],[0.5906],[0.5336],[0.704],[-1.8087],[-1.5664],[-1.0879],[-0.0597],[1.4597],[2.845],[3.3188],[2.651],[1.3899],[0.3664],[0.0289],[0.151],[0.1879],[-0.2691],[-1.3107],[-2.7497],[-4.2262],[-5.243],[-5.3644],[-4.4463],[-2.7705],[-0.8631],[0.6973],[1.4275],[1.1228],[0.0322],[-1.0436],[-1.3966],[-0.8409],[-0.1349],[0.8785],[2.0678],[2.8886],[2.7725],[1.7792],[0.6295],[0.0893],[0.2638],[0.6161],[0.5477],[-0.1195],[-1.2107],[-2.5154],[-3.8436],[-4.9329],[-5.3671],[-4.8302],[-3.2846],[-1.0416],[1.2389],[2.6503],[2.3725],[0.3993],[-2.057],[-0.2805],[0.4034],[0.9765],[1.5611],[2.1215],[2.3081],[1.851],[0.9725],[0.3678],[0.4624],[0.9718],[1.1349],[0.5181],[-0.6376],[-1.8664],[-2.9483],[-3.9826],[-4.9295],[-5.449],[-5.0987],[-3.6597],[-1.2745],[1.4081],[3.2765],[3.1208],[0.6765],[-2.6792],[0.957],[1.4054],[1.5389],[1.5342],[1.551],[1.4362],[1.0483],[0.5913],[0.557],[1.0463],[1.5034],[1.1993],[-0.0141],[-1.5671],[-2.8275],[-3.6899],[-4.4174],[-5.0376],[-5.206],[-4.5349],[-2.9711],[-0.8074],[1.4483],[2.9255],[2.6262],[0.2128],[-3.1503],[1.5201],[1.4423],[1.1027],[0.8114],[0.7631],[0.8174],[0.7584],[0.6705],[0.8389],[1.2678],[1.4356],[0.8349],[-0.4852],[-1.9188],[-2.9638],[-3.6517],[-4.202],[-4.4819],[-4.0503],[-2.7611],[-1.0248],[0.5396],[1.5745],[1.9081],[1.2436],[-0.6188],[-3.1349],[1.2376],[0.6181],[0.0436],[-0.1369],[0.1718],[0.6369],[0.8913],[0.8866],[0.8718],[0.947],[0.8819],[0.3711],[-0.4973],[-1.3745],[-2.047],[-2.6295],[-3.1537],[-3.2362],[-2.4047],[-0.7745],[0.8141],[1.4953],[1.1523],[0.3336],[-0.5034],[-1.4376],[-2.6738],[0.5805],[-0.3067],[-0.9161],[-0.8913],[-0.3174],[0.3604],[0.6879],[0.5792],[0.3074],[0.0993],[-0.0396],[-0.2436],[-0.5423],[-0.8792],[-1.2738],[-1.7926],[-2.2738],[-2.2785],[-1.4906],[-0.1819],[0.7678],[0.6248],[-0.5302],[-1.8329],[-2.4644],[-2.4631],[-2.5966],[0.0369],[-0.8],[-1.4034],[-1.4933],[-1.1282],[-0.6651],[-0.4671],[-0.5906],[-0.8752],[-1.1188],[-1.2564],[-1.3081],[-1.3369],[-1.4577],[-1.7537],[-2.1745],[-2.502],[-2.4564],[-1.9819],[-1.3691],[-1.1275],[-1.6409],[-2.7517],[-3.8161],[-4.1591],[-3.7698],[-3.4114]]}]