html/data/WT_pct09_ind_wt_4_2.json
[{"header":{"disciplineName":["Meteorological products"],"parameterCategory":[0],"parameterCategoryName":["Temperature"],"parameterNumberName":["Temperature"],"parameterNumber":[0],"parameterUnits":["K"],"refTime":["2017-03-17T0000:00.000Z"],"numberPoints":[621],"nx":[27],"ny":[23],"lo1":[-20],"la1":[70],"lo2":[45],"la2":[45],"dx":[2.5],"dy":[2.5]},"data":[[-11.8185],[-11.2491],[-10.6741],[-10.1167],[-9.5898],[-9.1296],[-8.7361],[-8.4157],[-8.1556],[-7.9574],[-7.788],[-7.6491],[-7.5278],[-7.437],[-7.3806],[-7.3657],[-7.4333],[-7.5583],[-7.7667],[-8.0296],[-8.3398],[-8.6852],[-9.0231],[-9.3648],[-9.6954],[-10.0306],[-10.3704],[-9.1944],[-8.8398],[-8.4806],[-8.1343],[-7.8102],[-7.5102],[-7.2472],[-7.0278],[-6.8407],[-6.6778],[-6.5296],[-6.3898],[-6.2639],[-6.1546],[-6.0972],[-6.0954],[-6.1833],[-6.3546],[-6.6037],[-6.9259],[-7.2648],[-7.5935],[-7.888],[-8.1306],[-8.325],[-8.5185],[-8.7204],[-6.7278],[-6.6083],[-6.4731],[-6.3213],[-6.1509],[-5.9713],[-5.7926],[-5.6278],[-5.4694],[-5.3278],[-5.1907],[-5.0657],[-4.9565],[-4.8676],[-4.8269],[-4.8463],[-4.9528],[-5.1435],[-5.4056],[-5.7278],[-6.037],[-6.3065],[-6.4963],[-6.6056],[-6.6602],[-6.7037],[-6.7898],[-4.9185],[-4.8602],[-4.7741],[-4.6648],[-4.5509],[-4.4213],[-4.2796],[-4.1407],[-4.0102],[-3.8944],[-3.7991],[-3.7287],[-3.6796],[-3.6444],[-3.6306],[-3.6546],[-3.7444],[-3.8926],[-4.1074],[-4.3454],[-4.575],[-4.7343],[-4.8139],[-4.8222],[-4.787],[-4.7676],[-4.8269],[-3.6852],[-3.4611],[-3.2444],[-3.0639],[-2.9324],[-2.8435],[-2.7667],[-2.6731],[-2.5861],[-2.5157],[-2.4889],[-2.4907],[-2.5306],[-2.5556],[-2.5796],[-2.6019],[-2.6426],[-2.7185],[-2.8583],[-3.0028],[-3.1333],[-3.2019],[-3.2009],[-3.1519],[-3.1074],[-3.1111],[-3.2037],[-2.4639],[-2.038],[-1.687],[-1.4731],[-1.4102],[-1.4204],[-1.4509],[-1.4435],[-1.3991],[-1.3611],[-1.3722],[-1.4491],[-1.5565],[-1.6574],[-1.7093],[-1.7213],[-1.7185],[-1.7639],[-1.8417],[-1.9463],[-2.0222],[-2.0287],[-1.9731],[-1.9065],[-1.8722],[-1.9231],[-2.0481],[-0.9102],[-0.4935],[-0.2065],[-0.1194],[-0.2167],[-0.4019],[-0.55],[-0.5852],[-0.5435],[-0.487],[-0.5],[-0.612],[-0.7787],[-0.9306],[-0.9944],[-0.9889],[-0.9593],[-0.9722],[-1.0472],[-1.1324],[-1.1639],[-1.1074],[-0.9852],[-0.8806],[-0.8676],[-0.963],[-1.112],[0.6833],[0.8481],[0.8889],[0.775],[0.5222],[0.2361],[0.0556],[0.0296],[0.1287],[0.2472],[0.2722],[0.1667],[-0.0148],[-0.1685],[-0.2213],[-0.1824],[-0.1213],[-0.1278],[-0.1963],[-0.2565],[-0.2176],[-0.0472],[0.1833],[0.3407],[0.3519],[0.2231],[0.0556],[1.8685],[1.7435],[1.5769],[1.3704],[1.1093],[0.8731],[0.7389],[0.7611],[0.9176],[1.1046],[1.2074],[1.1639],[1.0361],[0.9176],[0.8824],[0.9324],[0.975],[0.9426],[0.8593],[0.8361],[0.9778],[1.2778],[1.6287],[1.8528],[1.8833],[1.7769],[1.6565],[2.6565],[2.3769],[2.1991],[2.0787],[1.9759],[1.8639],[1.7898],[1.8148],[1.962],[2.1824],[2.3787],[2.463],[2.4176],[2.3315],[2.2611],[2.2296],[2.1796],[2.088],[2.0056],[2.0324],[2.2898],[2.7102],[3.15],[3.4019],[3.4546],[3.4019],[3.4269],[3.3528],[3.112],[3.0398],[3.0852],[3.1389],[3.1287],[3.0472],[3.012],[3.1148],[3.3463],[3.6148],[3.7898],[3.8028],[3.675],[3.4852],[3.3222],[3.1796],[3.0963],[3.1083],[3.3139],[3.7426],[4.2917],[4.7472],[4.95],[4.9361],[4.8852],[5.0148],[4.1519],[4.0102],[4.013],[4.112],[4.2065],[4.2157],[4.163],[4.1333],[4.2528],[4.5028],[4.8056],[4.9907],[4.9611],[4.7269],[4.4083],[4.138],[4.0176],[4.0843],[4.362],[4.8574],[5.5241],[6.2185],[6.6981],[6.8259],[6.6685],[6.5102],[6.5787],[5.0046],[4.9296],[4.8991],[4.9056],[4.9528],[5.0444],[5.1787],[5.3815],[5.6519],[5.9528],[6.1944],[6.2787],[6.1463],[5.8241],[5.4574],[5.2],[5.1861],[5.4352],[5.9157],[6.5972],[7.4231],[8.2361],[8.825],[9.0185],[8.8759],[8.6824],[8.7],[5.8833],[5.8194],[5.6917],[5.6241],[5.7472],[6.1352],[6.7111],[7.3083],[7.775],[8.0315],[8.0917],[7.9981],[7.7713],[7.4583],[7.1472],[6.9417],[6.9565],[7.187],[7.5861],[8.1259],[8.8278],[9.6796],[10.5009],[11.0463],[11.2296],[11.2787],[11.5269],[6.8157],[6.7167],[6.6046],[6.6917],[7.1861],[8.1139],[9.2194],[10.1352],[10.6194],[10.6435],[10.4083],[10.1176],[9.8667],[9.6222],[9.3806],[9.1769],[9.0704],[9.0759],[9.1352],[9.2769],[9.6657],[10.4954],[11.6593],[12.7278],[13.3926],[13.7676],[14.3398],[7.7213],[7.6611],[7.7611],[8.2787],[9.3639],[10.837],[12.2815],[13.2333],[13.4954],[13.2398],[12.7815],[12.4157],[12.187],[11.9926],[11.7426],[11.4509],[11.2009],[11.0093],[10.8352],[10.6991],[10.8815],[11.7111],[13.1787],[14.7398],[15.687],[15.9713],[16.3296],[8.5889],[8.7176],[9.1991],[10.2093],[11.7343],[13.462],[14.8926],[15.638],[15.7148],[15.4204],[15.1148],[14.9213],[14.7722],[14.5269],[14.1694],[13.7556],[13.4056],[13.1991],[13.0824],[13.0167],[13.1954],[14.038],[15.6731],[17.5056],[18.5148],[18.3194],[17.7444],[9.6269],[10.1639],[11.0241],[12.2519],[13.788],[15.3361],[16.4917],[17.0694],[17.25],[17.3944],[17.6194],[17.8083],[17.7176],[17.3417],[16.8241],[16.2935],[15.8667],[15.637],[15.6074],[15.7148],[15.9556],[16.6852],[18.2213],[20.1602],[21.3787],[21.0185],[19.5907],[11.3009],[12.3083],[13.3852],[14.4843],[15.6213],[16.7296],[17.6139],[18.2046],[18.7481],[19.4852],[20.3065],[20.7685],[20.612],[20.0491],[19.4556],[18.9167],[18.3704],[17.888],[17.688],[17.7741],[17.9769],[18.4],[19.5157],[21.3787],[23.1037],[23.4398],[22.1926],[13.8019],[15.1259],[16.2287],[17.0185],[17.7028],[18.4417],[19.2019],[19.8926],[20.6731],[21.6981],[22.6778],[23.0546],[22.6611],[21.9639],[21.487],[21.1593],[20.5769],[19.7491],[19.188],[19.1648],[19.3676],[19.5],[19.988],[21.4065],[23.413],[24.7537],[24.5667],[16.7759],[18.1491],[19.1315],[19.6722],[20.1056],[20.7222],[21.4611],[22.1398],[22.7944],[23.5806],[24.2685],[24.3435],[23.7139],[23.0046],[22.813],[22.9083],[22.5537],[21.6296],[20.8769],[20.887],[21.3102],[21.4667],[21.4296],[22.0093],[23.4944],[25.0185],[25.5287],[19.45],[20.6065],[21.3926],[21.8333],[22.2157],[22.8222],[23.5148],[24.0231],[24.3537],[24.7269],[25.075],[25],[24.4315],[23.9148],[24.0028],[24.4519],[24.4694],[23.8019],[23.1639],[23.3046],[24.0093],[24.4324],[24.262],[24.1083],[24.4944],[25.1083],[25.1917],[21.0278],[21.863],[22.4537],[22.8241],[23.1759],[23.6954],[24.2611],[24.6296],[24.7713],[24.938],[25.212],[25.3519],[25.1981],[25.0333],[25.2343],[25.7241],[25.9769],[25.6991],[25.2833],[25.3472],[25.9222],[26.4667],[26.5491],[26.313],[26.0139],[25.5694],[24.6731]]},{"header":{"disciplineName":["Meteorological products"],"parameterCategory":[2],"parameterCategoryName":["u-component of wind"],"parameterNumberName":["u-component of wind"],"parameterNumber":[2],"parameterUnits":["m s-1"],"refTime":["2017-03-17T0000:00.000Z"],"numberPoints":[621],"nx":[27],"ny":[23],"lo1":[-20],"la1":[70],"lo2":[45],"la2":[45],"dx":[2.5],"dy":[2.5]},"data":[[3.2333],[3.4398],[3.5565],[3.5898],[3.5722],[3.5278],[3.5148],[3.5611],[3.675],[3.875],[4.1269],[4.3981],[4.6593],[4.8741],[5.025],[5.1241],[5.1593],[5.175],[5.1769],[5.1815],[5.1861],[5.187],[5.1546],[5.0944],[4.9843],[4.837],[4.6713],[3.9343],[4.4056],[4.7157],[4.8704],[4.8806],[4.8259],[4.7713],[4.7639],[4.8519],[5.0398],[5.3019],[5.5898],[5.8343],[5.9926],[6.0472],[5.9917],[5.8574],[5.7065],[5.5704],[5.4907],[5.4769],[5.5222],[5.5861],[5.6491],[5.6843],[5.6889],[5.6667],[4.8296],[5.3917],[5.7861],[6.0167],[6.0852],[6.05],[5.9833],[5.9361],[5.9546],[6.0417],[6.1796],[6.3093],[6.3676],[6.3185],[6.1509],[5.8833],[5.575],[5.3065],[5.1241],[5.0833],[5.175],[5.388],[5.6815],[5.9963],[6.2954],[6.5565],[6.7556],[5.9009],[6.2546],[6.5056],[6.6463],[6.6713],[6.6194],[6.5056],[6.3787],[6.2704],[6.187],[6.0944],[5.9843],[5.8148],[5.5713],[5.2852],[4.9954],[4.7556],[4.6269],[4.6324],[4.7796],[5.0574],[5.4278],[5.8407],[6.262],[6.6546],[7.0019],[7.3],[6.9167],[6.8556],[6.7685],[6.6398],[6.4778],[6.2824],[6.0685],[5.8472],[5.6435],[5.4556],[5.2556],[5.0278],[4.7815],[4.5259],[4.3389],[4.2472],[4.2981],[4.4843],[4.7796],[5.1306],[5.4898],[5.8176],[6.1056],[6.3528],[6.5741],[6.8],[7.0167],[7.575],[7.1537],[6.7185],[6.2741],[5.8417],[5.4306],[5.0806],[4.8333],[4.6954],[4.6278],[4.5815],[4.5019],[4.3787],[4.2472],[4.1611],[4.2037],[4.375],[4.6731],[5.0139],[5.35],[5.6102],[5.7778],[5.8843],[5.9426],[6.0204],[6.1463],[6.3389],[7.6907],[7.1222],[6.5278],[5.8889],[5.2704],[4.7],[4.287],[4.0917],[4.1361],[4.3537],[4.6333],[4.8463],[4.9056],[4.8343],[4.6843],[4.5278],[4.4361],[4.4],[4.4222],[4.4833],[4.5667],[4.6806],[4.8324],[5.0167],[5.2269],[5.4769],[5.7741],[7.1685],[6.6009],[6.0315],[5.4713],[4.912],[4.4139],[4.0574],[3.9435],[4.0944],[4.4454],[4.8602],[5.1861],[5.3139],[5.2241],[4.9352],[4.5343],[4.0741],[3.6269],[3.2565],[3.0389],[3.0352],[3.2611],[3.6574],[4.1417],[4.612],[5.013],[5.3324],[6.0704],[5.4944],[5.0824],[4.8037],[4.587],[4.3963],[4.2361],[4.15],[4.1639],[4.262],[4.3778],[4.4583],[4.4565],[4.362],[4.163],[3.8685],[3.4861],[3.0639],[2.6731],[2.4565],[2.5074],[2.8537],[3.3935],[3.9648],[4.4065],[4.6435],[4.712],[4.8917],[4.2972],[4.025],[4.0241],[4.1657],[4.3148],[4.3843],[4.3213],[4.1093],[3.7843],[3.4009],[3.0417],[2.7991],[2.7194],[2.7898],[2.9333],[3.05],[3.0944],[3.0898],[3.1361],[3.325],[3.6694],[4.0574],[4.3574],[4.438],[4.2806],[3.9972],[4.3417],[3.8111],[3.5935],[3.6204],[3.8269],[4.0935],[4.3148],[4.3824],[4.2296],[3.8278],[3.2694],[2.6944],[2.2778],[2.1269],[2.2556],[2.5944],[3.0157],[3.4213],[3.7731],[4.0528],[4.2991],[4.5056],[4.6093],[4.5602],[4.3296],[3.9713],[3.6102],[4.5861],[4.2778],[4.0611],[3.9157],[3.8759],[4.0269],[4.3528],[4.738],[5.0074],[5.0454],[4.8361],[4.4796],[4.0722],[3.7491],[3.5741],[3.5676],[3.7176],[3.975],[4.2583],[4.4722],[4.5657],[4.525],[4.3685],[4.163],[3.9704],[3.8315],[3.7741],[5.0148],[5.0065],[4.8824],[4.6546],[4.5009],[4.638],[5.1056],[5.7778],[6.4269],[6.8935],[7.1213],[7.1278],[6.9333],[6.575],[6.1231],[5.6778],[5.3639],[5.2046],[5.1435],[5.0231],[4.7657],[4.3694],[3.9907],[3.7667],[3.788],[4.0083],[4.3056],[4.9787],[5.2185],[5.3435],[5.3824],[5.5231],[5.9269],[6.5463],[7.1954],[7.6898],[7.9741],[8.163],[8.35],[8.4787],[8.4685],[8.2611],[7.9139],[7.5472],[7.2389],[6.9343],[6.4861],[5.8528],[5.1306],[4.5454],[4.3056],[4.438],[4.8037],[5.1528],[4.5074],[4.8833],[5.2907],[5.7519],[6.3491],[7.0435],[7.6361],[7.887],[7.7426],[7.4204],[7.2676],[7.4917],[8.0352],[8.6556],[9.1204],[9.3296],[9.3361],[9.1648],[8.8028],[8.2185],[7.4444],[6.638],[6.05],[5.8472],[6],[6.2648],[6.3907],[3.9898],[4.4491],[5.0315],[5.7176],[6.4481],[7.0454],[7.2954],[7.0759],[6.5019],[5.9444],[5.8056],[6.2676],[7.213],[8.2963],[9.2046],[9.763],[9.9324],[9.7704],[9.3546],[8.7676],[8.1324],[7.5926],[7.2824],[7.2648],[7.4806],[7.6972],[7.6935],[3.5111],[4.1417],[4.8685],[5.5556],[6.0398],[6.2028],[6.0157],[5.6278],[5.2944],[5.2444],[5.6593],[6.4954],[7.5472],[8.5019],[9.1611],[9.4046],[9.2648],[8.8398],[8.2648],[7.7222],[7.338],[7.1722],[7.1981],[7.3769],[7.6991],[8.0417],[8.2352],[3.1565],[4.1037],[5.0556],[5.7889],[6.063],[5.8926],[5.5426],[5.3685],[5.5926],[6.188],[6.9778],[7.7565],[8.3463],[8.6306],[8.5972],[8.3019],[7.8148],[7.213],[6.6111],[6.1583],[5.9741],[6.0019],[6.1241],[6.3028],[6.6148],[7.0981],[7.6278],[3.5565],[4.7241],[5.8157],[6.5944],[6.8731],[6.7463],[6.5713],[6.6731],[7.1083],[7.6565],[8.0241],[8.0694],[7.8213],[7.3769],[6.8843],[6.4556],[6.0963],[5.7731],[5.4481],[5.2111],[5.1463],[5.1981],[5.2593],[5.2954],[5.4565],[5.8444],[6.3667],[4.9769],[5.9981],[6.7741],[7.2481],[7.4028],[7.3972],[7.4074],[7.5667],[7.7157],[7.6],[7.0981],[6.3111],[5.4778],[4.7944],[4.3898],[4.2991],[4.4472],[4.6509],[4.762],[4.8083],[4.8954],[5.0213],[5.1083],[5.0944],[5.0713],[5.0889],[5.0593],[6.125],[6.6741],[6.6991],[6.4296],[6.1296],[5.9574],[5.9481],[5.9315],[5.7074],[5.1074],[4.2074],[3.2731],[2.5491],[2.1759],[2.1444],[2.4463],[2.9694],[3.5148],[3.9231],[4.2065],[4.488],[4.787],[4.9657],[4.9657],[4.7676],[4.3324],[3.562],[4.7639],[4.8972],[4.3602],[3.5139],[2.7907],[2.3843],[2.1972],[2.0204],[1.6981],[1.2287],[0.7296],[0.3528],[0.2009],[0.2593],[0.5194],[0.9731],[1.5704],[2.163],[2.6444],[3.0796],[3.5287],[3.8843],[3.9583],[3.7259],[3.2741],[2.5556],[1.4241],[0.162],[0.2204],[-0.1759],[-0.8157],[-1.3565],[-1.6741],[-1.8824],[-2.1046],[-2.2935],[-2.3315],[-2.1889],[-1.95],[-1.6852],[-1.4176],[-1.05],[-0.5315],[0.0481],[0.5787],[1.0685],[1.6019],[2.1481],[2.3954],[2.0861],[1.3574],[0.5898],[-0.1009],[-0.9306]]},{"header":{"disciplineName":["Meteorological products"],"parameterCategory":[2],"parameterCategoryName":["v-component of wind"],"parameterNumberName":["v-component of wind"],"parameterNumber":[3],"parameterUnits":["m s-1"],"refTime":["2017-03-17T0000:00.000Z"],"numberPoints":[621],"nx":[27],"ny":[23],"lo1":[-20],"la1":[70],"lo2":[45],"la2":[45],"dx":[2.5],"dy":[2.5]},"data":[[-1.7778],[-1.4963],[-1.1157],[-0.6722],[-0.2139],[0.2435],[0.6556],[1.0037],[1.2898],[1.4731],[1.5833],[1.6056],[1.5657],[1.4796],[1.3546],[1.2222],[1.0722],[0.8954],[0.6815],[0.4241],[0.1056],[-0.2565],[-0.6389],[-1.0111],[-1.3315],[-1.5769],[-1.7259],[-0.538],[-0.4676],[-0.3417],[-0.1694],[0.0667],[0.3685],[0.713],[1.0907],[1.4528],[1.762],[1.9731],[2.0611],[2.0213],[1.8704],[1.6565],[1.3898],[1.1037],[0.812],[0.512],[0.1796],[-0.1667],[-0.5278],[-0.8981],[-1.2194],[-1.4694],[-1.6204],[-1.6556],[0.863],[0.6815],[0.513],[0.3898],[0.3528],[0.4426],[0.662],[0.9972],[1.3713],[1.7046],[1.9352],[2.0009],[1.9],[1.6676],[1.3315],[0.9907],[0.65],[0.3769],[0.1537],[-0.0352],[-0.2019],[-0.3676],[-0.5296],[-0.6926],[-0.8287],[-0.9231],[-0.9806],[1.6278],[1.3056],[0.9787],[0.6852],[0.4759],[0.4213],[0.5213],[0.7565],[1.05],[1.3241],[1.4833],[1.4917],[1.3583],[1.1148],[0.8287],[0.563],[0.3611],[0.2417],[0.2009],[0.2426],[0.3157],[0.3889],[0.4352],[0.4352],[0.3648],[0.2176],[-0.0056],[1.6315],[1.2815],[0.9389],[0.625],[0.387],[0.2843],[0.3194],[0.4657],[0.6667],[0.8259],[0.9028],[0.8898],[0.8111],[0.7139],[0.6519],[0.6398],[0.6574],[0.7269],[0.8083],[0.9074],[1.0287],[1.1546],[1.2676],[1.3176],[1.2509],[1.0407],[0.6722],[1.2111],[0.8102],[0.437],[0.1259],[-0.0843],[-0.15],[-0.0583],[0.1222],[0.3287],[0.4472],[0.4769],[0.4407],[0.4213],[0.488],[0.6611],[0.913],[1.1537],[1.3167],[1.3917],[1.3935],[1.3889],[1.4157],[1.4806],[1.5352],[1.5],[1.3287],[1.013],[0.5824],[-3.1734e-09],[-0.4991],[-0.8667],[-1.0444],[-0.9639],[-0.6611],[-0.2259],[0.1796],[0.4028],[0.4231],[0.3083],[0.2],[0.2148],[0.4259],[0.7546],[1.0852],[1.3093],[1.3954],[1.4046],[1.4028],[1.4509],[1.5491],[1.65],[1.6852],[1.6361],[1.4898],[-0.2843],[-1.05],[-1.6583],[-2.0194],[-2.0787],[-1.7648],[-1.1361],[-0.3583],[0.3463],[0.7667],[0.8083],[0.5546],[0.2102],[-0.0398],[-0.0769],[0.0917],[0.3528],[0.625],[0.8833],[1.1556],[1.4759],[1.8176],[2.0991],[2.2741],[2.3019],[2.2491],[2.1685],[-1.3565],[-2.0907],[-2.5435],[-2.6889],[-2.4981],[-1.9722],[-1.1769],[-0.2435],[0.5824],[1.1009],[1.1824],[0.8861],[0.3833],[-0.0861],[-0.3806],[-0.4519],[-0.3426],[-0.0741],[0.3787],[1.0111],[1.7713],[2.4898],[2.9667],[3.0935],[2.9389],[2.675],[2.4769],[-2.4556],[-2.8602],[-2.8731],[-2.6019],[-2.1444],[-1.5917],[-0.9509],[-0.2769],[0.3361],[0.7685],[0.9037],[0.7389],[0.3963],[0.0333],[-0.2398],[-0.3806],[-0.3759],[-0.1704],[0.3259],[1.1361],[2.1241],[3.0046],[3.4685],[3.4019],[2.9528],[2.4222],[2.0843],[-3.388],[-3.3491],[-2.888],[-2.2352],[-1.6157],[-1.1602],[-0.8556],[-0.6343],[-0.3954],[-0.1731],[-0.013],[0.0278],[0.0028],[-0.0222],[-0.0204],[0.0176],[0.0935],[0.2806],[0.7287],[1.488],[2.4176],[3.1759],[3.4398],[3.1361],[2.4704],[1.8463],[1.5472],[-3.9963],[-3.6556],[-2.9769],[-2.1639],[-1.4593],[-1.0093],[-0.8241],[-0.7833],[-0.7694],[-0.7287],[-0.6787],[-0.6481],[-0.5815],[-0.4463],[-0.2],[0.087],[0.3741],[0.6981],[1.1685],[1.8685],[2.6407],[3.1889],[3.2463],[2.7972],[2.1417],[1.6769],[1.5741],[-4.187],[-3.7889],[-3.1546],[-2.3444],[-1.5139],[-0.8019],[-0.3333],[-0.1269],[-0.1204],[-0.2444],[-0.4778],[-0.7694],[-1.0102],[-1.0556],[-0.8472],[-0.4481],[0.0296],[0.5454],[1.1574],[1.888],[2.6065],[3.0519],[3.0333],[2.6426],[2.1954],[2.0028],[2.1102],[-4.0704],[-3.7111],[-3.1565],[-2.313],[-1.2278],[-0.1287],[0.6713],[1.0204],[0.9611],[0.5935],[0.0546],[-0.5528],[-1.0963],[-1.4204],[-1.4185],[-1.1361],[-0.6889],[-0.1463],[0.5],[1.2602],[1.9991],[2.4935],[2.612],[2.4556],[2.325],[2.4083],[2.6093],[-3.8935],[-3.4722],[-2.8398],[-1.8102],[-0.4546],[0.8287],[1.5935],[1.6731],[1.2722],[0.6787],[0.1176],[-0.3843],[-0.8389],[-1.1889],[-1.3713],[-1.3565],[-1.1843],[-0.8926],[-0.45],[0.1796],[0.913],[1.5593],[1.9806],[2.1917],[2.3861],[2.6398],[2.7898],[-3.6889],[-3.1028],[-2.2463],[-0.9944],[0.4426],[1.5296],[1.8361],[1.3731],[0.6176],[0.0731],[-0.0824],[-0.0435],[-0.0852],[-0.3333],[-0.6981],[-1.0333],[-1.2509],[-1.3398],[-1.2231],[-0.837],[-0.1463],[0.6889],[1.4815],[2.1074],[2.5602],[2.8333],[2.8194],[-3.1704],[-2.3889],[-1.388],[-0.1213],[1.088],[1.7194],[1.4787],[0.6722],[-0.0315],[-0.1204],[0.3546],[0.9139],[1.0759],[0.6889],[-0.0241],[-0.725],[-1.2694],[-1.638],[-1.8037],[-1.6167],[-0.9583],[0.088],[1.2648],[2.2713],[2.9083],[3.1222],[2.8889],[-2.1481],[-1.2556],[-0.2972],[0.7056],[1.4667],[1.6074],[1.0926],[0.3843],[0.1352],[0.6056],[1.475],[2.0796],[1.9639],[1.1815],[0.113],[-0.862],[-1.5917],[-2.137],[-2.4907],[-2.4241],[-1.7222],[-0.4056],[1.1528],[2.4991],[3.325],[3.5231],[3.1509],[-0.7935],[0.0731],[0.8361],[1.4824],[1.8417],[1.7065],[1.1815],[0.75],[0.8741],[1.5472],[2.2491],[2.4102],[1.8639],[0.863],[-0.2269],[-1.1815],[-2.0065],[-2.762],[-3.2972],[-3.2731],[-2.4083],[-0.7741],[1.1454],[2.7685],[3.7463],[4.0231],[3.663],[0.6676],[1.313],[1.7944],[2.2111],[2.4444],[2.3148],[1.8815],[1.55],[1.6028],[1.9065],[1.988],[1.6093],[0.9176],[0.2259],[-0.3861],[-1.0667],[-1.9611],[-2.95],[-3.637],[-3.5741],[-2.488],[-0.6074],[1.4852],[3.1685],[4.1491],[4.4435],[4.0713],[2.1593],[2.3741],[2.4991],[2.8019],[3.1352],[3.1602],[2.8074],[2.3306],[2.0028],[1.7074],[1.1963],[0.5157],[0.0648],[0.0167],[0.0639],[-0.2907],[-1.1907],[-2.2731],[-2.9583],[-2.812],[-1.7019],[0.062],[1.95],[3.4037],[4.1694],[4.2315],[3.6657],[3.4806],[3.1176],[2.788],[2.863],[3.2287],[3.3676],[3.0278],[2.4139],[1.8278],[1.2491],[0.5546],[-0.0361],[-0.1176],[0.3657],[0.8213],[0.662],[-0.1241],[-1.012],[-1.512],[-1.4333],[-0.7852],[0.3509],[1.7074],[2.8833],[3.4278],[3.1935],[2.2537],[4.0093],[3.1528],[2.3037],[1.9491],[2.062],[2.1213],[1.7796],[1.2269],[0.7472],[0.3537],[-0.0769],[-0.3417],[-0.0981],[0.5981],[1.1657],[1.0889],[0.5324],[-0.0028],[-0.3352],[-0.6009],[-0.7898],[-0.5306],[0.388],[1.5833],[2.2731],[1.9157],[0.6269]]}]