html/data/WT_pct09_ind_wt_11_7.json
[{"header":{"disciplineName":["Meteorological products"],"parameterCategory":[0],"parameterCategoryName":["Temperature"],"parameterNumberName":["Temperature"],"parameterNumber":[0],"parameterUnits":["K"],"refTime":["2017-03-17T0000:00.000Z"],"numberPoints":[621],"nx":[27],"ny":[23],"lo1":[-20],"la1":[70],"lo2":[45],"la2":[45],"dx":[2.5],"dy":[2.5]},"data":[[-11.9088],[-11.2235],[-10.6441],[-10.1559],[-9.7588],[-9.4324],[-9.1529],[-8.9147],[-8.7],[-8.4971],[-8.3206],[-8.1706],[-8.0529],[-8],[-7.9971],[-8.0706],[-8.2059],[-8.3853],[-8.5882],[-8.7941],[-8.9882],[-9.1441],[-9.2912],[-9.4147],[-9.5471],[-9.7029],[-9.9353],[-8.9794],[-8.6353],[-8.3794],[-8.2059],[-8.0559],[-7.9118],[-7.7676],[-7.5882],[-7.4059],[-7.2265],[-7.0559],[-6.9324],[-6.8676],[-6.8765],[-6.9676],[-7.1412],[-7.3647],[-7.6618],[-7.9735],[-8.2735],[-8.5647],[-8.7853],[-8.9294],[-9.0529],[-9.1294],[-9.2382],[-9.3941],[-6.3353],[-6.3529],[-6.4176],[-6.4529],[-6.4265],[-6.3206],[-6.1412],[-5.9235],[-5.7176],[-5.5588],[-5.4853],[-5.5088],[-5.6147],[-5.8],[-6.0441],[-6.3324],[-6.6471],[-7.0294],[-7.4206],[-7.8118],[-8.1971],[-8.4971],[-8.7353],[-8.8853],[-8.9676],[-9.0235],[-9.1118],[-4.5647],[-4.8118],[-5.0176],[-5.1147],[-5.0647],[-4.8618],[-4.5588],[-4.2412],[-4.0176],[-3.9],[-3.9735],[-4.1971],[-4.5324],[-4.8882],[-5.2324],[-5.5471],[-5.8235],[-6.1118],[-6.4471],[-6.8412],[-7.2676],[-7.6765],[-8.0618],[-8.3265],[-8.4941],[-8.5824],[-8.6471],[-3.4471],[-3.6471],[-3.8088],[-3.8618],[-3.7588],[-3.4794],[-3.0971],[-2.7147],[-2.4529],[-2.3912],[-2.5912],[-2.9735],[-3.4618],[-3.9294],[-4.2941],[-4.5529],[-4.7265],[-4.9029],[-5.1647],[-5.5441],[-6.0471],[-6.5824],[-7.0882],[-7.4882],[-7.7382],[-7.8412],[-7.8824],[-2.2059],[-2.1971],[-2.2588],[-2.2794],[-2.2088],[-1.9912],[-1.6441],[-1.2706],[-0.9971],[-0.9676],[-1.1824],[-1.6294],[-2.1824],[-2.7059],[-3.0941],[-3.3618],[-3.5618],[-3.7941],[-4.1235],[-4.6147],[-5.2],[-5.8441],[-6.3941],[-6.7882],[-6.9971],[-7.0147],[-6.9294],[-0.4382],[-0.2706],[-0.2676],[-0.3382],[-0.3941],[-0.3265],[-0.1059],[0.1647],[0.3647],[0.3647],[0.1029],[-0.3441],[-0.8941],[-1.4118],[-1.8529],[-2.1941],[-2.5441],[-2.9382],[-3.45],[-4.0588],[-4.7294],[-5.3294],[-5.8029],[-6.0647],[-6.1176],[-5.9882],[-5.7941],[1.5676],[1.75],[1.7529],[1.6294],[1.5],[1.4559],[1.5147],[1.5941],[1.6],[1.4529],[1.1],[0.6294],[0.1118],[-0.3559],[-0.7912],[-1.1794],[-1.5882],[-2.0706],[-2.6235],[-3.2118],[-3.7647],[-4.2294],[-4.5676],[-4.7206],[-4.7294],[-4.5971],[-4.3882],[3.3206],[3.4529],[3.4853],[3.4382],[3.3441],[3.2412],[3.1618],[3.0147],[2.7735],[2.4088],[1.9412],[1.4559],[0.9882],[0.5912],[0.2206],[-0.1529],[-0.55],[-0.9735],[-1.3941],[-1.7559],[-2.0647],[-2.3471],[-2.5882],[-2.8029],[-2.9471],[-2.9735],[-2.8647],[4.6912],[4.8206],[4.9235],[4.9676],[4.95],[4.8559],[4.6618],[4.3529],[3.9529],[3.4824],[3.0176],[2.6206],[2.2382],[1.8735],[1.4559],[0.9853],[0.5059],[0.0882],[-0.1882],[-0.3176],[-0.3676],[-0.4265],[-0.5912],[-0.8647],[-1.1529],[-1.3382],[-1.3265],[5.8735],[6.0029],[6.1412],[6.2265],[6.2029],[6.0647],[5.8176],[5.4706],[5.1176],[4.7529],[4.4706],[4.2176],[3.9029],[3.4529],[2.8382],[2.1029],[1.4118],[0.8941],[0.6412],[0.6294],[0.7794],[0.9382],[0.9735],[0.8353],[0.6382],[0.4941],[0.5059],[6.9176],[7.0471],[7.1471],[7.1588],[7.0853],[6.9294],[6.7],[6.4353],[6.2029],[6.0029],[5.8676],[5.6971],[5.3676],[4.8088],[4.0029],[3.0912],[2.3029],[1.7412],[1.5176],[1.5676],[1.8235],[2.1882],[2.4971],[2.6765],[2.7529],[2.8176],[2.9206],[7.7559],[7.8735],[7.9088],[7.8824],[7.8088],[7.6971],[7.5618],[7.3853],[7.1941],[7],[6.8059],[6.5618],[6.1676],[5.6],[4.8765],[4.1294],[3.5471],[3.2088],[3.1029],[3.2059],[3.4735],[3.8706],[4.3471],[4.7647],[5.0912],[5.3676],[5.6353],[8.3588],[8.4706],[8.5353],[8.5735],[8.6294],[8.6441],[8.5735],[8.3941],[8.1],[7.7265],[7.3147],[6.9059],[6.5324],[6.1588],[5.7706],[5.4382],[5.2265],[5.1765],[5.2176],[5.3118],[5.4912],[5.8088],[6.2353],[6.6765],[7.0412],[7.4529],[8.0147],[8.8588],[9],[9.1971],[9.4382],[9.6382],[9.7206],[9.65],[9.3941],[8.9676],[8.4],[7.8265],[7.3412],[7.0794],[7.0029],[7.0147],[7.0059],[7.0088],[7.0471],[7.0912],[7.1324],[7.2206],[7.4794],[7.8882],[8.2588],[8.5029],[8.8735],[9.7147],[9.3824],[9.6382],[10.05],[10.5088],[10.8206],[10.8912],[10.7147],[10.3706],[9.9265],[9.3765],[8.7706],[8.3176],[8.1588],[8.3],[8.5176],[8.6147],[8.5912],[8.5235],[8.4912],[8.5088],[8.6353],[9.0382],[9.6529],[10.1441],[10.2676],[10.3029],[10.9882],[10.0559],[10.5412],[11.1941],[11.8147],[12.1559],[12.0912],[11.8147],[11.4941],[11.2118],[10.8647],[10.3853],[9.9118],[9.6971],[9.8294],[10.0618],[10.1412],[10.0118],[9.8882],[9.8941],[10.0088],[10.3059],[10.9382],[11.9382],[12.8235],[12.9882],[12.5471],[12.4029],[11.1441],[11.9235],[12.7412],[13.3294],[13.5324],[13.3794],[13.0853],[12.8882],[12.8618],[12.8176],[12.4971],[11.9735],[11.5618],[11.4735],[11.5765],[11.5853],[11.4471],[11.3853],[11.5588],[11.8588],[12.2324],[12.9676],[14.2412],[15.65],[16.2176],[15.5176],[14.4],[12.7735],[13.8235],[14.6147],[15],[14.9794],[14.7412],[14.5294],[14.4971],[14.6676],[14.8412],[14.7118],[14.1735],[13.5324],[13.1676],[13.0765],[13.0088],[12.8353],[12.8],[13.1118],[13.6088],[14.0265],[14.6059],[15.8529],[17.6029],[18.7882],[18.4412],[16.9176],[14.8029],[15.9441],[16.6],[16.7059],[16.4941],[16.2824],[16.1941],[16.2176],[16.3559],[16.5706],[16.5529],[16.0706],[15.3176],[14.7471],[14.5588],[14.4618],[14.1971],[14.0529],[14.3853],[15.0824],[15.6794],[16.1529],[17.0765],[18.6971],[20.2294],[20.4824],[19.2559],[16.7706],[17.8235],[18.35],[18.3206],[18.1353],[18.0588],[18.0618],[17.9941],[17.9206],[17.9529],[17.8941],[17.4206],[16.6647],[16.1147],[16.0559],[16.1235],[15.9059],[15.6324],[15.8735],[16.7647],[17.7235],[18.3294],[18.9059],[19.8882],[21.0118],[21.3647],[20.4941],[18.2294],[19.0882],[19.5706],[19.6529],[19.6382],[19.7529],[19.8],[19.6324],[19.3353],[19.1353],[18.9412],[18.45],[17.7824],[17.4118],[17.7147],[18.1882],[18.2765],[17.9735],[18.0059],[18.8412],[20.0765],[20.9941],[21.4147],[21.6412],[21.7735],[21.4676],[20.4118],[19.0206],[19.6559],[20.1382],[20.4235],[20.6176],[20.7912],[20.8529],[20.6853],[20.3882],[20.1412],[19.9029],[19.4824],[18.9912],[18.9118],[19.5],[20.3765],[20.7971],[20.5941],[20.3324],[20.7029],[21.6912],[22.7765],[23.3588],[23.2882],[22.6353],[21.4588],[19.8706]]},{"header":{"disciplineName":["Meteorological products"],"parameterCategory":[2],"parameterCategoryName":["u-component of wind"],"parameterNumberName":["u-component of wind"],"parameterNumber":[2],"parameterUnits":["m s-1"],"refTime":["2017-03-17T0000:00.000Z"],"numberPoints":[621],"nx":[27],"ny":[23],"lo1":[-20],"la1":[70],"lo2":[45],"la2":[45],"dx":[2.5],"dy":[2.5]},"data":[[3.6647],[3.7529],[3.7559],[3.7029],[3.6294],[3.5618],[3.5235],[3.5618],[3.6529],[3.7912],[3.9529],[4.1118],[4.2471],[4.35],[4.4118],[4.4382],[4.4176],[4.3765],[4.3235],[4.2441],[4.1353],[4.0206],[3.8765],[3.7412],[3.6265],[3.5471],[3.5206],[4.5882],[4.8824],[5.0588],[5.1382],[5.1853],[5.2706],[5.3971],[5.5941],[5.8441],[6.1029],[6.3],[6.4176],[6.4176],[6.3],[6.0853],[5.7971],[5.4794],[5.1853],[4.9176],[4.6853],[4.5088],[4.3353],[4.2147],[4.1353],[4.0971],[4.1382],[4.25],[6.0588],[6.4176],[6.6559],[6.8235],[6.9794],[7.1882],[7.4971],[7.8471],[8.2],[8.5088],[8.6588],[8.6029],[8.3382],[7.8824],[7.3029],[6.6735],[6.0971],[5.5882],[5.1853],[4.9176],[4.7382],[4.6353],[4.6147],[4.6765],[4.8118],[5.05],[5.3853],[7.4794],[7.7647],[7.9559],[8.1235],[8.3176],[8.5529],[8.8765],[9.2],[9.4882],[9.6529],[9.6206],[9.3647],[8.9088],[8.3059],[7.6529],[7.0618],[6.5941],[6.2441],[6.0382],[5.9059],[5.8412],[5.8118],[5.8147],[5.8824],[6.0353],[6.3088],[6.6618],[8.7206],[8.8941],[9.0471],[9.2088],[9.3618],[9.5147],[9.6265],[9.6824],[9.6471],[9.4971],[9.2353],[8.8559],[8.4118],[7.9588],[7.6118],[7.3941],[7.3265],[7.3676],[7.4618],[7.5294],[7.5206],[7.4676],[7.3971],[7.3676],[7.4059],[7.5412],[7.7647],[9.9794],[10.1353],[10.3294],[10.5176],[10.6176],[10.5882],[10.3971],[10.0794],[9.6882],[9.2882],[8.8941],[8.5676],[8.3176],[8.1559],[8.1206],[8.2029],[8.3676],[8.5324],[8.6353],[8.6265],[8.5235],[8.3794],[8.2941],[8.3235],[8.4824],[8.7029],[8.9324],[10.9794],[11.1294],[11.3647],[11.5588],[11.5971],[11.4118],[11.0059],[10.4706],[9.9235],[9.4971],[9.2529],[9.1765],[9.2235],[9.3118],[9.3824],[9.4294],[9.3824],[9.2529],[9.0118],[8.6882],[8.3794],[8.2206],[8.3059],[8.6647],[9.2059],[9.7765],[10.2324],[10.9353],[10.9529],[11.0618],[11.1353],[11.1147],[10.8971],[10.5088],[10.0206],[9.5824],[9.3324],[9.3559],[9.5735],[9.8971],[10.1294],[10.2206],[10.1],[9.7912],[9.3471],[8.8324],[8.3235],[7.9588],[7.9],[8.2118],[8.8529],[9.6412],[10.3618],[10.8324],[9.5941],[9.3441],[9.1853],[9.0971],[9.0735],[8.9941],[8.8324],[8.5618],[8.2853],[8.1353],[8.1824],[8.4559],[8.8324],[9.1559],[9.2941],[9.2441],[9.0324],[8.7176],[8.3882],[8.1147],[7.9971],[8.1441],[8.5706],[9.1559],[9.6971],[9.9941],[9.9706],[7.6824],[7.2559],[6.9176],[6.7559],[6.7706],[6.8971],[6.9882],[6.9147],[6.6971],[6.4],[6.1853],[6.1441],[6.2706],[6.4853],[6.6971],[6.8824],[7.0235],[7.1882],[7.3647],[7.6059],[7.9382],[8.3706],[8.8588],[9.2471],[9.3265],[9.0118],[8.3176],[6.0853],[5.7647],[5.5059],[5.3441],[5.3588],[5.4882],[5.6353],[5.6735],[5.4971],[5.1176],[4.6471],[4.2118],[3.9382],[3.8618],[3.9706],[4.2382],[4.6235],[5.1059],[5.6618],[6.2882],[6.9765],[7.6824],[8.3118],[8.6794],[8.6382],[8.1382],[7.2941],[4.8882],[4.8618],[4.8235],[4.7353],[4.6176],[4.5176],[4.5265],[4.6324],[4.7],[4.6059],[4.2735],[3.7588],[3.2382],[2.8765],[2.7618],[2.9029],[3.2441],[3.7147],[4.2559],[4.8853],[5.5971],[6.3324],[6.9971],[7.4382],[7.5676],[7.4],[7.0353],[3.6765],[3.8824],[4.0706],[4.1088],[3.9441],[3.7235],[3.65],[3.8588],[4.2647],[4.6235],[4.7118],[4.4794],[4.0382],[3.6618],[3.5029],[3.5971],[3.8941],[4.2235],[4.5559],[4.8706],[5.2235],[5.5735],[5.8941],[6.15],[6.3059],[6.4176],[6.5882],[2.4794],[2.6971],[3.0441],[3.3559],[3.4912],[3.5],[3.5647],[3.8118],[4.2265],[4.6647],[4.9735],[5.0853],[5.0471],[5.0706],[5.2441],[5.6206],[6.0794],[6.4176],[6.5588],[6.4824],[6.2853],[6.0529],[5.8235],[5.6647],[5.6],[5.6824],[5.9382],[1.8441],[1.9794],[2.3794],[2.95],[3.5176],[3.95],[4.1647],[4.1412],[4.0088],[3.9529],[4.15],[4.6118],[5.2265],[5.9206],[6.6647],[7.3882],[8.0265],[8.4176],[8.4441],[8.1029],[7.5412],[6.9353],[6.4588],[6.2206],[6.2235],[6.3176],[6.4235],[1.9029],[2.0324],[2.3353],[2.8824],[3.55],[4.0882],[4.1588],[3.6618],[2.8471],[2.3029],[2.4882],[3.4235],[4.7559],[6.0235],[7.0176],[7.7265],[8.2176],[8.4735],[8.4029],[8.0235],[7.4853],[6.9912],[6.8118],[7.0441],[7.5853],[8.1265],[8.2588],[2.1088],[2.3324],[2.4971],[2.7206],[3.0294],[3.2],[2.9147],[2.1176],[1.2118],[0.8471],[1.4824],[2.9441],[4.6059],[5.8147],[6.3971],[6.5647],[6.5882],[6.5618],[6.4824],[6.3],[6.1176],[6.0676],[6.3853],[7.1206],[8.1882],[9.1559],[9.5118],[2.0882],[2.4647],[2.5853],[2.5471],[2.4235],[2.1412],[1.6824],[1.1176],[0.8412],[1.2206],[2.3647],[3.85],[5.0118],[5.4412],[5.2176],[4.7412],[4.3912],[4.2559],[4.2882],[4.4118],[4.6706],[5.0824],[5.6588],[6.3794],[7.2441],[7.9824],[8.2529],[2.2206],[2.6118],[2.8059],[2.7971],[2.5559],[2.1735],[1.8324],[1.8059],[2.2647],[3.1941],[4.2324],[4.9265],[4.9647],[4.4176],[3.6647],[3.0971],[2.8794],[2.9147],[3.0824],[3.4],[3.9088],[4.5382],[5.0853],[5.3824],[5.45],[5.3559],[5.0794],[2.7706],[2.9588],[3.1206],[3.1765],[3.0412],[2.7882],[2.6735],[2.9824],[3.6706],[4.4235],[4.7588],[4.4],[3.4882],[2.5382],[1.9794],[1.95],[2.2412],[2.5559],[2.7353],[2.9206],[3.3],[3.8235],[4.1912],[4.1324],[3.6],[2.8],[1.9647],[2.9265],[2.7853],[2.6471],[2.5471],[2.4176],[2.3],[2.3029],[2.5765],[3.0382],[3.3353],[3.0824],[2.2529],[1.2794],[0.6735],[0.7382],[1.2824],[1.9118],[2.3088],[2.3676],[2.2735],[2.2441],[2.3471],[2.4088],[2.1647],[1.55],[0.6735],[-0.2706],[1.4824],[1.0618],[0.6265],[0.2941],[0.1471],[0.1353],[0.2029],[0.3706],[0.6059],[0.7559],[0.6206],[0.2206],[-0.1559],[-0.1941],[0.1794],[0.7235],[1.2176],[1.5],[1.5353],[1.3412],[1.0206],[0.6706],[0.2912],[-0.15],[-0.6765],[-1.2647],[-1.95],[-1.6029],[-2.0559],[-2.5],[-2.7735],[-2.75],[-2.5647],[-2.3853],[-2.2265],[-1.9706],[-1.5971],[-1.2029],[-0.9088],[-0.6853],[-0.4735],[-0.2912],[-0.1971],[-0.1353],[0.0147],[0.2235],[0.3294],[0.1676],[-0.2765],[-0.9059],[-1.5912],[-2.1706],[-2.6176],[-3.0912]]},{"header":{"disciplineName":["Meteorological products"],"parameterCategory":[2],"parameterCategoryName":["v-component of wind"],"parameterNumberName":["v-component of wind"],"parameterNumber":[3],"parameterUnits":["m s-1"],"refTime":["2017-03-17T0000:00.000Z"],"numberPoints":[621],"nx":[27],"ny":[23],"lo1":[-20],"la1":[70],"lo2":[45],"la2":[45],"dx":[2.5],"dy":[2.5]},"data":[[-1.5294],[-1.5088],[-1.4235],[-1.3029],[-1.1382],[-0.9706],[-0.8118],[-0.6676],[-0.5559],[-0.4735],[-0.4471],[-0.4324],[-0.4647],[-0.5059],[-0.5676],[-0.6647],[-0.7676],[-0.9265],[-1.0971],[-1.2588],[-1.4088],[-1.4824],[-1.4412],[-1.2912],[-1.0118],[-0.6206],[-0.1647],[-0.4206],[-0.65],[-0.8235],[-0.9029],[-0.8971],[-0.8118],[-0.6647],[-0.5088],[-0.3853],[-0.3324],[-0.3559],[-0.4412],[-0.5765],[-0.7294],[-0.8765],[-1.0235],[-1.1706],[-1.3324],[-1.5147],[-1.7176],[-1.8706],[-1.9471],[-1.8676],[-1.6059],[-1.1294],[-0.5235],[0.1735],[0.6147],[0.1265],[-0.2735],[-0.4824],[-0.5118],[-0.3529],[-0.1265],[0.0794],[0.1647],[0.05],[-0.2471],[-0.6853],[-1.1529],[-1.5706],[-1.8676],[-2.0235],[-2.0588],[-2.0676],[-2.0676],[-2.0853],[-2.0912],[-2.0147],[-1.7529],[-1.2647],[-0.5853],[0.2676],[1.1647],[1.25],[0.5618],[0.05],[-0.1676],[-0.0824],[0.2088],[0.5735],[0.8147],[0.7824],[0.4088],[-0.2912],[-1.1676],[-2.0088],[-2.6412],[-2.9676],[-2.9618],[-2.7441],[-2.4588],[-2.2],[-2.0412],[-1.9412],[-1.7824],[-1.4412],[-0.8235],[0.05],[1.1],[2.1382],[1.4735],[0.7324],[0.2206],[0.0324],[0.1765],[0.5382],[0.9118],[1.1],[0.9118],[0.2912],[-0.7147],[-1.8647],[-2.8735],[-3.5206],[-3.6471],[-3.3324],[-2.7588],[-2.1735],[-1.8059],[-1.6912],[-1.7618],[-1.7647],[-1.5441],[-0.9176],[0.0706],[1.2706],[2.4824],[1.5088],[0.8412],[0.3912],[0.1765],[0.2118],[0.3971],[0.5794],[0.6088],[0.2971],[-0.4118],[-1.4353],[-2.5676],[-3.4882],[-3.95],[-3.8147],[-3.2118],[-2.3912],[-1.7],[-1.4029],[-1.5059],[-1.8353],[-2.0853],[-1.9382],[-1.2912],[-0.1647],[1.2029],[2.55],[1.4676],[1.0235],[0.6618],[0.3735],[0.1412],[-0.0206],[-0.1529],[-0.3147],[-0.6176],[-1.1206],[-1.8647],[-2.7265],[-3.4676],[-3.8206],[-3.6647],[-3.0412],[-2.25],[-1.6353],[-1.4706],[-1.7118],[-2.1],[-2.2706],[-1.9441],[-1.0294],[0.3088],[1.7706],[3.0794],[1.2294],[1.0618],[0.8588],[0.5676],[0.1647],[-0.3088],[-0.7382],[-1.0471],[-1.2176],[-1.3588],[-1.6265],[-2.1118],[-2.6853],[-3.1588],[-3.2824],[-2.9971],[-2.4941],[-2.1],[-2],[-2.1588],[-2.2912],[-2.0529],[-1.2529],[0.0206],[1.5382],[2.9118],[3.9324],[0.6147],[0.6471],[0.6794],[0.5912],[0.2353],[-0.3353],[-0.9794],[-1.4382],[-1.5676],[-1.4],[-1.1941],[-1.2353],[-1.6412],[-2.2324],[-2.7206],[-2.8765],[-2.7529],[-2.5559],[-2.4735],[-2.4324],[-2.2029],[-1.5235],[-0.3294],[1.1441],[2.5441],[3.5824],[4.1618],[-0.2294],[-0.1529],[0.1059],[0.3294],[0.2618],[-0.2118],[-0.9941],[-1.7324],[-2.0588],[-1.8471],[-1.3382],[-0.9735],[-1.0412],[-1.5294],[-2.1206],[-2.4912],[-2.5765],[-2.4853],[-2.3647],[-2.1706],[-1.7029],[-0.7853],[0.4824],[1.7618],[2.7088],[3.1824],[3.3088],[-0.8647],[-0.8794],[-0.5324],[-0.0676],[0.1794],[-0.1294],[-0.9529],[-1.9559],[-2.6324],[-2.6559],[-2.1529],[-1.5265],[-1.1912],[-1.3118],[-1.6647],[-1.9471],[-1.9765],[-1.85],[-1.65],[-1.3235],[-0.6971],[0.2471],[1.3412],[2.1824],[2.4853],[2.3529],[2.0618],[-0.9147],[-1.0588],[-0.85],[-0.4235],[-0.0676],[-0.1559],[-0.8235],[-1.8206],[-2.7382],[-3.1618],[-2.9529],[-2.3912],[-1.8559],[-1.5647],[-1.5059],[-1.4735],[-1.3735],[-1.1412],[-0.7971],[-0.2853],[0.5147],[1.5],[2.3618],[2.7588],[2.5265],[1.9118],[1.3353],[-0.5735],[-0.8059],[-0.8412],[-0.6353],[-0.3765],[-0.2912],[-0.5882],[-1.2882],[-2.2118],[-2.9882],[-3.3235],[-3.1441],[-2.6029],[-2.0147],[-1.5706],[-1.2618],[-1.0353],[-0.7588],[-0.3029],[0.4235],[1.4059],[2.4088],[3.0912],[3.1559],[2.6353],[1.8706],[1.2706],[-0.3353],[-0.4853],[-0.6],[-0.6147],[-0.5029],[-0.3294],[-0.3235],[-0.7294],[-1.5853],[-2.6412],[-3.4412],[-3.6088],[-3.1265],[-2.3176],[-1.5706],[-1.1088],[-0.9029],[-0.6941],[-0.2765],[0.5176],[1.5353],[2.5029],[2.9971],[2.9088],[2.4029],[1.8382],[1.5206],[-0.3147],[-0.2676],[-0.2324],[-0.2265],[-0.1824],[-0.0794],[-0.1324],[-0.5824],[-1.4882],[-2.6147],[-3.4471],[-3.5971],[-2.9882],[-2.0206],[-1.1588],[-0.7353],[-0.6971],[-0.7471],[-0.5412],[0.0735],[0.9676],[1.8029],[2.3],[2.3559],[2.1265],[1.9029],[1.8412],[-0.1912],[0.0353],[0.2794],[0.4441],[0.5147],[0.3794],[-0.1],[-0.9647],[-2.0029],[-2.8441],[-3.1294],[-2.7765],[-1.9559],[-1.0382],[-0.4176],[-0.2588],[-0.4882],[-0.8294],[-0.95],[-0.6765],[-0.0353],[0.8265],[1.6647],[2.2912],[2.6],[2.6059],[2.3912],[0.25],[0.5206],[0.7618],[0.9706],[1.0353],[0.65],[-0.3235],[-1.6412],[-2.65],[-2.8765],[-2.2941],[-1.3353],[-0.5059],[-0.0353],[0.0588],[-0.15],[-0.5765],[-1.0529],[-1.4235],[-1.4529],[-1],[0.0471],[1.5529],[3.0676],[4.0176],[4.0118],[3.15],[0.9912],[1.0882],[1],[0.9882],[0.9412],[0.4588],[-0.7441],[-2.1794],[-2.9441],[-2.4912],[-1.2206],[-0.0471],[0.4235],[0.2412],[-0.1706],[-0.5794],[-0.9588],[-1.3706],[-1.7647],[-1.8941],[-1.4353],[-0.1206],[1.9559],[4.1706],[5.5059],[5.3147],[3.7706],[1.8382],[1.6765],[1.0559],[0.6088],[0.4176],[0.0324],[-0.9559],[-2.1618],[-2.5794],[-1.7676],[-0.4029],[0.4559],[0.3706],[-0.2529],[-0.7647],[-1.0088],[-1.1912],[-1.4647],[-1.7147],[-1.6353],[-0.9529],[0.5382],[2.6735],[4.7971],[5.9294],[5.4441],[3.6235],[2.65],[2.2235],[1.1618],[0.2882],[0.0235],[-0.1029],[-0.6412],[-1.4206],[-1.6559],[-0.9735],[-0.0412],[0.2676],[-0.1824],[-0.7147],[-0.8353],[-0.7147],[-0.7971],[-1.1029],[-1.2265],[-0.7882],[0.2559],[1.7294],[3.3706],[4.6588],[5],[4.1],[2.4029],[3.0794],[2.5],[1.2529],[0.2147],[-0.0588],[0.1206],[0.0088],[-0.4647],[-0.7529],[-0.5],[-0.1235],[-0.1971],[-0.5441],[-0.5618],[-0.0676],[0.3735],[0.2],[-0.3441],[-0.4971],[0.1353],[1.3265],[2.5706],[3.55],[3.9353],[3.4382],[2.1059],[0.5471],[2.7265],[2.1588],[1.0471],[0.0941],[-0.0794],[0.3029],[0.4294],[0.0294],[-0.4676],[-0.6088],[-0.5382],[-0.5706],[-0.5294],[0.0471],[1.0206],[1.6059],[1.3],[0.5441],[0.2265],[0.6676],[1.4824],[2.2412],[2.7912],[2.9118],[2.1971],[0.65],[-0.9941],[1.6765],[1.3441],[0.5676],[-0.1529],[-0.2324],[0.1471],[0.3029],[-0.1647],[-0.8118],[-1.0882],[-0.95],[-0.6882],[-0.2294],[0.6529],[1.7176],[2.2676],[1.9529],[1.2147],[0.7735],[0.7353],[0.7912],[0.8882],[1.3029],[1.8176],[1.5765],[0.1412],[-1.7588]]}]