html/data/WT_pct09_ind_wt_5_3.json
[{"header":{"disciplineName":["Meteorological products"],"parameterCategory":[0],"parameterCategoryName":["Temperature"],"parameterNumberName":["Temperature"],"parameterNumber":[0],"parameterUnits":["K"],"refTime":["2017-03-17T0000:00.000Z"],"numberPoints":[621],"nx":[27],"ny":[23],"lo1":[-20],"la1":[70],"lo2":[45],"la2":[45],"dx":[2.5],"dy":[2.5]},"data":[[-6.0292],[-5.8305],[-5.6171],[-5.3762],[-5.1352],[-4.9057],[-4.7023],[-4.5191],[-4.3534],[-4.2091],[-4.0715],[-3.9346],[-3.8151],[-3.7003],[-3.6164],[-3.5641],[-3.5674],[-3.6272],[-3.7413],[-3.9158],[-4.1245],[-4.3742],[-4.6171],[-4.8735],[-5.1185],[-5.3688],[-5.6077],[-4.7225],[-4.6023],[-4.4326],[-4.2339],[-4.0077],[-3.7822],[-3.5581],[-3.3393],[-3.1507],[-2.9748],[-2.8084],[-2.6513],[-2.5111],[-2.3842],[-2.2815],[-2.2205],[-2.2171],[-2.2681],[-2.3715],[-2.5245],[-2.7218],[-2.9252],[-3.1285],[-3.346],[-3.552],[-3.7641],[-3.9889],[-3.2862],[-3.2728],[-3.2158],[-3.1097],[-2.9487],[-2.7386],[-2.5077],[-2.256],[-2.0211],[-1.795],[-1.5956],[-1.4091],[-1.2648],[-1.1433],[-1.052],[-0.9983],[-0.9862],[-1.0225],[-1.0983],[-1.201],[-1.3151],[-1.4393],[-1.5587],[-1.6802],[-1.8131],[-1.9748],[-2.1648],[-1.8513],[-1.9158],[-1.9527],[-1.9393],[-1.8466],[-1.6883],[-1.456],[-1.1782],[-0.8869],[-0.5997],[-0.35],[-0.1379],[0.0413],[0.1768],[0.2836],[0.3513],[0.3849],[0.3768],[0.3419],[0.2983],[0.2594],[0.2312],[0.2144],[0.1869],[0.1332],[0.0211],[-0.1393],[-0.7661],[-0.8057],[-0.8419],[-0.852],[-0.805],[-0.6923],[-0.4789],[-0.1956],[0.1252],[0.452],[0.7513],[1.0104],[1.2312],[1.4225],[1.5842],[1.7158],[1.7997],[1.8372],[1.8379],[1.8346],[1.8513],[1.899],[1.9681],[2.0225],[2.0339],[1.9862],[1.8977],[-0.0171],[0.0386],[0.0715],[0.0983],[0.1285],[0.2164],[0.3876],[0.6453],[0.9554],[1.2795],[1.5889],[1.8607],[2.1151],[2.3594],[2.6003],[2.8232],[2.9883],[3.0936],[3.1426],[3.1809],[3.248],[3.3674],[3.5057],[3.6332],[3.7023],[3.7077],[3.6943],[0.7862],[0.8977],[0.9768],[1.0171],[1.0326],[1.0829],[1.2111],[1.4426],[1.744],[2.0628],[2.354],[2.6023],[2.8507],[3.1171],[3.4117],[3.7185],[3.9775],[4.1574],[4.2748],[4.3802],[4.5158],[4.7064],[4.9151],[5.0789],[5.1628],[5.1654],[5.1668],[1.9138],[1.9601],[1.9775],[1.9527],[1.9211],[1.9299],[2.05],[2.2923],[2.6346],[3.0017],[3.3366],[3.6164],[3.8674],[4.146],[4.4587],[4.7909],[5.0836],[5.3064],[5.4567],[5.5916],[5.7742],[6.0124],[6.2393],[6.405],[6.4534],[6.4265],[6.4111],[3.1379],[3.0433],[2.9352],[2.8399],[2.7822],[2.8077],[2.9534],[3.2587],[3.6822],[4.1661],[4.6279],[5.0205],[5.3366],[5.6164],[5.8997],[6.1728],[6.4084],[6.5634],[6.652],[6.7352],[6.8654],[7.0601],[7.2654],[7.4151],[7.4715],[7.4956],[7.5708],[4.1507],[3.9446],[3.7856],[3.7178],[3.754],[3.8809],[4.1017],[4.4379],[4.8956],[5.4527],[6.0305],[6.5386],[6.9232],[7.1822],[7.356],[7.4842],[7.5775],[7.6211],[7.6104],[7.5936],[7.6332],[7.7587],[7.9446],[8.1426],[8.3111],[8.4923],[8.754],[4.9547],[4.7359],[4.6426],[4.7312],[4.9487],[5.2366],[5.5433],[5.8701],[6.2654],[6.7634],[7.3191],[7.844],[8.2064],[8.3654],[8.3721],[8.3346],[8.3151],[8.3527],[8.3849],[8.4084],[8.4809],[8.6393],[8.9151],[9.2399],[9.5446],[9.8211],[10.0889],[5.7661],[5.6057],[5.5997],[5.7909],[6.1466],[6.5789],[6.9997],[7.3594],[7.7003],[8.0782],[8.5272],[8.946],[9.2178],[9.2406],[9.0829],[8.9279],[8.9393],[9.1466],[9.4379],[9.7077],[9.9675],[10.3117],[10.7936],[11.3057],[11.7104],[11.8943],[11.8943],[6.705],[6.599],[6.5695],[6.6836],[7.0285],[7.5909],[8.2419],[8.8238],[9.2587],[9.599],[9.9225],[10.2419],[10.4238],[10.3607],[10.1064],[9.905],[9.9923],[10.4124],[10.9681],[11.4654],[11.899],[12.4299],[13.1574],[13.9413],[14.495],[14.6359],[14.3849],[7.7017],[7.6131],[7.4594],[7.4433],[7.797],[8.6138],[9.6936],[10.6809],[11.3252],[11.6433],[11.8285],[12.0232],[12.1628],[12.0876],[11.7977],[11.5372],[11.5862],[12.0158],[12.5795],[13.0285],[13.399],[13.9789],[14.9366],[16.0701],[16.9701],[17.3775],[17.3856],[8.6621],[8.556],[8.3822],[8.4594],[9.1346],[10.4648],[12.0916],[13.4487],[14.1634],[14.3138],[14.2493],[14.2614],[14.3379],[14.254],[13.9279],[13.5453],[13.4091],[13.6198],[13.9372],[14.1104],[14.2581],[14.7943],[15.9661],[17.5057],[18.8138],[19.6131],[20.1728],[9.5084],[9.4453],[9.4997],[10.0406],[11.3453],[13.2916],[15.3225],[16.752],[17.2789],[17.1326],[16.8272],[16.707],[16.7091],[16.5768],[16.1695],[15.644],[15.3232],[15.3003],[15.3849],[15.3695],[15.4037],[15.9889],[17.4151],[19.2782],[20.7802],[21.5728],[22.1742],[10.303],[10.4426],[10.9238],[12.0406],[13.9037],[16.1896],[18.2258],[19.4091],[19.6849],[19.4681],[19.2721],[19.2614],[19.2634],[19.0339],[18.5185],[17.9144],[17.4836],[17.3419],[17.3742],[17.3896],[17.5466],[18.2983],[19.9547],[22.0319],[23.5225],[23.848],[23.6574],[11.4453],[11.9862],[12.8634],[14.2621],[16.1789],[18.2641],[19.9232],[20.805],[21.1003],[21.3077],[21.6842],[22.0359],[22.054],[21.6446],[21.0104],[20.3768],[19.8836],[19.6285],[19.6064],[19.7272],[20.0332],[20.8413],[22.5057],[24.6721],[26.2742],[26.3883],[25.356],[13.4567],[14.4701],[15.5628],[16.7916],[18.2292],[19.7225],[20.9265],[21.6822],[22.307],[23.1849],[24.2299],[24.8762],[24.7393],[24.048],[23.3084],[22.7023],[22.15],[21.6527],[21.4164],[21.5023],[21.8144],[22.401],[23.65],[25.6487],[27.5822],[28.2675],[27.4117],[16.4023],[17.7386],[18.8198],[19.6393],[20.4487],[21.3869],[22.3003],[23.1003],[24.0245],[25.2883],[26.5688],[27.1326],[26.6856],[25.7487],[25.0245],[24.5829],[24.0326],[23.2829],[22.7842],[22.8117],[23.0936],[23.2956],[23.793],[25.1668],[27.1963],[28.7433],[28.948],[19.5453],[20.8695],[21.7762],[22.2547],[22.6621],[23.3003],[24.0963],[24.8809],[25.7507],[26.8601],[27.8862],[28.1748],[27.5567],[26.652],[26.1755],[26.0413],[25.6366],[24.8607],[24.2923],[24.3909],[24.7581],[24.7681],[24.5923],[25.0648],[26.5164],[28.1916],[29.0809],[21.7379],[22.7507],[23.4232],[23.7446],[24.0198],[24.5359],[25.197],[25.7889],[26.3346],[27.003],[27.6742],[27.8997],[27.5513],[27.0748],[26.9762],[27.1164],[26.9513],[26.3695],[25.9634],[26.1487],[26.5681],[26.605],[26.2648],[26.2185],[26.8285],[27.6842],[28.1158],[22.3111],[22.9091],[23.3567],[23.65],[23.9097],[24.2977],[24.746],[25.0916],[25.3352],[25.6728],[26.1728],[26.6312],[26.8876],[27.0292],[27.2245],[27.4057],[27.3386],[27.0567],[26.8534],[26.8923],[27.005],[27.0218],[27.0601],[27.3366],[27.7104],[27.7138],[27.107]]},{"header":{"disciplineName":["Meteorological products"],"parameterCategory":[2],"parameterCategoryName":["u-component of wind"],"parameterNumberName":["u-component of wind"],"parameterNumber":[2],"parameterUnits":["m s-1"],"refTime":["2017-03-17T0000:00.000Z"],"numberPoints":[621],"nx":[27],"ny":[23],"lo1":[-20],"la1":[70],"lo2":[45],"la2":[45],"dx":[2.5],"dy":[2.5]},"data":[[2.5584],[2.5624],[2.5107],[2.4282],[2.3369],[2.2785],[2.2852],[2.3819],[2.5685],[2.8342],[3.1544],[3.4913],[3.8154],[4.1027],[4.3389],[4.5315],[4.7027],[4.8651],[5.0396],[5.2221],[5.4013],[5.5611],[5.6678],[5.698],[5.6537],[5.5336],[5.3611],[1.9188],[2.1705],[2.3443],[2.455],[2.5242],[2.5893],[2.6826],[2.8329],[3.0678],[3.3698],[3.7181],[4.0732],[4.3966],[4.6591],[4.8309],[4.9557],[5.0463],[5.1443],[5.2725],[5.4409],[5.6228],[5.7866],[5.8993],[5.9114],[5.8262],[5.6604],[5.4503],[1.2463],[1.6242],[1.9691],[2.2698],[2.5201],[2.745],[2.9423],[3.151],[3.3846],[3.651],[3.9463],[4.2248],[4.4604],[4.6255],[4.7054],[4.7141],[4.7007],[4.7114],[4.7872],[4.9342],[5.1483],[5.3819],[5.5812],[5.7034],[5.7396],[5.7013],[5.6369],[1.306],[1.5765],[1.8913],[2.2242],[2.547],[2.8282],[3.0497],[3.2181],[3.3631],[3.4987],[3.6597],[3.8315],[4.004],[4.143],[4.2275],[4.2638],[4.2705],[4.298],[4.3779],[4.5282],[4.7638],[5.0497],[5.3396],[5.596],[5.8121],[5.9872],[6.1503],[2.3275],[2.3262],[2.4262],[2.6161],[2.8503],[3.0779],[3.2248],[3.2973],[3.3034],[3.2919],[3.3094],[3.3933],[3.5383],[3.7221],[3.9101],[4.0698],[4.2101],[4.3356],[4.457],[4.6121],[4.8047],[5.0369],[5.3034],[5.5987],[5.9242],[6.2651],[6.6262],[3.6329],[3.3839],[3.249],[3.2564],[3.3597],[3.4899],[3.5866],[3.6181],[3.5886],[3.5436],[3.5221],[3.5463],[3.6309],[3.7584],[3.906],[4.0591],[4.2074],[4.3349],[4.4396],[4.5268],[4.6228],[4.7443],[4.9154],[5.1752],[5.5262],[5.955],[6.447],[4.4537],[4.0966],[3.8409],[3.7195],[3.7168],[3.8007],[3.9148],[4.0289],[4.1221],[4.1906],[4.247],[4.2658],[4.2362],[4.153],[4.0315],[3.9121],[3.8188],[3.7584],[3.7329],[3.7255],[3.7322],[3.7765],[3.8993],[4.1174],[4.453],[4.9034],[5.4248],[4.8779],[4.5027],[4.1779],[3.9523],[3.8611],[3.8745],[3.9846],[4.1409],[4.3161],[4.5],[4.6342],[4.6933],[4.6141],[4.3779],[4.0242],[3.6228],[3.2611],[2.9805],[2.7919],[2.6879],[2.643],[2.6685],[2.7859],[2.9792],[3.2557],[3.594],[4.0067],[5.5027],[5.0658],[4.6255],[4.2577],[4.0121],[3.8973],[3.8597],[3.8685],[3.8973],[3.9423],[4.0054],[4.0624],[4.0523],[3.9262],[3.6617],[3.3228],[2.9698],[2.6604],[2.3993],[2.2201],[2.1268],[2.1336],[2.2195],[2.3631],[2.5121],[2.6389],[2.7805],[6.3329],[5.7933],[5.2054],[4.6591],[4.2389],[3.953],[3.755],[3.5604],[3.3322],[3.096],[2.9268],[2.8705],[2.9034],[2.9678],[2.9946],[2.9691],[2.8711],[2.7121],[2.5081],[2.302],[2.1443],[2.0893],[2.1336],[2.2148],[2.2275],[2.153],[2.0477],[6.7047],[6.1309],[5.4758],[4.8188],[4.2906],[3.9685],[3.8107],[3.6899],[3.5034],[3.2268],[2.9121],[2.6617],[2.5436],[2.5416],[2.604],[2.6859],[2.7369],[2.698],[2.5644],[2.3638],[2.1792],[2.0946],[2.1094],[2.145],[2.1148],[1.9765],[1.8141],[6.2691],[5.853],[5.3101],[4.6973],[4.2007],[4.002],[4.147],[4.4906],[4.7987],[4.8832],[4.7107],[4.3651],[3.9718],[3.6195],[3.345],[3.1517],[3.0221],[2.9047],[2.7557],[2.5705],[2.3826],[2.2745],[2.2477],[2.245],[2.1906],[2.0832],[2.0208],[5.4872],[5.357],[5.0859],[4.6933],[4.3933],[4.4248],[4.9054],[5.694],[6.4805],[6.9799],[7.0805],[6.8295],[6.3745],[5.8315],[5.3094],[4.8416],[4.4799],[4.1919],[3.9409],[3.6792],[3.4201],[3.206],[3.0591],[2.9477],[2.8336],[2.7362],[2.7255],[4.8128],[4.8859],[4.9228],[4.9201],[4.9846],[5.2631],[5.8262],[6.5456],[7.2215],[7.651],[7.8087],[7.7886],[7.6866],[7.555],[7.3658],[7.1107],[6.8007],[6.4685],[6.0953],[5.6832],[5.2396],[4.8349],[4.5309],[4.3268],[4.2054],[4.1101],[4.0463],[3.9779],[4.1248],[4.4611],[4.943],[5.4812],[5.9577],[6.2691],[6.4027],[6.3664],[6.2678],[6.2604],[6.5013],[6.9993],[7.6389],[8.1852],[8.4893],[8.4913],[8.2436],[7.8168],[7.2899],[6.7208],[6.2208],[5.8933],[5.7705],[5.8121],[5.8617],[5.7919],[2.7114],[3.0517],[3.7497],[4.7342],[5.6658],[6.1772],[6.0913],[5.5624],[4.9007],[4.4329],[4.3752],[4.8215],[5.6866],[6.7295],[7.6544],[8.2181],[8.3631],[8.1644],[7.7785],[7.3221],[6.8987],[6.5772],[6.4403],[6.5383],[6.8376],[7.1671],[7.2993],[1.8013],[2.6242],[3.8201],[5.1752],[6.2161],[6.5221],[6.0705],[5.2503],[4.5577],[4.2839],[4.451],[4.9362],[5.5872],[6.2369],[6.7148],[6.9],[6.7966],[6.5027],[6.206],[6.0128],[5.9859],[6.0658],[6.202],[6.4181],[6.7779],[7.2597],[7.6792],[2.5],[3.902],[5.4436],[6.8107],[7.5785],[7.5034],[6.8295],[6.1188],[5.8174],[5.9577],[6.2711],[6.4718],[6.4557],[6.2477],[5.9081],[5.4745],[5.0013],[4.5913],[4.3899],[4.4966],[4.8772],[5.3362],[5.6523],[5.753],[5.8101],[6.0557],[6.5416],[4.8221],[6.3141],[7.5812],[8.4128],[8.6174],[8.2134],[7.5497],[7.1034],[7.053],[7.2094],[7.204],[6.8503],[6.2134],[5.4604],[4.7221],[4.0651],[3.5477],[3.2],[3.1094],[3.3691],[3.9336],[4.5839],[4.9617],[4.8866],[4.5067],[4.2101],[4.302],[6.8678],[7.6872],[7.9819],[7.8658],[7.4839],[7.0007],[6.5899],[6.3792],[6.2416],[5.9342],[5.3148],[4.5161],[3.7436],[3.1188],[2.6591],[2.3409],[2.155],[2.0752],[2.1208],[2.357],[2.843],[3.4336],[3.8329],[3.7638],[3.202],[2.398],[1.7738],[6.2047],[6.0846],[5.3644],[4.4799],[3.8094],[3.4953],[3.4362],[3.3859],[3.0624],[2.3718],[1.4765],[0.7074],[0.2765],[0.1456],[0.1805],[0.3275],[0.5718],[0.8322],[1.0268],[1.1906],[1.4463],[1.8067],[2.1268],[2.1678],[1.7309],[0.755],[-0.5054],[2.0248],[1.4866],[0.5362],[-0.3396],[-0.8094],[-0.8644],[-0.7651],[-0.7946],[-1.1154],[-1.6698],[-2.2114],[-2.4799],[-2.4396],[-2.2275],[-1.9376],[-1.5107],[-0.9483],[-0.4282],[-0.1181],[0.0101],[0.0966],[0.1879],[0.2523],[0.2275],[-0.0443],[-0.8503],[-2.2752],[-4.1315],[-4.396],[-4.7027],[-4.8564],[-4.7779],[-4.6564],[-4.6812],[-4.8664],[-5.0638],[-5.1201],[-4.9718],[-4.6564],[-4.3114],[-3.9946],[-3.6047],[-2.9738],[-2.2047],[-1.6007],[-1.2805],[-1.1208],[-0.9752],[-0.9705],[-1.2114],[-1.5591],[-1.8477],[-2.3007],[-3.2852]]},{"header":{"disciplineName":["Meteorological products"],"parameterCategory":[2],"parameterCategoryName":["v-component of wind"],"parameterNumberName":["v-component of wind"],"parameterNumber":[3],"parameterUnits":["m s-1"],"refTime":["2017-03-17T0000:00.000Z"],"numberPoints":[621],"nx":[27],"ny":[23],"lo1":[-20],"la1":[70],"lo2":[45],"la2":[45],"dx":[2.5],"dy":[2.5]},"data":[[-2.6792],[-2.7309],[-2.6101],[-2.3349],[-1.9275],[-1.404],[-0.8201],[-0.2201],[0.3342],[0.7893],[1.1221],[1.3067],[1.3564],[1.2973],[1.1604],[0.9826],[0.7919],[0.5966],[0.3966],[0.1711],[-0.0866],[-0.3805],[-0.7128],[-1.0638],[-1.4027],[-1.7007],[-1.947],[-1.9094],[-2.0879],[-2.1221],[-2.0013],[-1.7034],[-1.2409],[-0.643],[0.0282],[0.6919],[1.2792],[1.7188],[1.9745],[2.051],[1.9604],[1.7611],[1.5094],[1.2436],[0.9879],[0.7168],[0.4289],[0.0973],[-0.2906],[-0.7248],[-1.1718],[-1.5832],[-1.9094],[-2.1262],[-0.9624],[-1.2121],[-1.357],[-1.3577],[-1.1819],[-0.8248],[-0.304],[0.3262],[0.9819],[1.5832],[2.0456],[2.3034],[2.3436],[2.2027],[1.9416],[1.6268],[1.3282],[1.0711],[0.8376],[0.5946],[0.3081],[-0.0651],[-0.5121],[-0.9933],[-1.4564],[-1.8174],[-2.0564],[-0.3698],[-0.5517],[-0.6215],[-0.5765],[-0.4034],[-0.1067],[0.3067],[0.8114],[1.353],[1.8624],[2.2597],[2.4832],[2.504],[2.3456],[2.053],[1.7208],[1.4208],[1.1946],[1.0436],[0.9174],[0.749],[0.4899],[0.1201],[-0.3456],[-0.8342],[-1.2611],[-1.5691],[-0.2423],[-0.2443],[-0.0919],[0.1423],[0.4174],[0.7114],[1.0148],[1.3497],[1.7087],[2.0752],[2.4007],[2.6181],[2.6785],[2.5732],[2.3242],[2.0114],[1.7074],[1.4738],[1.3369],[1.2732],[1.2141],[1.0852],[0.8302],[0.4423],[-0.045],[-0.5369],[-0.955],[-0.3993],[-0.2463],[0.0879],[0.5],[0.8772],[1.1772],[1.3919],[1.5765],[1.7866],[2.0282],[2.2987],[2.5349],[2.6624],[2.6463],[2.4866],[2.2221],[1.9181],[1.6577],[1.4913],[1.4362],[1.4503],[1.445],[1.3423],[1.0872],[0.655],[0.1523],[-0.3443],[-0.702],[-0.5255],[-0.1383],[0.3289],[0.7691],[1.1027],[1.3289],[1.5007],[1.6651],[1.857],[2.0745],[2.253],[2.3477],[2.3282],[2.2054],[1.9906],[1.7497],[1.5342],[1.3926],[1.3913],[1.5034],[1.6671],[1.7617],[1.6913],[1.4007],[0.951],[0.4678],[-1.1537],[-1.002],[-0.6349],[-0.1302],[0.4047],[0.8785],[1.2497],[1.5389],[1.7725],[1.9671],[2.1007],[2.1215],[2.0174],[1.8268],[1.6148],[1.4248],[1.2879],[1.1852],[1.1624],[1.2638],[1.5074],[1.8523],[2.1577],[2.2839],[2.1604],[1.8336],[1.4168],[-1.6832],[-1.5678],[-1.1725],[-0.5329],[0.196],[0.8826],[1.4054],[1.7785],[2.0604],[2.2597],[2.3302],[2.2087],[1.8987],[1.4953],[1.1497],[0.9523],[0.8852],[0.8973],[0.9544],[1.1047],[1.3987],[1.8315],[2.2678],[2.5275],[2.5242],[2.3081],[2.0034],[-2.2765],[-2.2034],[-1.7403],[-0.9101],[0.0523],[0.8846],[1.4349],[1.7295],[1.9174],[2.1007],[2.2101],[2.1356],[1.804],[1.345],[0.9544],[0.7738],[0.7718],[0.8221],[0.843],[0.898],[1.1134],[1.5101],[1.9711],[2.2919],[2.3409],[2.1906],[1.9779],[-2.8993],[-2.9268],[-2.4577],[-1.5201],[-0.3926],[0.5416],[1.0483],[1.1933],[1.2349],[1.3785],[1.5859],[1.6664],[1.4711],[1.0859],[0.7617],[0.6745],[0.7651],[0.8597],[0.8221],[0.753],[0.851],[1.2081],[1.6705],[2.0121],[2.0953],[1.9826],[1.8443],[-3.3899],[-3.5705],[-3.2309],[-2.3201],[-1.0799],[0.0523],[0.7342],[0.9289],[0.9034],[0.9544],[1.1047],[1.1732],[0.9557],[0.5577],[0.2564],[0.2658],[0.5134],[0.7262],[0.7416],[0.6691],[0.7745],[1.1839],[1.7154],[2.1255],[2.2523],[2.2027],[2.1423],[-3.557],[-3.8544],[-3.7221],[-2.9329],[-1.5544],[-0.0047],[1.1671],[1.6785],[1.6624],[1.4577],[1.2577],[0.9772],[0.4913],[-0.1242],[-0.5389],[-0.5121],[-0.1517],[0.2168],[0.3483],[0.3745],[0.5993],[1.155],[1.8463],[2.3564],[2.5698],[2.6262],[2.6792],[-3.5174],[-3.8275],[-3.8416],[-3.1389],[-1.5678],[0.4725],[2.2027],[3.0201],[2.9007],[2.2846],[1.6074],[0.953],[0.2087],[-0.6],[-1.1732],[-1.255],[-0.9268],[-0.5564],[-0.398],[-0.3268],[-1.1001e-09],[0.7154],[1.5893],[2.2483],[2.555],[2.6792],[2.7893],[-3.5577],[-3.749],[-3.7],[-2.9477],[-1.2383],[1.0362],[2.9523],[3.743],[3.3544],[2.4235],[1.5678],[0.9557],[0.3282],[-0.451],[-1.1664],[-1.4765],[-1.3779],[-1.2047],[-1.1973],[-1.2235],[-0.8839],[-0.0134],[1.0852],[1.9497],[2.345],[2.396],[2.3107],[-3.6201],[-3.5087],[-3.1691],[-2.2799],[-0.6463],[1.3477],[2.8819],[3.2919],[2.7107],[1.8765],[1.4242],[1.3181],[1.0758],[0.3779],[-0.5389],[-1.1926],[-1.4289],[-1.5215],[-1.7463],[-1.9215],[-1.604],[-0.5725],[0.8215],[1.9711],[2.4718],[2.3134],[1.7671],[-3.1477],[-2.5644],[-1.8557],[-0.9362],[0.2685],[1.4993],[2.2383],[2.2221],[1.7792],[1.5436],[1.8154],[2.2463],[2.1604],[1.2812],[0.0336],[-0.949],[-1.4584],[-1.7617],[-2.155],[-2.4235],[-2.0517],[-0.8208],[0.8819],[2.3577],[3.0195],[2.7107],[1.6591],[-1.7557],[-0.7611],[0.1107],[0.8101],[1.3295],[1.6],[1.5497],[1.3201],[1.3268],[1.8463],[2.6866],[3.1738],[2.7423],[1.4544],[-0.0705],[-1.1906],[-1.7846],[-2.2228],[-2.6953],[-2.9168],[-2.3732],[-0.9134],[1.0081],[2.6604],[3.4919],[3.2557],[2.0228],[0.2309],[1.2067],[1.8477],[2.1456],[2.1027],[1.7255],[1.1953],[0.9577],[1.3832],[2.3591],[3.2389],[3.3141],[2.355],[0.7872],[-0.6805],[-1.6268],[-2.1993],[-2.7289],[-3.2268],[-3.2537],[-2.3805],[-0.6893],[1.2181],[2.7463],[3.5745],[3.5631],[2.5597],[2.0537],[2.4248],[2.5221],[2.5342],[2.4081],[1.9752],[1.3846],[1.1611],[1.6537],[2.5503],[3.0792],[2.6772],[1.4698],[0.0611],[-1.0074],[-1.6718],[-2.1933],[-2.7872],[-3.2114],[-2.9315],[-1.7047],[0.0933],[1.7268],[2.7691],[3.3],[3.4141],[2.8161],[3.1866],[2.6738],[2.1852],[2.1537],[2.3879],[2.3383],[1.9168],[1.5866],[1.7886],[2.2872],[2.4282],[1.8671],[0.8725],[-0.0537],[-0.6919],[-1.1597],[-1.6631],[-2.1993],[-2.4154],[-1.9201],[-0.6262],[0.9463],[2.0946],[2.5537],[2.645],[2.6819],[2.3456],[3.496],[2.3081],[1.4376],[1.4336],[1.9832],[2.2678],[1.949],[1.451],[1.294],[1.4336],[1.4295],[1.0671],[0.5611],[0.1302],[-0.243],[-0.6631],[-1.0886],[-1.3785],[-1.3913],[-1.0013],[-0.2054],[0.7631],[1.4436],[1.6181],[1.4953],[1.3819],[1.0846],[2.947],[1.6094],[0.5872],[0.4174],[0.8168],[1.047],[0.7134],[0.1624],[-0.1255],[-0.1034],[-0.0604],[-0.1174],[-0.1691],[-0.2215],[-0.4255],[-0.7671],[-1.0295],[-1.0765],[-1.053],[-1.0987],[-1.0705],[-0.7477],[-0.2235],[0.1436],[0.1859],[-0.0134],[-0.4302]]}]