html/data/WT_pct09_ind_wt_2_1.json
[{"header":{"disciplineName":["Meteorological products"],"parameterCategory":[0],"parameterCategoryName":["Temperature"],"parameterNumberName":["Temperature"],"parameterNumber":[0],"parameterUnits":["K"],"refTime":["2017-03-17T0000:00.000Z"],"numberPoints":[621],"nx":[27],"ny":[23],"lo1":[-20],"la1":[70],"lo2":[45],"la2":[45],"dx":[2.5],"dy":[2.5]},"data":[[-14.6808],[-13.7038],[-12.7375],[-11.8317],[-10.9952],[-10.2702],[-9.6471],[-9.1721],[-8.8202],[-8.6154],[-8.5308],[-8.5702],[-8.7048],[-8.924],[-9.1942],[-9.501],[-9.8298],[-10.151],[-10.4606],[-10.7712],[-11.0663],[-11.3654],[-11.6808],[-12.0212],[-12.4106],[-12.8462],[-13.3346],[-11.1365],[-10.5125],[-9.9558],[-9.475],[-9.0327],[-8.6452],[-8.2885],[-7.9933],[-7.7663],[-7.6317],[-7.5913],[-7.6567],[-7.8279],[-8.0875],[-8.4308],[-8.8288],[-9.2654],[-9.7135],[-10.1538],[-10.576],[-10.9731],[-11.3442],[-11.6865],[-12.0154],[-12.35],[-12.7058],[-13.0962],[-7.7442],[-7.5721],[-7.4721],[-7.3885],[-7.2885],[-7.1548],[-6.9837],[-6.8029],[-6.6615],[-6.576],[-6.5808],[-6.6923],[-6.9096],[-7.2442],[-7.649],[-8.1327],[-8.6635],[-9.2202],[-9.7846],[-10.3462],[-10.8788],[-11.35],[-11.7596],[-12.1067],[-12.3933],[-12.6683],[-12.9279],[-5.5173],[-5.5952],[-5.6971],[-5.7673],[-5.7808],[-5.7365],[-5.6462],[-5.5625],[-5.5038],[-5.5144],[-5.6163],[-5.8212],[-6.099],[-6.4538],[-6.851],[-7.301],[-7.7885],[-8.3106],[-8.8779],[-9.4875],[-10.1],[-10.6808],[-11.2038],[-11.6394],[-11.9817],[-12.2548],[-12.4933],[-4.4154],[-4.4356],[-4.4442],[-4.4279],[-4.3962],[-4.3615],[-4.349],[-4.3731],[-4.4567],[-4.6038],[-4.8183],[-5.0827],[-5.375],[-5.6837],[-6.0038],[-6.3337],[-6.701],[-7.1385],[-7.6673],[-8.2865],[-8.9567],[-9.6317],[-10.2577],[-10.775],[-11.1837],[-11.499],[-11.7731],[-3.524],[-3.35],[-3.1885],[-3.0779],[-3.05],[-3.0942],[-3.2163],[-3.3788],[-3.5702],[-3.7788],[-3.9952],[-4.225],[-4.4538],[-4.6894],[-4.9548],[-5.2519],[-5.6394],[-6.1317],[-6.7462],[-7.4365],[-8.1808],[-8.8846],[-9.5],[-9.975],[-10.3173],[-10.5654],[-10.8048],[-2.1692],[-1.9212],[-1.7606],[-1.7231],[-1.8288],[-2.0394],[-2.2923],[-2.5365],[-2.7413],[-2.9058],[-3.0452],[-3.1837],[-3.3462],[-3.5587],[-3.8587],[-4.2779],[-4.8346],[-5.5183],[-6.3019],[-7.1058],[-7.8615],[-8.4933],[-8.9558],[-9.2433],[-9.3817],[-9.4577],[-9.5452],[-0.5385],[-0.3981],[-0.3644],[-0.4827],[-0.725],[-1.0462],[-1.3625],[-1.6202],[-1.8019],[-1.951],[-2.0913],[-2.2558],[-2.4587],[-2.7413],[-3.1452],[-3.6923],[-4.3856],[-5.1788],[-5.9913],[-6.724],[-7.3385],[-7.7817],[-8.0606],[-8.1875],[-8.2077],[-8.1827],[-8.1962],[0.824],[0.8577],[0.8154],[0.6692],[0.4154],[0.1077],[-0.1788],[-0.4413],[-0.674],[-0.9308],[-1.2308],[-1.5692],[-1.9423],[-2.3567],[-2.8404],[-3.4327],[-4.1154],[-4.8125],[-5.4192],[-5.8702],[-6.1721],[-6.374],[-6.5317],[-6.6712],[-6.7827],[-6.8702],[-6.9577],[1.7942],[1.8096],[1.8269],[1.7673],[1.6067],[1.375],[1.1087],[0.8394],[0.5346],[0.1663],[-0.2913],[-0.7933],[-1.3163],[-1.8288],[-2.3952],[-3.0144],[-3.674],[-4.2538],[-4.6442],[-4.7875],[-4.7625],[-4.7346],[-4.8096],[-5.0058],[-5.2587],[-5.4942],[-5.701],[2.6087],[2.649],[2.726],[2.7452],[2.6423],[2.4231],[2.15],[1.875],[1.5981],[1.274],[0.8827],[0.4135],[-0.1038],[-0.6615],[-1.3202],[-2.0721],[-2.8577],[-3.4962],[-3.8413],[-3.849],[-3.6471],[-3.4452],[-3.3933],[-3.5144],[-3.7106],[-3.9029],[-4.076],[3.45],[3.4615],[3.5365],[3.5673],[3.4596],[3.2087],[2.8942],[2.6375],[2.4625],[2.324],[2.1337],[1.8394],[1.425],[0.8606],[0.1298],[-0.7635],[-1.6865],[-2.4404],[-2.8452],[-2.8519],[-2.6192],[-2.3471],[-2.1808],[-2.126],[-2.1087],[-2.0913],[-2.126],[4.3221],[4.2913],[4.3529],[4.4144],[4.3548],[4.1173],[3.8067],[3.5413],[3.4029],[3.3385],[3.2375],[3.0183],[2.6548],[2.1173],[1.4163],[0.5606],[-0.3058],[-0.9654],[-1.2923],[-1.2913],[-1.1038],[-0.8942],[-0.7337],[-0.6067],[-0.4587],[-0.2981],[-0.2038],[5.2288],[5.1942],[5.3],[5.476],[5.5692],[5.449],[5.1769],[4.8654],[4.6173],[4.4154],[4.1865],[3.8837],[3.499],[3.0365],[2.4625],[1.8077],[1.1894],[0.7644],[0.6212],[0.6827],[0.8144],[0.9356],[1.05],[1.174],[1.3038],[1.4413],[1.5933],[6.1779],[6.1683],[6.3375],[6.6327],[6.8942],[6.9212],[6.7106],[6.3567],[5.976],[5.5923],[5.199],[4.7933],[4.4019],[4.0298],[3.6125],[3.1125],[2.6452],[2.3452],[2.2798],[2.3673],[2.499],[2.6846],[2.9471],[3.2298],[3.3779],[3.3981],[3.5365],[7.0769],[7.1087],[7.3038],[7.651],[7.9712],[8.099],[7.9606],[7.6375],[7.2548],[6.8548],[6.4298],[5.999],[5.6317],[5.3087],[4.95],[4.4712],[3.9558],[3.6038],[3.5135],[3.6038],[3.8192],[4.2587],[4.9423],[5.651],[5.9625],[5.8019],[5.6808],[7.8721],[7.9731],[8.2067],[8.524],[8.8404],[9.0135],[8.9865],[8.8048],[8.5606],[8.2913],[7.9481],[7.5087],[7.0731],[6.6837],[6.2808],[5.7817],[5.25],[4.9029],[4.8663],[5.0683],[5.4163],[6.0769],[7.1654],[8.3567],[8.925],[8.5375],[7.8471],[8.6933],[8.9885],[9.2779],[9.5654],[9.8452],[10.076],[10.1933],[10.1875],[10.1481],[10.0558],[9.8077],[9.3038],[8.6673],[8.0808],[7.6154],[7.1779],[6.7635],[6.5846],[6.7837],[7.2019],[7.6529],[8.2837],[9.424],[10.8952],[11.8096],[11.4327],[10.2308],[9.9058],[10.4087],[10.774],[11.025],[11.251],[11.5058],[11.7231],[11.8567],[11.9452],[12.0067],[11.8538],[11.3106],[10.4731],[9.6981],[9.2221],[8.9115],[8.625],[8.5375],[8.8913],[9.5144],[10.0019],[10.3885],[11.225],[12.7519],[14.1798],[14.3817],[13.2442],[11.6808],[12.3394],[12.7596],[12.95],[13.0663],[13.2529],[13.451],[13.575],[13.6615],[13.7846],[13.7394],[13.2288],[12.3462],[11.5683],[11.2183],[11.0769],[10.8087],[10.5356],[10.7346],[11.4019],[11.9952],[12.2192],[12.6721],[14.0558],[15.9798],[17.0933],[16.6433],[13.9173],[14.651],[15.1038],[15.2394],[15.2212],[15.2413],[15.2865],[15.2769],[15.2471],[15.2885],[15.249],[14.8048],[14.0154],[13.4144],[13.4],[13.6087],[13.4288],[12.8683],[12.6885],[13.2538],[14.0519],[14.4221],[14.6644],[15.675],[17.5163],[19.0654],[19.1731],[16.2096],[16.9538],[17.4692],[17.6413],[17.5452],[17.401],[17.2923],[17.1538],[16.9913],[16.8875],[16.7327],[16.2673],[15.5721],[15.226],[15.6298],[16.3683],[16.5567],[15.9875],[15.4654],[15.8096],[16.7788],[17.5317],[17.8231],[18.2894],[19.3029],[20.2058],[20.0471],[18.0029],[18.7029],[19.2913],[19.5702],[19.5183],[19.3375],[19.2096],[19.1096],[18.9769],[18.8038],[18.5327],[18.0404],[17.4548],[17.2846],[17.9413],[19.0885],[19.7894],[19.5288],[18.8798],[18.8423],[19.6865],[20.7635],[21.3846],[21.5442],[21.5212],[21.149],[20.0365]]},{"header":{"disciplineName":["Meteorological products"],"parameterCategory":[2],"parameterCategoryName":["u-component of wind"],"parameterNumberName":["u-component of wind"],"parameterNumber":[2],"parameterUnits":["m s-1"],"refTime":["2017-03-17T0000:00.000Z"],"numberPoints":[621],"nx":[27],"ny":[23],"lo1":[-20],"la1":[70],"lo2":[45],"la2":[45],"dx":[2.5],"dy":[2.5]},"data":[[1.8288],[2.1875],[2.4462],[2.6375],[2.8],[2.9596],[3.151],[3.3933],[3.6625],[3.9615],[4.2404],[4.4808],[4.6577],[4.7615],[4.7952],[4.774],[4.7231],[4.6731],[4.6221],[4.5913],[4.5587],[4.5308],[4.4731],[4.3971],[4.2731],[4.1356],[3.9923],[2.4212],[3.0971],[3.6221],[4.0635],[4.4269],[4.7894],[5.1644],[5.575],[6.0058],[6.4298],[6.8135],[7.0981],[7.251],[7.251],[7.1087],[6.8519],[6.5375],[6.1971],[5.8856],[5.6279],[5.4202],[5.2625],[5.1288],[5.0154],[4.8875],[4.7837],[4.6837],[3.9404],[4.6048],[5.1625],[5.6327],[6.0577],[6.449],[6.8433],[7.2346],[7.6269],[7.9981],[8.3288],[8.5635],[8.6625],[8.6],[8.3779],[8.0183],[7.575],[7.0981],[6.649],[6.2548],[5.9587],[5.7221],[5.5712],[5.4779],[5.4317],[5.4231],[5.451],[6.1894],[6.6317],[7.0346],[7.4115],[7.7375],[7.9894],[8.1596],[8.2596],[8.3038],[8.3327],[8.3596],[8.3856],[8.3769],[8.324],[8.1875],[7.9615],[7.701],[7.3894],[7.076],[6.7615],[6.4712],[6.2221],[6.0298],[5.9144],[5.8808],[5.9221],[6.0394],[8.6115],[8.8231],[9.0577],[9.2846],[9.475],[9.5183],[9.3962],[9.099],[8.7077],[8.3029],[7.9481],[7.7029],[7.5452],[7.4654],[7.4231],[7.4135],[7.4077],[7.3683],[7.2875],[7.151],[6.9365],[6.6923],[6.45],[6.275],[6.2019],[6.2404],[6.376],[10.6058],[10.5904],[10.6173],[10.6817],[10.7029],[10.5933],[10.2913],[9.8269],[9.2596],[8.7077],[8.2365],[7.8663],[7.6106],[7.401],[7.251],[7.1433],[7.0817],[7.0394],[6.9837],[6.8846],[6.7317],[6.5462],[6.3683],[6.2721],[6.2808],[6.3952],[6.599],[11.8587],[11.5894],[11.3375],[11.1288],[10.9394],[10.7029],[10.3837],[9.9962],[9.5952],[9.2577],[9.0048],[8.8],[8.551],[8.2096],[7.7625],[7.2644],[6.7769],[6.3654],[6.0279],[5.7779],[5.6125],[5.5548],[5.6202],[5.8019],[6.0519],[6.3317],[6.6019],[12.3135],[11.8317],[11.3356],[10.8971],[10.5173],[10.1548],[9.7913],[9.4356],[9.1654],[9.0144],[8.9817],[8.9702],[8.8529],[8.5154],[7.9308],[7.1712],[6.3481],[5.5856],[4.9635],[4.5587],[4.4029],[4.5115],[4.8519],[5.3327],[5.7769],[6.0856],[6.224],[11.9875],[11.4529],[10.949],[10.4981],[10.074],[9.6356],[9.124],[8.55],[8.0106],[7.6135],[7.4125],[7.3673],[7.326],[7.149],[6.774],[6.2231],[5.5692],[4.9481],[4.4317],[4.1221],[4.0865],[4.3779],[4.9067],[5.4981],[5.9038],[5.9663],[5.725],[10.9337],[10.5173],[10.1817],[9.8923],[9.5875],[9.15],[8.5038],[7.6481],[6.6913],[5.8087],[5.1644],[4.801],[4.6548],[4.6115],[4.5644],[4.4865],[4.3894],[4.2933],[4.2548],[4.3269],[4.5712],[5.0394],[5.6462],[6.2087],[6.4712],[6.2904],[5.749],[9.5019],[9.1433],[8.8894],[8.675],[8.4375],[8.0673],[7.4817],[6.649],[5.6663],[4.6702],[3.8192],[3.2135],[2.8558],[2.7029],[2.7077],[2.8375],[3.0913],[3.4567],[3.8615],[4.3048],[4.8019],[5.3885],[6.025],[6.5808],[6.8721],[6.8],[6.4442],[8.101],[7.6375],[7.251],[6.9163],[6.6163],[6.3144],[5.9885],[5.6],[5.1413],[4.625],[4.0913],[3.5731],[3.0856],[2.6663],[2.3913],[2.3106],[2.4712],[2.8404],[3.3183],[3.8308],[4.3471],[4.875],[5.4433],[6.0202],[6.5317],[6.9115],[7.1558],[6.8212],[6.2702],[5.7769],[5.3567],[5.0452],[4.8625],[4.8346],[4.9346],[5.0904],[5.2183],[5.226],[5.0471],[4.6615],[4.1442],[3.6529],[3.3346],[3.2462],[3.3529],[3.5731],[3.826],[4.0788],[4.351],[4.701],[5.1865],[5.8115],[6.5385],[7.2837],[5.5087],[5.051],[4.7029],[4.4673],[4.3606],[4.3894],[4.5279],[4.7683],[5.1163],[5.5115],[5.8683],[6.0615],[6.0538],[5.8673],[5.6346],[5.4788],[5.4154],[5.3673],[5.2894],[5.1913],[5.1087],[5.0971],[5.1827],[5.4394],[5.8962],[6.5212],[7.1942],[4.0587],[3.8337],[3.7548],[3.8212],[3.9827],[4.1808],[4.3115],[4.4019],[4.5317],[4.8404],[5.3337],[5.9327],[6.4904],[6.9683],[7.3712],[7.7356],[7.9885],[8.0269],[7.8423],[7.5548],[7.3154],[7.1933],[7.1606],[7.2],[7.3394],[7.5731],[7.7673],[2.5788],[2.551],[2.6317],[2.8115],[3.0337],[3.2192],[3.2971],[3.2615],[3.2683],[3.5337],[4.2],[5.1971],[6.3144],[7.3413],[8.2529],[9.0375],[9.6106],[9.8625],[9.7663],[9.5298],[9.3712],[9.35],[9.3558],[9.325],[9.3067],[9.3288],[9.2413],[1.2423],[1.4115],[1.5702],[1.7],[1.8135],[1.9442],[2.0865],[2.2375],[2.4587],[2.9173],[3.751],[4.9106],[6.149],[7.2308],[8.1125],[8.8788],[9.55],[9.9712],[10.1038],[10.0875],[10.1433],[10.2788],[10.3731],[10.376],[10.4385],[10.6606],[10.8587],[0.3548],[0.8298],[1.2173],[1.4625],[1.6356],[1.8606],[2.2433],[2.7519],[3.3298],[3.951],[4.6817],[5.5231],[6.3],[6.8673],[7.2606],[7.701],[8.2865],[8.8644],[9.2673],[9.5096],[9.7462],[9.9856],[10.1212],[10.1558],[10.3779],[10.9558],[11.6596],[0.5],[1.2837],[1.9769],[2.5269],[2.9385],[3.3577],[3.926],[4.6529],[5.3606],[5.8952],[6.2481],[6.4712],[6.5519],[6.4837],[6.3942],[6.5769],[7.1385],[7.8654],[8.4548],[8.8375],[9.1365],[9.3885],[9.5173],[9.5702],[9.8423],[10.4933],[11.2615],[1.9029],[2.7231],[3.4423],[4.0606],[4.5269],[4.9038],[5.3413],[5.9115],[6.4692],[6.8144],[6.8596],[6.7135],[6.45],[6.151],[6],[6.2327],[6.8817],[7.6712],[8.2692],[8.5769],[8.751],[8.9135],[9.0346],[9.1106],[9.2933],[9.6173],[9.8125],[3.6192],[4.1433],[4.4635],[4.699],[4.8212],[4.849],[4.8933],[5.0769],[5.3837],[5.6615],[5.7788],[5.749],[5.651],[5.599],[5.7298],[6.176],[6.8923],[7.5942],[7.9962],[8.0731],[8.024],[8.0192],[8.0721],[8.1606],[8.2337],[8.1394],[7.5962],[3.9],[4.0952],[3.9538],[3.6923],[3.4452],[3.2163],[3.0221],[2.9587],[3.0894],[3.3702],[3.699],[3.9702],[4.1971],[4.4298],[4.7644],[5.2587],[5.8385],[6.2904],[6.4654],[6.3808],[6.2279],[6.1154],[6.0904],[6.1298],[6.1135],[5.7837],[4.8606],[1.7779],[1.8702],[1.625],[1.2673],[1.051],[1.0298],[1.0644],[1.0615],[1.1125],[1.3221],[1.6596],[2.0212],[2.3115],[2.5404],[2.7519],[3.0048],[3.2375],[3.3971],[3.4452],[3.4519],[3.4875],[3.5202],[3.5096],[3.4394],[3.2942],[2.876],[1.9846]]},{"header":{"disciplineName":["Meteorological products"],"parameterCategory":[2],"parameterCategoryName":["v-component of wind"],"parameterNumberName":["v-component of wind"],"parameterNumber":[3],"parameterUnits":["m s-1"],"refTime":["2017-03-17T0000:00.000Z"],"numberPoints":[621],"nx":[27],"ny":[23],"lo1":[-20],"la1":[70],"lo2":[45],"la2":[45],"dx":[2.5],"dy":[2.5]},"data":[[-0.5144],[-0.3394],[-0.0567],[0.2808],[0.6221],[0.9087],[1.1154],[1.1913],[1.1606],[1.024],[0.8327],[0.6106],[0.4077],[0.2615],[0.1683],[0.1173],[0.0837],[0.0183],[-0.1163],[-0.3356],[-0.6356],[-0.976],[-1.3125],[-1.576],[-1.7163],[-1.7125],[-1.55],[0.9577],[0.9923],[1.1135],[1.3019],[1.5087],[1.675],[1.7692],[1.7317],[1.5692],[1.2971],[0.949],[0.5952],[0.2856],[0.0625],[-0.0413],[-0.0577],[-0.0346],[-0.0327],[-0.125],[-0.3452],[-0.6942],[-1.1231],[-1.5538],[-1.901],[-2.0788],[-2.0442],[-1.7962],[2.5654],[2.4279],[2.4077],[2.4683],[2.575],[2.6462],[2.6298],[2.4712],[2.1577],[1.7058],[1.1423],[0.5644],[0.0356],[-0.3712],[-0.6202],[-0.7019],[-0.6865],[-0.6577],[-0.6731],[-0.8038],[-1.0519],[-1.3933],[-1.7154],[-1.9471],[-2.0106],[-1.8712],[-1.5577],[3.5375],[3.301],[3.2087],[3.2144],[3.2413],[3.2202],[3.0846],[2.8058],[2.3673],[1.8087],[1.151],[0.474],[-0.1423],[-0.651],[-0.9788],[-1.1548],[-1.2154],[-1.2375],[-1.2875],[-1.4096],[-1.5846],[-1.7721],[-1.8779],[-1.8635],[-1.7019],[-1.4096],[-1.025],[3.9433],[3.651],[3.5192],[3.4615],[3.3644],[3.15],[2.7942],[2.325],[1.7952],[1.2365],[0.6779],[0.1577],[-0.2885],[-0.6452],[-0.899],[-1.0452],[-1.1788],[-1.3538],[-1.5913],[-1.9],[-2.1779],[-2.3337],[-2.2779],[-1.9971],[-1.5587],[-1.0596],[-0.5933],[4.0702],[3.6923],[3.5058],[3.3519],[3.0769],[2.6192],[1.9962],[1.3385],[0.7288],[0.2452],[-0.1269],[-0.3971],[-0.5846],[-0.7],[-0.7596],[-0.8212],[-0.9596],[-1.2567],[-1.7183],[-2.2654],[-2.7125],[-2.8933],[-2.7173],[-2.2058],[-1.5212],[-0.8317],[-0.2827],[3.8183],[3.2962],[3.0356],[2.8481],[2.5346],[1.9923],[1.2933],[0.575],[-0.0163],[-0.4163],[-0.6788],[-0.8654],[-1.0135],[-1.1231],[-1.1817],[-1.2038],[-1.3077],[-1.5942],[-2.0683],[-2.6067],[-2.999],[-3.0394],[-2.6529],[-1.9433],[-1.1096],[-0.3654],[0.1654],[3.026],[2.3404],[2.0673],[1.9971],[1.8587],[1.4962],[0.926],[0.3298],[-0.1519],[-0.4615],[-0.7154],[-1.0058],[-1.4067],[-1.8221],[-2.1433],[-2.3183],[-2.4115],[-2.5471],[-2.7625],[-2.9558],[-2.9423],[-2.5654],[-1.8606],[-0.9962],[-0.2269],[0.3163],[0.6356],[1.9894],[1.2058],[0.9971],[1.1279],[1.2442],[1.0702],[0.6183],[0.074],[-0.3433],[-0.5615],[-0.7529],[-1.0827],[-1.6721],[-2.3904],[-3.026],[-3.4106],[-3.5452],[-3.5337],[-3.4288],[-3.1644],[-2.6019],[-1.7269],[-0.7212],[0.124],[0.5827],[0.6721],[0.6308],[1.174],[0.3971],[0.276],[0.5375],[0.7346],[0.5337],[-0.0913],[-0.851],[-1.376],[-1.5183],[-1.4606],[-1.5288],[-1.9279],[-2.6029],[-3.2769],[-3.7231],[-3.8731],[-3.7913],[-3.5058],[-2.9433],[-2.0269],[-0.8615],[0.2327],[0.8519],[0.8538],[0.4327],[0.0548],[0.5788],[-0.1058],[-0.175],[0.1],[0.2173],[-0.2048],[-1.1567],[-2.2529],[-2.9683],[-3.0625],[-2.7115],[-2.3442],[-2.3096],[-2.6346],[-3.0712],[-3.3615],[-3.401],[-3.224],[-2.851],[-2.1981],[-1.2106],[-0.0337],[0.9106],[1.2038],[0.7846],[0.0279],[-0.4837],[-0.0923],[-0.6587],[-0.7019],[-0.4644],[-0.4019],[-0.9154],[-1.9923],[-3.2163],[-4.026],[-4.1327],[-3.6875],[-3.1279],[-2.85],[-2.9173],[-3.0808],[-3.1125],[-2.9115],[-2.5279],[-1.9981],[-1.2587],[-0.2673],[0.7865],[1.4933],[1.5365],[0.9279],[0.1365],[-0.2865],[-0.8567],[-1.2846],[-1.2856],[-1.0279],[-0.9048],[-1.2663],[-2.1442],[-3.2077],[-3.9692],[-4.1904],[-3.9558],[-3.626],[-3.4827],[-3.5423],[-3.5942],[-3.4279],[-2.9894],[-2.3442],[-1.5625],[-0.6279],[0.4375],[1.4317],[2.0115],[1.9663],[1.4404],[0.8875],[0.6808],[-1.4462],[-1.6894],[-1.5663],[-1.2337],[-1.0183],[-1.1981],[-1.8269],[-2.6538],[-3.3625],[-3.7413],[-3.8327],[-3.849],[-3.9394],[-4.0846],[-4.1183],[-3.8923],[-3.3837],[-2.6404],[-1.7106],[-0.6154],[0.5721],[1.624],[2.226],[2.2712],[1.9856],[1.7587],[1.7683],[-1.7663],[-1.7952],[-1.5125],[-1.0885],[-0.8548],[-1.0212],[-1.5856],[-2.3212],[-2.9798],[-3.3894],[-3.5913],[-3.6885],[-3.8096],[-3.9462],[-4.0154],[-3.8923],[-3.5404],[-2.949],[-2.1375],[-1.0683],[0.1587],[1.2933],[2.0202],[2.2529],[2.2154],[2.225],[2.3385],[-1.9933],[-1.8673],[-1.4538],[-1.0019],[-0.8202],[-1.0856],[-1.674],[-2.3462],[-2.8298],[-3.0183],[-2.9683],[-2.8558],[-2.8702],[-3.0712],[-3.3442],[-3.5],[-3.4135],[-3.076],[-2.4933],[-1.6298],[-0.5154],[0.6423],[1.5231],[1.9952],[2.174],[2.3125],[2.4067],[-2.0933],[-1.9067],[-1.5058],[-1.1077],[-1.0192],[-1.3231],[-1.8596],[-2.3231],[-2.4827],[-2.276],[-1.8385],[-1.4933],[-1.549],[-2.0567],[-2.7471],[-3.2404],[-3.3327],[-3.1],[-2.6663],[-2.0298],[-1.1337],[-0.0471],[0.9779],[1.7029],[2.1577],[2.4365],[2.5221],[-1.7683],[-1.5596],[-1.2519],[-1.0212],[-1.051],[-1.3606],[-1.7663],[-2.0096],[-1.9029],[-1.4288],[-0.7952],[-0.4154],[-0.6558],[-1.5231],[-2.5538],[-3.2173],[-3.2885],[-2.9731],[-2.5827],[-2.1529],[-1.5106],[-0.5721],[0.5337],[1.5692],[2.4038],[2.9731],[3.1548],[-0.9154],[-0.6269],[-0.4048],[-0.3385],[-0.5183],[-0.8981],[-1.2894],[-1.5202],[-1.4394],[-1.0596],[-0.549],[-0.299],[-0.624],[-1.4577],[-2.3538],[-2.8202],[-2.7567],[-2.4567],[-2.1913],[-1.9779],[-1.5663],[-0.7663],[0.376],[1.6673],[2.8846],[3.7808],[4.0721],[0.2221],[0.5394],[0.7202],[0.699],[0.4087],[-0.0788],[-0.6087],[-1.0029],[-1.1615],[-1.0885],[-0.9077],[-0.8625],[-1.0721],[-1.424],[-1.6567],[-1.6481],[-1.5183],[-1.4808],[-1.5577],[-1.5808],[-1.2798],[-0.5288],[0.6202],[2.0135],[3.3654],[4.3106],[4.4615],[1.374],[1.4769],[1.5529],[1.4962],[1.1827],[0.6231],[0.0038],[-0.499],[-0.7721],[-0.8913],[-1.0154],[-1.1971],[-1.2798],[-1.0673],[-0.5394],[-0.0587],[0.0058],[-0.3692],[-0.8452],[-1.0288],[-0.7519],[-0.0125],[1.1192],[2.4615],[3.6058],[4.1192],[3.7404],[2.3846],[2.0721],[1.8923],[1.7394],[1.4183],[0.8788],[0.2923],[-0.1067],[-0.2481],[-0.2817],[-0.4644],[-0.7798],[-0.8615],[-0.3558],[0.5865],[1.2683],[1.2144],[0.5837],[-0.0808],[-0.3606],[-0.1923],[0.4423],[1.5029],[2.7135],[3.4683],[3.2625],[2.1356],[2.9817],[2.324],[1.849],[1.5067],[1.124],[0.6413],[0.1529],[-0.1106],[-0.0452],[0.1538],[0.1798],[0.0019],[-0.0019],[0.5452],[1.4519],[2.0442],[1.9106],[1.3048],[0.7337],[0.3865],[0.251],[0.5385],[1.4308],[2.5375],[2.9183],[2.0327],[0.326]]}]