html/data/WT_pct09_ind_wt_11_6.json
[{"header":{"disciplineName":["Meteorological products"],"parameterCategory":[0],"parameterCategoryName":["Temperature"],"parameterNumberName":["Temperature"],"parameterNumber":[0],"parameterUnits":["K"],"refTime":["2017-03-17T0000:00.000Z"],"numberPoints":[621],"nx":[27],"ny":[23],"lo1":[-20],"la1":[70],"lo2":[45],"la2":[45],"dx":[2.5],"dy":[2.5]},"data":[[-11.7143],[-10.9136],[-10.2065],[-9.5955],[-9.0747],[-8.6318],[-8.2513],[-7.9208],[-7.6312],[-7.3825],[-7.1708],[-7.0032],[-6.8877],[-6.8188],[-6.8032],[-6.8292],[-6.9045],[-7.0045],[-7.1279],[-7.2701],[-7.4377],[-7.6143],[-7.826],[-8.0766],[-8.3773],[-8.7331],[-9.1481],[-8.3682],[-7.9221],[-7.5591],[-7.2649],[-6.9987],[-6.7364],[-6.4675],[-6.1955],[-5.9344],[-5.6968],[-5.5071],[-5.3831],[-5.3455],[-5.3844],[-5.5097],[-5.7013],[-5.9422],[-6.2032],[-6.4695],[-6.7266],[-6.9584],[-7.1812],[-7.3883],[-7.6169],[-7.8766],[-8.1883],[-8.5571],[-5.3383],[-5.2818],[-5.2506],[-5.1922],[-5.0844],[-4.9156],[-4.7104],[-4.4721],[-4.2474],[-4.074],[-3.9734],[-3.9708],[-4.0727],[-4.2636],[-4.537],[-4.861],[-5.2182],[-5.5805],[-5.9078],[-6.2175],[-6.4929],[-6.7403],[-6.9714],[-7.2032],[-7.463],[-7.7597],[-8.1149],[-3.3162],[-3.4078],[-3.4506],[-3.4227],[-3.3221],[-3.1688],[-3.0065],[-2.8539],[-2.7487],[-2.726],[-2.7922],[-2.9578],[-3.1981],[-3.4994],[-3.8286],[-4.1636],[-4.4792],[-4.7779],[-5.0552],[-5.3214],[-5.5838],[-5.8513],[-6.1305],[-6.4169],[-6.7292],[-7.0773],[-7.4565],[-2.1208],[-2.0558],[-1.9461],[-1.8104],[-1.6753],[-1.5494],[-1.4675],[-1.4403],[-1.4786],[-1.589],[-1.7734],[-2.0201],[-2.3162],[-2.626],[-2.924],[-3.2013],[-3.4487],[-3.6708],[-3.8994],[-4.1532],[-4.4351],[-4.7468],[-5.0818],[-5.4286],[-5.7727],[-6.1344],[-6.5065],[-0.9247],[-0.6714],[-0.4591],[-0.3104],[-0.2416],[-0.239],[-0.2662],[-0.3208],[-0.3987],[-0.4968],[-0.6377],[-0.8312],[-1.0636],[-1.3266],[-1.6058],[-1.8831],[-2.1578],[-2.4519],[-2.7779],[-3.139],[-3.5221],[-3.9045],[-4.2604],[-4.5662],[-4.8234],[-5.0714],[-5.3344],[0.637],[0.8578],[0.9442],[0.9104],[0.8006],[0.6565],[0.5532],[0.4916],[0.4701],[0.4532],[0.4052],[0.3032],[0.1286],[-0.0961],[-0.3753],[-0.6825],[-1.0396],[-1.4435],[-1.8883],[-2.3721],[-2.8364],[-3.2539],[-3.5597],[-3.7513],[-3.85],[-3.9318],[-4.061],[2.1922],[2.2117],[2.0896],[1.8727],[1.6299],[1.4292],[1.2955],[1.2188],[1.1721],[1.1065],[1.0045],[0.8597],[0.6662],[0.4481],[0.2091],[-0.0416],[-0.3266],[-0.6636],[-1.0604],[-1.4896],[-1.9169],[-2.276],[-2.5169],[-2.639],[-2.6786],[-2.7071],[-2.7883],[3.3487],[3.2442],[3.0656],[2.8591],[2.6682],[2.5],[2.3318],[2.15],[1.9175],[1.6468],[1.3545],[1.0786],[0.8279],[0.6175],[0.463],[0.3487],[0.2442],[0.113],[-0.0675],[-0.2929],[-0.5526],[-0.7987],[-0.9948],[-1.1442],[-1.2662],[-1.4026],[-1.5727],[4.2649],[4.1981],[4.1396],[4.0831],[4.0065],[3.8617],[3.6156],[3.2708],[2.863],[2.4708],[2.1351],[1.8669],[1.6448],[1.4513],[1.2838],[1.1604],[1.0766],[1.0299],[0.9864],[0.9279],[0.8565],[0.7825],[0.6831],[0.539],[0.3253],[0.0565],[-0.2104],[5.2812],[5.2883],[5.3318],[5.361],[5.3006],[5.0916],[4.7351],[4.3104],[3.9331],[3.7084],[3.6286],[3.6045],[3.5084],[3.2721],[2.9286],[2.561],[2.2455],[2.0474],[1.9506],[1.9435],[2.0299],[2.1818],[2.3234],[2.3565],[2.2227],[1.9435],[1.639],[6.3565],[6.3734],[6.4078],[6.4032],[6.2812],[5.9883],[5.5786],[5.1909],[4.9955],[5.0675],[5.3299],[5.5799],[5.6065],[5.3039],[4.7513],[4.1318],[3.6065],[3.263],[3.1039],[3.1266],[3.3234],[3.6747],[4.0864],[4.3987],[4.4916],[4.3519],[4.1006],[7.2364],[7.2383],[7.2552],[7.2429],[7.1299],[6.8675],[6.5084],[6.1994],[6.1026],[6.2786],[6.639],[6.9604],[7.0214],[6.7305],[6.189],[5.5955],[5.1526],[4.9175],[4.8494],[4.913],[5.1221],[5.5097],[6.0045],[6.4584],[6.7396],[6.8487],[6.8305],[7.9104],[7.9325],[7.9981],[8.0948],[8.15],[8.074],[7.8565],[7.5968],[7.4182],[7.4175],[7.5675],[7.7597],[7.8351],[7.6994],[7.3877],[7.0649],[6.8727],[6.8357],[6.887],[6.9604],[7.0877],[7.3468],[7.7305],[8.124],[8.4519],[8.7981],[9.2643],[8.6032],[8.6481],[8.8],[9.0714],[9.3597],[9.5149],[9.4597],[9.2318],[8.9442],[8.7149],[8.6026],[8.6292],[8.7286],[8.7799],[8.7143],[8.5604],[8.4435],[8.4227],[8.4584],[8.4818],[8.5506],[8.7786],[9.1461],[9.5026],[9.7818],[10.2195],[11.1136],[9.3909],[9.4468],[9.6896],[10.1214],[10.576],[10.8688],[10.9221],[10.7753],[10.5149],[10.2318],[10.0097],[9.924],[9.9922],[10.0955],[10.0552],[9.8383],[9.5617],[9.3929],[9.3448],[9.387],[9.5734],[10.0448],[10.7461],[11.3442],[11.5864],[11.7701],[12.5175],[10.1591],[10.3162],[10.711],[11.2597],[11.7565],[12.0545],[12.1325],[12.1091],[12.0403],[11.9312],[11.7519],[11.561],[11.4481],[11.3805],[11.213],[10.8578],[10.4604],[10.2422],[10.2669],[10.4506],[10.8461],[11.6532],[12.8701],[13.9669],[14.3208],[13.9812],[13.8604],[11.0026],[11.4214],[12.026],[12.6299],[13.0506],[13.2545],[13.3227],[13.4221],[13.6182],[13.7799],[13.7227],[13.4084],[13.0026],[12.6571],[12.3539],[11.9805],[11.6338],[11.55],[11.7851],[12.1558],[12.6377],[13.5208],[15.0123],[16.6097],[17.3019],[16.6571],[15.4994],[12.3104],[13.0558],[13.8097],[14.3364],[14.5916],[14.6792],[14.7448],[14.9513],[15.3364],[15.7299],[15.7948],[15.3786],[14.7084],[14.1279],[13.7513],[13.4318],[13.1604],[13.1558],[13.5487],[14.0825],[14.5312],[15.1688],[16.4792],[18.2701],[19.4448],[19.0675],[17.5123],[14.3266],[15.287],[15.9968],[16.3195],[16.3883],[16.4182],[16.5149],[16.7208],[17.0987],[17.5182],[17.6091],[17.1383],[16.3026],[15.6071],[15.276],[15.0552],[14.7396],[14.5948],[14.9552],[15.6753],[16.2662],[16.7136],[17.5786],[19.0955],[20.4929],[20.6591],[19.4468],[16.6818],[17.6507],[18.2071],[18.3312],[18.3006],[18.3539],[18.4656],[18.5552],[18.6805],[18.874],[18.8539],[18.313],[17.4338],[16.7929],[16.6766],[16.6961],[16.4052],[16.0422],[16.2636],[17.1753],[18.1682],[18.7662],[19.2532],[20.1292],[21.1325],[21.4091],[20.5747],[18.5851],[19.4292],[19.876],[19.9494],[19.9545],[20.063],[20.1584],[20.0565],[19.8812],[19.7747],[19.5993],[19.0532],[18.2779],[17.8539],[18.0922],[18.5403],[18.5273],[18.1292],[18.1461],[19.0273],[20.3052],[21.2318],[21.6305],[21.8539],[21.9955],[21.6851],[20.6753],[19.4617],[20.1344],[20.5455],[20.7195],[20.8325],[20.9786],[21.0325],[20.8623],[20.5831],[20.3851],[20.2136],[19.8383],[19.3383],[19.1974],[19.7123],[20.5078],[20.8779],[20.6623],[20.4682],[20.9149],[21.9506],[22.9688],[23.5058],[23.5071],[22.9987],[21.9318],[20.3766]]},{"header":{"disciplineName":["Meteorological products"],"parameterCategory":[2],"parameterCategoryName":["u-component of wind"],"parameterNumberName":["u-component of wind"],"parameterNumber":[2],"parameterUnits":["m s-1"],"refTime":["2017-03-17T0000:00.000Z"],"numberPoints":[621],"nx":[27],"ny":[23],"lo1":[-20],"la1":[70],"lo2":[45],"la2":[45],"dx":[2.5],"dy":[2.5]},"data":[[3.7253],[4.0071],[4.2091],[4.3565],[4.4734],[4.6117],[4.7773],[4.9883],[5.2435],[5.5325],[5.8169],[6.0682],[6.2552],[6.3636],[6.4006],[6.3688],[6.2851],[6.1727],[6.0468],[5.9175],[5.8],[5.6851],[5.5682],[5.4604],[5.3513],[5.2513],[5.1818],[3.8584],[4.2214],[4.4539],[4.6006],[4.7279],[4.8844],[5.1273],[5.4519],[5.8649],[6.3136],[6.7442],[7.1013],[7.3279],[7.4032],[7.3377],[7.1435],[6.8747],[6.5649],[6.2636],[5.989],[5.7675],[5.589],[5.4494],[5.3468],[5.274],[5.2364],[5.2299],[4.5662],[4.8662],[5.0292],[5.1455],[5.2571],[5.4247],[5.6883],[6.0584],[6.5039],[6.9786],[7.4013],[7.7078],[7.8584],[7.8292],[7.6435],[7.3383],[6.9708],[6.6026],[6.2597],[5.9799],[5.7773],[5.6487],[5.5961],[5.6097],[5.6714],[5.7747],[5.9032],[5.8896],[6.0519],[6.1584],[6.2318],[6.3104],[6.4318],[6.5968],[6.8084],[7.0377],[7.2539],[7.413],[7.4896],[7.4558],[7.3357],[7.1623],[6.9753],[6.8013],[6.6539],[6.5364],[6.4565],[6.3981],[6.3799],[6.4247],[6.537],[6.7117],[6.9266],[7.1474],[7.6519],[7.7104],[7.7773],[7.8571],[7.9162],[7.9351],[7.8994],[7.8],[7.6526],[7.4584],[7.2455],[7.0162],[6.8071],[6.6643],[6.6208],[6.6942],[6.863],[7.0747],[7.2695],[7.3961],[7.4494],[7.4643],[7.5026],[7.6123],[7.8097],[8.0623],[8.3266],[9.4455],[9.4305],[9.4825],[9.561],[9.5864],[9.5052],[9.2896],[8.9487],[8.524],[8.0747],[7.6357],[7.2604],[6.9734],[6.8208],[6.8266],[6.9896],[7.2877],[7.6182],[7.889],[8.0286],[8.0435],[7.9877],[7.9649],[8.0468],[8.2519],[8.5442],[8.8552],[10.7026],[10.5864],[10.5604],[10.5753],[10.5403],[10.3955],[10.1006],[9.6844],[9.2208],[8.787],[8.4247],[8.1286],[7.8929],[7.7162],[7.6058],[7.5792],[7.6377],[7.7325],[7.8019],[7.7922],[7.7071],[7.6143],[7.6091],[7.7331],[7.9903],[8.3279],[8.6675],[11.0214],[10.7429],[10.5532],[10.4435],[10.3143],[10.1208],[9.7955],[9.3831],[8.9682],[8.6286],[8.4156],[8.2987],[8.2188],[8.089],[7.8955],[7.6584],[7.4481],[7.2773],[7.1481],[7.0474],[6.9844],[6.9987],[7.1045],[7.3052],[7.5545],[7.7929],[8.0175],[10.4299],[9.9805],[9.6253],[9.3662],[9.1396],[8.8773],[8.5091],[8.0325],[7.5221],[7.0942],[6.8513],[6.8039],[6.8669],[6.9325],[6.9136],[6.7968],[6.6351],[6.4981],[6.4292],[6.4299],[6.5234],[6.7097],[6.9357],[7.1325],[7.2377],[7.2247],[7.163],[9.2338],[8.724],[8.2695],[7.8636],[7.5039],[7.15],[6.7195],[6.1734],[5.5214],[4.8981],[4.4623],[4.326],[4.463],[4.7494],[5.0649],[5.3169],[5.5039],[5.6539],[5.7883],[5.9468],[6.1519],[6.4169],[6.6838],[6.8513],[6.8234],[6.6188],[6.3675],[7.6942],[7.2474],[6.7552],[6.2117],[5.6857],[5.2396],[4.8519],[4.4214],[3.9117],[3.3468],[2.8961],[2.7058],[2.811],[3.1468],[3.6013],[4.0831],[4.524],[4.8844],[5.126],[5.2688],[5.3903],[5.5662],[5.7864],[5.9636],[6.0013],[5.9084],[5.8123],[5.861],[5.5617],[5.1234],[4.5292],[3.9474],[3.5442],[3.3688],[3.3513],[3.3377],[3.2636],[3.1623],[3.1045],[3.1442],[3.2701],[3.4831],[3.7825],[4.1416],[4.4584],[4.626],[4.6039],[4.4987],[4.4513],[4.5481],[4.7325],[4.9143],[5.0935],[5.3662],[3.9669],[3.8195],[3.5779],[3.2266],[2.9026],[2.7877],[2.9532],[3.3558],[3.8571],[4.3312],[4.6916],[4.889],[4.9026],[4.7416],[4.5409],[4.4545],[4.5292],[4.6831],[4.7201],[4.5325],[4.2117],[3.9442],[3.8656],[3.9734],[4.1688],[4.4435],[4.8883],[2.4805],[2.4805],[2.5721],[2.7396],[2.9935],[3.3305],[3.7526],[4.2305],[4.7617],[5.3435],[5.9],[6.3039],[6.4058],[6.1981],[5.8247],[5.5214],[5.4149],[5.4338],[5.3643],[5.0831],[4.6617],[4.2935],[4.1565],[4.2286],[4.3851],[4.5617],[4.8052],[1.7474],[1.8831],[2.2695],[2.9006],[3.6468],[4.3039],[4.7123],[4.8838],[4.9903],[5.2403],[5.6773],[6.1701],[6.5156],[6.576],[6.4377],[6.2669],[6.174],[6.1065],[5.9247],[5.5701],[5.1539],[4.8851],[4.9227],[5.224],[5.5786],[5.7805],[5.7552],[1.5669],[1.8052],[2.2721],[2.9883],[3.7838],[4.3877],[4.5909],[4.4299],[4.1844],[4.1474],[4.439],[4.9617],[5.5097],[5.9279],[6.1721],[6.276],[6.2552],[6.1058],[5.8052],[5.4253],[5.1234],[5.1013],[5.474],[6.1812],[6.9708],[7.4584],[7.3805],[1.4857],[1.887],[2.2968],[2.7831],[3.2799],[3.6071],[3.6416],[3.4792],[3.3455],[3.3981],[3.6805],[4.0961],[4.5604],[5],[5.3429],[5.5292],[5.5032],[5.289],[4.9812],[4.739],[4.6974],[4.9766],[5.587],[6.4916],[7.489],[8.1935],[8.1994],[1.6526],[2.2481],[2.6552],[2.9662],[3.1929],[3.3143],[3.3552],[3.439],[3.6656],[3.9591],[4.1708],[4.239],[4.2455],[4.289],[4.3468],[4.3351],[4.1883],[3.9695],[3.8091],[3.8701],[4.2],[4.7494],[5.3935],[6.0857],[6.7506],[7.1792],[7.0701],[2.5565],[3.2201],[3.637],[3.9013],[4.0623],[4.1325],[4.1987],[4.4169],[4.7539],[5.011],[4.9312],[4.5208],[4.0123],[3.6117],[3.3331],[3.0922],[2.8578],[2.6903],[2.7058],[2.9974],[3.5532],[4.2318],[4.8143],[5.1526],[5.2136],[5.0065],[4.4844],[3.863],[4.3032],[4.5058],[4.6331],[4.7208],[4.7253],[4.6909],[4.737],[4.8429],[4.7916],[4.3831],[3.6981],[3.0409],[2.589],[2.3],[2.0903],[1.9539],[1.9117],[1.9786],[2.1779],[2.5812],[3.1247],[3.5877],[3.7286],[3.4448],[2.7669],[1.8403],[4.0117],[4.0461],[3.8357],[3.6461],[3.5591],[3.4578],[3.2734],[3.1039],[2.9838],[2.7506],[2.2844],[1.7377],[1.3721],[1.2455],[1.2526],[1.3026],[1.4286],[1.5968],[1.6571],[1.5942],[1.563],[1.6981],[1.9052],[1.9474],[1.6208],[0.8961],[-0.1305],[1.7552],[1.5299],[1.0825],[0.7039],[0.5526],[0.4714],[0.3292],[0.1987],[0.1545],[0.0844],[-0.0929],[-0.2532],[-0.2201],[-0.0078],[0.2253],[0.4773],[0.8461],[1.2416],[1.4032],[1.2461],[0.9435],[0.7214],[0.5506],[0.3162],[-0.111],[-0.7422],[-1.6084],[-2.2571],[-2.3903],[-2.6851],[-2.8727],[-2.8019],[-2.6312],[-2.5539],[-2.4734],[-2.274],[-2.0208],[-1.8188],[-1.6188],[-1.3169],[-1.0123],[-0.8084],[-0.6201],[-0.239],[0.2474],[0.5792],[0.6591],[0.5805],[0.4058],[0.0104],[-0.6403],[-1.3682],[-2.0442],[-2.7117]]},{"header":{"disciplineName":["Meteorological products"],"parameterCategory":[2],"parameterCategoryName":["v-component of wind"],"parameterNumberName":["v-component of wind"],"parameterNumber":[3],"parameterUnits":["m s-1"],"refTime":["2017-03-17T0000:00.000Z"],"numberPoints":[621],"nx":[27],"ny":[23],"lo1":[-20],"la1":[70],"lo2":[45],"la2":[45],"dx":[2.5],"dy":[2.5]},"data":[[-0.9831],[-0.7799],[-0.5253],[-0.2208],[0.0903],[0.3903],[0.6558],[0.8519],[0.9701],[1.0071],[0.9688],[0.8669],[0.7448],[0.6182],[0.5136],[0.4273],[0.3636],[0.2981],[0.2039],[0.074],[-0.1097],[-0.3377],[-0.5916],[-0.8403],[-1.0623],[-1.2312],[-1.3519],[0.3006],[0.213],[0.2175],[0.3214],[0.5279],[0.8032],[1.1136],[1.389],[1.5727],[1.6208],[1.5234],[1.3045],[1.0039],[0.6896],[0.4123],[0.2078],[0.0773],[-0.0136],[-0.087],[-0.1961],[-0.3558],[-0.5766],[-0.8195],[-1.0532],[-1.2377],[-1.3344],[-1.3455],[1.3078],[0.9487],[0.7253],[0.6877],[0.8669],[1.2143],[1.6461],[2.0455],[2.2955],[2.3175],[2.089],[1.6266],[1.0383],[0.4422],[-0.0656],[-0.4208],[-0.5987],[-0.6474],[-0.6201],[-0.5942],[-0.613],[-0.6857],[-0.8071],[-0.9318],[-1.0182],[-1.0422],[-0.9903],[1.776],[1.2675],[0.937],[0.8675],[1.0636],[1.476],[1.9896],[2.4532],[2.7214],[2.6792],[2.3071],[1.6591],[0.8721],[0.1026],[-0.5182],[-0.9097],[-1.0662],[-1.0468],[-0.9357],[-0.8039],[-0.6994],[-0.6357],[-0.6097],[-0.5961],[-0.5812],[-0.539],[-0.4792],[1.9208],[1.4117],[1.0864],[1.0091],[1.1714],[1.526],[1.9617],[2.3331],[2.5123],[2.3909],[1.974],[1.3279],[0.6013],[-0.0539],[-0.5253],[-0.7734],[-0.8383],[-0.8039],[-0.7448],[-0.6877],[-0.6344],[-0.5591],[-0.4396],[-0.3006],[-0.1643],[-0.0669],[-0.0351],[1.9331],[1.4825],[1.2013],[1.1117],[1.1701],[1.3455],[1.5429],[1.6877],[1.6929],[1.5156],[1.1494],[0.6792],[0.2188],[-0.1201],[-0.2734],[-0.2818],[-0.239],[-0.2383],[-0.337],[-0.4786],[-0.561],[-0.5104],[-0.2942],[0.0045],[0.2701],[0.4221],[0.4084],[1.7013],[1.2968],[1.0779],[1.0026],[1.0026],[1.0078],[0.9799],[0.8877],[0.7351],[0.5188],[0.2468],[-0.0396],[-0.2682],[-0.3597],[-0.2909],[-0.1344],[-0.0052],[-0.0266],[-0.2136],[-0.45],[-0.5565],[-0.4058],[-0.0013],[0.5091],[0.9279],[1.0981],[0.9994],[1.1253],[0.7377],[0.6052],[0.6487],[0.7175],[0.6877],[0.526],[0.2792],[0.0364],[-0.1617],[-0.3143],[-0.4727],[-0.6162],[-0.6922],[-0.6461],[-0.4909],[-0.3396],[-0.3019],[-0.4188],[-0.5494],[-0.5117],[-0.1591],[0.4695],[1.1494],[1.6305],[1.761],[1.5636],[0.3695],[0.0032],[-0.0357],[0.1721],[0.3922],[0.4078],[0.1604],[-0.2234],[-0.524],[-0.6253],[-0.576],[-0.5214],[-0.5851],[-0.7299],[-0.8331],[-0.7974],[-0.6545],[-0.5318],[-0.4955],[-0.4773],[-0.2922],[0.1805],[0.8714],[1.5487],[1.9526],[1.9838],[1.7403],[-0.2662],[-0.6364],[-0.6273],[-0.3318],[-0.0292],[-0.0182],[-0.4019],[-0.9636],[-1.3429],[-1.3136],[-0.9312],[-0.4922],[-0.2851],[-0.3597],[-0.5253],[-0.5636],[-0.4299],[-0.2571],[-0.1584],[-0.1117],[0.0571],[0.4643],[1.0494],[1.5682],[1.8162],[1.7604],[1.5429],[-0.7532],[-1.1416],[-1.2065],[-0.9617],[-0.6753],[-0.689],[-1.163],[-1.8675],[-2.3318],[-2.1877],[-1.4851],[-0.6416],[-0.0675],[0.0844],[0.0208],[0.0253],[0.1682],[0.311],[0.3201],[0.2416],[0.2968],[0.6091],[1.0942],[1.4974],[1.6448],[1.5695],[1.4494],[-1.1825],[-1.6071],[-1.8312],[-1.7143],[-1.4292],[-1.3221],[-1.6617],[-2.2987],[-2.7623],[-2.6266],[-1.8617],[-0.8604],[-0.1],[0.2377],[0.3325],[0.4396],[0.5968],[0.6468],[0.4799],[0.2481],[0.2409],[0.5929],[1.1539],[1.5961],[1.774],[1.7864],[1.7838],[-1.5766],[-1.9994],[-2.313],[-2.2669],[-1.8753],[-1.4903],[-1.4708],[-1.8481],[-2.2364],[-2.2286],[-1.7],[-0.9305],[-0.289],[0.0545],[0.2623],[0.4818],[0.661],[0.5968],[0.2539],[-0.0935],[-0.0643],[0.4597],[1.1883],[1.7513],[2.0377],[2.2169],[2.4078],[-1.8597],[-2.1377],[-2.3643],[-2.239],[-1.7175],[-1.1136],[-0.8175],[-0.9669],[-1.2968],[-1.4383],[-1.226],[-0.8052],[-0.4403],[-0.1987],[0.0474],[0.3506],[0.5429],[0.3779],[-0.1123],[-0.5331],[-0.4312],[0.2487],[1.1286],[1.7851],[2.1701],[2.5344],[2.9779],[-1.9584],[-1.9636],[-1.9149],[-1.6338],[-1.1058],[-0.5669],[-0.3351],[-0.4812],[-0.7818],[-0.926],[-0.8013],[-0.5513],[-0.3734],[-0.2584],[-0.0721],[0.2143],[0.3701],[0.1169],[-0.4786],[-0.9584],[-0.8149],[0.0058],[1.0552],[1.8766],[2.3857],[2.8461],[3.3513],[-1.863],[-1.5312],[-1.1994],[-0.8305],[-0.463],[-0.2526],[-0.3344],[-0.6208],[-0.8195],[-0.7208],[-0.3825],[-0.0571],[0.024],[-0.0597],[-0.0799],[0.0377],[0.0786],[-0.2649],[-0.9487],[-1.4857],[-1.3],[-0.2747],[1.1494],[2.374],[3.1273],[3.4974],[3.6182],[-1.4584],[-0.8968],[-0.463],[-0.1753],[-0.061],[-0.1942],[-0.5338],[-0.8468],[-0.8292],[-0.3734],[0.2688],[0.6656],[0.5883],[0.211],[-0.1169],[-0.2175],[-0.3149],[-0.7383],[-1.489],[-2.0636],[-1.8162],[-0.5032],[1.474],[3.3162],[4.4058],[4.5065],[3.7974],[-0.6416],[-0.0448],[0.2318],[0.2688],[0.1377],[-0.1597],[-0.5195],[-0.7026],[-0.4506],[0.213],[0.9032],[1.1649],[0.8526],[0.2461],[-0.2364],[-0.439],[-0.6084],[-1.0695],[-1.8],[-2.3071],[-1.9305],[-0.3662],[2.0045],[4.2909],[5.5481],[5.2955],[3.7468],[0.5195],[0.9221],[0.8883],[0.6403],[0.3565],[0.0591],[-0.1948],[-0.2461],[0.0552],[0.5961],[1.0182],[0.9844],[0.5162],[-0.0429],[-0.3558],[-0.4474],[-0.6266],[-1.0857],[-1.6727],[-1.8909],[-1.2396],[0.4123],[2.711],[4.8221],[5.8156],[5.1935],[3.2338],[1.6987],[1.7416],[1.3877],[0.9578],[0.6481],[0.411],[0.2208],[0.1351],[0.2416],[0.4513],[0.4929],[0.2422],[-0.137],[-0.3286],[-0.2383],[-0.1455],[-0.3604],[-0.8455],[-1.1812],[-0.9403],[0.0455],[1.6136],[3.376],[4.7422],[5.0688],[4.0662],[2.1169],[2.4649],[2.0662],[1.5],[1.0649],[0.8305],[0.6442],[0.4117],[0.1838],[0.0429],[-0.0435],[-0.2097],[-0.4416],[-0.5182],[-0.2396],[0.2435],[0.4519],[0.1234],[-0.4279],[-0.5812],[0.0143],[1.1461],[2.4383],[3.5416],[4.1305],[3.7961],[2.4662],[0.6019],[2.5448],[1.8097],[1.1617],[0.824],[0.6805],[0.5136],[0.2175],[-0.1188],[-0.3714],[-0.5195],[-0.6182],[-0.6279],[-0.374],[0.2416],[0.9364],[1.1805],[0.7844],[0.1864],[0.0422],[0.55],[1.3779],[2.1864],[2.8532],[3.1617],[2.6532],[1.1279],[-0.8253],[2.061],[1.2604],[0.6734],[0.3844],[0.2435],[0.0273],[-0.2857],[-0.6032],[-0.7786],[-0.7838],[-0.6636],[-0.4253],[0.0169],[0.7175],[1.437],[1.724],[1.4123],[0.8688],[0.5799],[0.6266],[0.7578],[0.9851],[1.5],[2.0455],[1.8091],[0.3032],[-1.8169]]}]