html/data/WT_pct09_ind_wt_5_4.json
[{"header":{"disciplineName":["Meteorological products"],"parameterCategory":[0],"parameterCategoryName":["Temperature"],"parameterNumberName":["Temperature"],"parameterNumber":[0],"parameterUnits":["K"],"refTime":["2017-03-17T0000:00.000Z"],"numberPoints":[621],"nx":[27],"ny":[23],"lo1":[-20],"la1":[70],"lo2":[45],"la2":[45],"dx":[2.5],"dy":[2.5]},"data":[[-7.3944],[-7.166],[-6.9414],[-6.7327],[-6.5463],[-6.3512],[-6.1463],[-5.9142],[-5.6475],[-5.3438],[-4.9981],[-4.6265],[-4.266],[-3.9105],[-3.6228],[-3.4191],[-3.3191],[-3.3253],[-3.4327],[-3.6154],[-3.8673],[-4.1438],[-4.4179],[-4.6759],[-4.9241],[-5.1438],[-5.3846],[-5.613],[-5.4352],[-5.2648],[-5.1031],[-4.9364],[-4.75],[-4.5327],[-4.2673],[-3.9648],[-3.6278],[-3.2735],[-2.8957],[-2.5426],[-2.234],[-1.9883],[-1.8377],[-1.7907],[-1.8414],[-1.9969],[-2.1969],[-2.4512],[-2.6932],[-2.9068],[-3.0932],[-3.2414],[-3.3846],[-3.5525],[-3.7586],[-3.6611],[-3.5722],[-3.466],[-3.3154],[-3.0981],[-2.8253],[-2.5117],[-2.1574],[-1.808],[-1.4759],[-1.1759],[-0.9204],[-0.7179],[-0.5784],[-0.508],[-0.5056],[-0.5809],[-0.7241],[-0.9043],[-1.0883],[-1.2512],[-1.3722],[-1.4574],[-1.529],[-1.6191],[-1.7623],[-2.0302],[-2.0117],[-1.987],[-1.9364],[-1.8006],[-1.5735],[-1.2636],[-0.9019],[-0.5204],[-0.1796],[0.1043],[0.3204],[0.4623],[0.5809],[0.6698],[0.7179],[0.729],[0.6772],[0.5833],[0.4611],[0.3352],[0.2241],[0.1574],[0.1006],[0.034],[-0.071],[-0.2389],[-0.6809],[-0.6636],[-0.6685],[-0.6488],[-0.5648],[-0.371],[-0.0772],[0.292],[0.671],[1.0043],[1.2512],[1.4191],[1.534],[1.6401],[1.7488],[1.8574],[1.9438],[1.9562],[1.8895],[1.771],[1.6352],[1.5191],[1.4327],[1.3525],[1.2611],[1.1179],[0.9315],[0.2981],[0.3772],[0.4068],[0.4093],[0.4426],[0.5562],[0.7957],[1.1426],[1.5241],[1.8747],[2.1488],[2.3364],[2.4636],[2.6031],[2.7599],[2.9377],[3.0735],[3.1142],[3.0302],[2.8722],[2.6883],[2.5451],[2.45],[2.371],[2.2698],[2.1278],[1.966],[1.1401],[1.2747],[1.329],[1.3327],[1.3302],[1.3994],[1.608],[1.9574],[2.4006],[2.8389],[3.1883],[3.429],[3.5858],[3.7241],[3.8981],[4.0846],[4.2191],[4.2389],[4.1241],[3.929],[3.7352],[3.6093],[3.55],[3.4969],[3.4019],[3.2549],[3.1191],[2.0352],[2.1377],[2.1969],[2.2031],[2.208],[2.2981],[2.5154],[2.9228],[3.45],[4.0117],[4.4833],[4.8167],[5.0117],[5.1463],[5.2895],[5.4512],[5.5586],[5.5377],[5.3784],[5.1426],[4.9401],[4.834],[4.8117],[4.771],[4.6698],[4.508],[4.413],[2.9957],[3.0056],[3.0451],[3.1031],[3.192],[3.3414],[3.5883],[3.9969],[4.566],[5.2191],[5.8302],[6.2809],[6.5648],[6.7302],[6.8574],[6.9648],[7.013],[6.9191],[6.6636],[6.3167],[6.0191],[5.8636],[5.8068],[5.7784],[5.692],[5.6068],[5.6512],[3.9784],[3.9019],[3.9586],[4.1426],[4.3833],[4.6253],[4.8735],[5.1944],[5.6846],[6.3167],[6.9932],[7.5623],[7.934],[8.1389],[8.2278],[8.2685],[8.2475],[8.0475],[7.6537],[7.1426],[6.6846],[6.4228],[6.3549],[6.3809],[6.4142],[6.5093],[6.813],[4.9636],[4.8858],[5.0142],[5.3488],[5.75],[6.1043],[6.35],[6.5883],[6.9426],[7.4537],[8.0944],[8.6673],[9.0451],[9.1895],[9.1821],[9.1204],[9.0315],[8.8228],[8.4228],[7.8809],[7.4154],[7.1698],[7.2105],[7.4204],[7.6253],[7.8488],[8.2253],[5.9562],[5.9549],[6.1488],[6.5265],[7.0117],[7.4586],[7.8253],[8.1093],[8.4315],[8.8414],[9.3302],[9.7796],[10.0327],[10.0488],[9.8698],[9.6833],[9.5858],[9.5327],[9.3895],[9.1327],[8.9142],[8.9451],[9.2858],[9.7833],[10.1586],[10.3525],[10.4722],[6.9772],[7.05],[7.1932],[7.4759],[7.9364],[8.5302],[9.1648],[9.7315],[10.1759],[10.5093],[10.7981],[11.0327],[11.134],[11.0031],[10.687],[10.3907],[10.3056],[10.4463],[10.6549],[10.7969],[10.9574],[11.3574],[12.1068],[12.987],[13.6253],[13.8352],[13.7228],[7.9735],[8.0586],[8.113],[8.3228],[8.8562],[9.7302],[10.771],[11.6969],[12.2574],[12.4648],[12.4611],[12.4389],[12.4105],[12.2475],[11.8796],[11.4747],[11.2772],[11.4265],[11.7537],[12.0623],[12.4191],[13.0722],[14.1846],[15.5191],[16.5772],[17.1426],[17.3377],[8.8673],[8.8969],[9.0142],[9.4747],[10.4093],[11.7574],[13.1907],[14.2981],[14.7636],[14.6549],[14.2957],[14.0204],[13.9019],[13.7586],[13.3969],[12.8537],[12.4426],[12.3352],[12.4488],[12.613],[12.8957],[13.6389],[15.05],[16.8377],[18.3772],[19.3957],[20.192],[9.6043],[9.666],[10.1191],[11.1574],[12.7549],[14.5883],[16.1932],[17.1512],[17.3278],[16.9031],[16.3105],[15.892],[15.6957],[15.5191],[15.1105],[14.4747],[13.8772],[13.529],[13.4019],[13.3673],[13.55],[14.3759],[16.0685],[18.2191],[19.9846],[21.008],[21.8278],[10.3981],[10.6796],[11.6006],[13.2352],[15.3105],[17.313],[18.7537],[19.3809],[19.329],[18.9512],[18.5611],[18.2512],[17.987],[17.6253],[17.0846],[16.4241],[15.8265],[15.4537],[15.2994],[15.2636],[15.508],[16.4685],[18.4093],[20.8105],[22.5586],[23.0438],[22.9525],[11.6957],[12.3895],[13.6648],[15.4636],[17.4698],[19.192],[20.2451],[20.6586],[20.7512],[20.8994],[21.1093],[21.1253],[20.7426],[20.0611],[19.3278],[18.6932],[18.2142],[17.9167],[17.8599],[17.9698],[18.3265],[19.2969],[21.2265],[23.7167],[25.5401],[25.729],[24.6648],[13.85],[15.0006],[16.3685],[17.8549],[19.2907],[20.4685],[21.2364],[21.687],[22.2056],[23.0031],[23.8068],[24.0426],[23.4562],[22.4401],[21.5611],[20.9833],[20.5623],[20.2302],[20.1389],[20.3401],[20.7216],[21.434],[22.8833],[25.1241],[27.2315],[27.9315],[26.9944],[16.6846],[18.113],[19.3599],[20.3327],[21.1414],[21.9019],[22.5846],[23.2339],[24.0414],[25.1167],[26.0599],[26.2142],[25.413],[24.25],[23.4302],[23.0167],[22.6019],[22.0895],[21.8389],[22.0747],[22.4846],[22.8068],[23.429],[24.9278],[27.0327],[28.5957],[28.7451],[19.5068],[20.8981],[21.9093],[22.4932],[22.9142],[23.4648],[24.171],[24.8957],[25.6537],[26.4969],[27.1438],[27.1179],[26.3179],[25.3735],[24.8932],[24.771],[24.4401],[23.8068],[23.4438],[23.7586],[24.313],[24.4673],[24.3809],[24.8784],[26.3315],[28.0019],[28.8944],[21.5191],[22.587],[23.3302],[23.6944],[23.9364],[24.3562],[24.9512],[25.529],[26.008],[26.4623],[26.834],[26.8537],[26.4586],[26.0586],[26.0327],[26.1932],[26.0302],[25.4722],[25.1315],[25.4623],[26.1031],[26.3796],[26.1401],[26.05],[26.5463],[27.3611],[27.813],[22.192],[22.8512],[23.313],[23.5512],[23.6932],[23.929],[24.3093],[24.6747],[24.9253],[25.1623],[25.5019],[25.8488],[26.1154],[26.3228],[26.5759],[26.7784],[26.7241],[26.4253],[26.1944],[26.2907],[26.6327],[26.9426],[27.1179],[27.2648],[27.3846],[27.2228],[26.6426]]},{"header":{"disciplineName":["Meteorological products"],"parameterCategory":[2],"parameterCategoryName":["u-component of wind"],"parameterNumberName":["u-component of wind"],"parameterNumber":[2],"parameterUnits":["m s-1"],"refTime":["2017-03-17T0000:00.000Z"],"numberPoints":[621],"nx":[27],"ny":[23],"lo1":[-20],"la1":[70],"lo2":[45],"la2":[45],"dx":[2.5],"dy":[2.5]},"data":[[3.2074],[3.5309],[3.7667],[3.9235],[4.0432],[4.1432],[4.2741],[4.463],[4.7148],[5.0222],[5.3556],[5.6704],[5.9395],[6.1222],[6.2235],[6.2642],[6.2605],[6.2481],[6.2358],[6.237],[6.2395],[6.2346],[6.1728],[6.0704],[5.9025],[5.6741],[5.4247],[3.1],[3.5395],[3.8753],[4.0716],[4.1951],[4.2802],[4.3877],[4.5556],[4.8099],[5.1272],[5.4728],[5.7728],[6.0037],[6.1173],[6.1259],[6.0593],[5.9481],[5.8679],[5.8333],[5.8679],[5.958],[6.0333],[6.0765],[6.0346],[5.8963],[5.6889],[5.4407],[2.8691],[3.221],[3.5012],[3.6901],[3.8136],[3.9198],[4.0272],[4.1914],[4.4222],[4.716],[5.0123],[5.284],[5.4642],[5.5383],[5.4963],[5.3889],[5.2593],[5.184],[5.1864],[5.2864],[5.4506],[5.621],[5.737],[5.7642],[5.6778],[5.5074],[5.3025],[2.4025],[2.5025],[2.6457],[2.8272],[3.037],[3.2444],[3.4691],[3.6827],[3.9173],[4.1531],[4.4037],[4.6333],[4.8198],[4.9481],[4.9938],[4.9975],[4.9778],[4.9691],[5.0136],[5.1062],[5.2136],[5.3148],[5.3543],[5.3136],[5.1815],[4.984],[4.7914],[2.063],[1.8765],[1.8815],[2.0802],[2.4074],[2.7938],[3.1481],[3.4432],[3.6877],[3.8889],[4.084],[4.3025],[4.5247],[4.758],[4.9506],[5.1049],[5.2062],[5.2469],[5.2469],[5.1951],[5.1062],[4.9852],[4.8259],[4.642],[4.4444],[4.2432],[4.0741],[2.5296],[2.1716],[2.0593],[2.184],[2.4926],[2.8753],[3.2346],[3.5198],[3.7519],[3.9383],[4.1296],[4.3346],[4.5667],[4.7988],[5.021],[5.1765],[5.2543],[5.2173],[5.0728],[4.8259],[4.521],[4.2259],[3.9728],[3.7864],[3.6901],[3.6432],[3.6568],[3.9494],[3.5753],[3.3531],[3.2951],[3.3395],[3.4494],[3.5568],[3.6852],[3.8383],[4.0235],[4.2247],[4.4247],[4.5951],[4.7136],[4.7642],[4.7543],[4.6519],[4.4506],[4.137],[3.7506],[3.358],[3.0457],[2.879],[2.8975],[3.0605],[3.3395],[3.6716],[5.5778],[5.3136],[5.0506],[4.7963],[4.5222],[4.2494],[4.0395],[3.9272],[3.9481],[4.0827],[4.2531],[4.3938],[4.4383],[4.3753],[4.2346],[4.042],[3.7951],[3.4815],[3.0951],[2.6667],[2.2741],[2.0259],[1.9877],[2.1815],[2.5531],[3.0469],[3.5901],[6.5654],[6.4259],[6.2333],[5.9395],[5.542],[5.1247],[4.7667],[4.5136],[4.3963],[4.363],[4.3284],[4.258],[4.0988],[3.8827],[3.663],[3.4568],[3.2383],[2.9716],[2.6198],[2.2259],[1.8679],[1.663],[1.6679],[1.8654],[2.2099],[2.6432],[3.1321],[6.7963],[6.6963],[6.5346],[6.2852],[5.9642],[5.6716],[5.4444],[5.279],[5.0938],[4.8309],[4.4506],[4.0222],[3.6],[3.2679],[3.0531],[2.9284],[2.816],[2.6457],[2.3877],[2.0889],[1.8506],[1.7667],[1.8457],[2.037],[2.2741],[2.5111],[2.7667],[6.6309],[6.4481],[6.1901],[5.8593],[5.5691],[5.4259],[5.4654],[5.5519],[5.479],[5.116],[4.484],[3.7741],[3.1481],[2.7272],[2.4802],[2.321],[2.1556],[1.9481],[1.721],[1.5716],[1.584],[1.7951],[2.1469],[2.5136],[2.7728],[2.9309],[3.0247],[6.1802],[5.9358],[5.5284],[5.0358],[4.6222],[4.5494],[4.8309],[5.2481],[5.4519],[5.2432],[4.658],[3.9444],[3.3235],[2.863],[2.5148],[2.137],[1.7272],[1.3025],[0.9951],[0.9259],[1.1802],[1.7],[2.3519],[2.9444],[3.3469],[3.5704],[3.6988],[5.3383],[5.1963],[4.8716],[4.3951],[4.058],[4.1037],[4.5654],[5.1988],[5.6123],[5.6062],[5.2321],[4.758],[4.3469],[4.0037],[3.6062],[3.0704],[2.4296],[1.8136],[1.3815],[1.237],[1.4642],[2.0049],[2.6951],[3.321],[3.7617],[4.0481],[4.2309],[4.316],[4.3617],[4.3654],[4.3383],[4.4506],[4.779],[5.3136],[5.8086],[6.0333],[5.916],[5.6444],[5.4395],[5.3704],[5.3185],[5.1198],[4.7296],[4.2222],[3.7086],[3.2543],[2.9642],[2.9173],[3.1383],[3.5481],[3.9938],[4.3469],[4.5963],[4.7543],[3.5049],[3.6444],[4.0346],[4.6173],[5.2753],[5.8173],[6.0926],[6.0123],[5.6123],[5.121],[4.8333],[4.9086],[5.2444],[5.5901],[5.7877],[5.821],[5.7938],[5.7049],[5.516],[5.2173],[4.9333],[4.8198],[4.9284],[5.179],[5.4691],[5.6877],[5.784],[3.021],[3.2259],[3.8617],[4.7765],[5.5802],[5.8951],[5.5691],[4.7309],[3.7667],[3.1037],[3.0136],[3.463],[4.1617],[4.8086],[5.2457],[5.6123],[6.016],[6.4296],[6.6605],[6.6383],[6.4556],[6.2864],[6.2556],[6.3914],[6.6444],[6.9309],[7.0914],[2.9247],[3.3877],[4.1667],[4.9568],[5.3531],[5.0457],[4.0815],[2.879],[1.958],[1.6716],[2.0691],[2.8679],[3.6728],[4.2123],[4.5062],[4.784],[5.2111],[5.7716],[6.3247],[6.7123],[6.921],[6.9494],[6.8827],[6.8321],[6.9284],[7.2506],[7.6111],[3.579],[4.4716],[5.2568],[5.6506],[5.3988],[4.5296],[3.3802],[2.4802],[2.1963],[2.5568],[3.3],[4.0296],[4.4679],[4.5407],[4.4111],[4.3049],[4.3988],[4.7321],[5.2494],[5.8802],[6.4531],[6.7556],[6.6815],[6.3704],[6.1605],[6.3037],[6.7346],[5.1506],[6.1457],[6.6222],[6.4481],[5.7222],[4.7494],[3.9753],[3.7469],[4.1148],[4.7481],[5.2469],[5.3815],[5.1654],[4.8037],[4.4432],[4.1765],[4.0012],[3.963],[4.1864],[4.737],[5.4235],[5.9025],[5.916],[5.537],[5.0877],[4.8704],[4.9309],[6.5469],[7.0333],[6.7852],[6.0284],[5.1185],[4.4383],[4.2309],[4.5062],[5.0235],[5.3531],[5.2284],[4.7049],[4.0914],[3.6889],[3.5753],[3.5963],[3.5395],[3.3617],[3.2519],[3.4605],[3.9914],[4.5099],[4.7136],[4.5358],[4.0926],[3.4975],[2.8148],[5.8469],[5.5198],[4.5704],[3.4938],[2.7568],[2.5012],[2.6469],[2.9654],[3.1889],[3.0741],[2.5827],[1.9309],[1.4432],[1.3407],[1.6395],[2.1123],[2.4407],[2.437],[2.2148],[2.1049],[2.3062],[2.6778],[2.9407],[2.9284],[2.5519],[1.6765],[0.3099],[2.1049],[1.3864],[0.3321],[-0.4691],[-0.7086],[-0.5654],[-0.3827],[-0.3321],[-0.4481],[-0.684],[-0.9593],[-1.1741],[-1.2444],[-1.1086],[-0.6864],[0.0074],[0.6975],[1.0395],[0.9506],[0.7333],[0.6938],[0.8062],[0.8136],[0.5926],[0.0481],[-0.9667],[-2.521],[-3.4543],[-3.9568],[-4.4185],[-4.4432],[-4.0272],[-3.6407],[-3.616],[-3.8852],[-4.1407],[-4.1654],[-3.9457],[-3.6235],[-3.3728],[-3.2198],[-2.9111],[-2.2321],[-1.337],[-0.6938],[-0.5519],[-0.642],[-0.6494],[-0.6654],[-0.9975],[-1.6765],[-2.5],[-3.4494],[-4.6235]]},{"header":{"disciplineName":["Meteorological products"],"parameterCategory":[2],"parameterCategoryName":["v-component of wind"],"parameterNumberName":["v-component of wind"],"parameterNumber":[3],"parameterUnits":["m s-1"],"refTime":["2017-03-17T0000:00.000Z"],"numberPoints":[621],"nx":[27],"ny":[23],"lo1":[-20],"la1":[70],"lo2":[45],"la2":[45],"dx":[2.5],"dy":[2.5]},"data":[[-0.4926],[-0.5284],[-0.5284],[-0.4642],[-0.3173],[-0.0889],[0.2259],[0.5802],[0.9469],[1.2778],[1.5383],[1.7074],[1.7926],[1.7889],[1.7284],[1.6259],[1.4827],[1.321],[1.1198],[0.8716],[0.5864],[0.2617],[-0.0802],[-0.4123],[-0.7012],[-0.958],[-1.1568],[0.8259],[0.6296],[0.4173],[0.2469],[0.1914],[0.284],[0.5099],[0.858],[1.2333],[1.5691],[1.8136],[1.9136],[1.9037],[1.7827],[1.6111],[1.4136],[1.2222],[1.0247],[0.8222],[0.5704],[0.279],[-0.0617],[-0.4309],[-0.784],[-1.0864],[-1.3062],[-1.4568],[1.758],[1.4148],[1.0321],[0.7111],[0.5284],[0.5481],[0.7407],[1.0765],[1.463],[1.7926],[1.9802],[2.0037],[1.8716],[1.6296],[1.3407],[1.1012],[0.8975],[0.7506],[0.6099],[0.4395],[0.1963],[-0.1012],[-0.4481],[-0.7815],[-1.0704],[-1.2827],[-1.4247],[1.8519],[1.5321],[1.2272],[1.0123],[0.9494],[1.0494],[1.2827],[1.616],[1.958],[2.2259],[2.3346],[2.2679],[2.0494],[1.742],[1.416],[1.1481],[0.9568],[0.8321],[0.7198],[0.5728],[0.3494],[0.058],[-0.2827],[-0.6086],[-0.8889],[-1.0914],[-1.216],[1.2691],[1.2074],[1.2728],[1.4383],[1.6617],[1.9037],[2.1543],[2.3889],[2.5975],[2.7173],[2.7296],[2.6123],[2.3914],[2.1],[1.8086],[1.5395],[1.3333],[1.1407],[0.9457],[0.6988],[0.3815],[0.016],[-0.3679],[-0.7185],[-0.9963],[-1.1765],[-1.2679],[0.4593],[0.763],[1.2778],[1.8753],[2.3593],[2.6938],[2.8531],[2.9136],[2.921],[2.8926],[2.837],[2.7111],[2.5321],[2.2938],[2.0395],[1.7728],[1.4963],[1.2025],[0.8654],[0.4852],[0.0765],[-0.3432],[-0.7432],[-1.0864],[-1.3444],[-1.5037],[-1.5333],[-0.2765],[0.284],[1.1099],[1.9346],[2.5531],[2.8728],[2.9519],[2.916],[2.8704],[2.8395],[2.7963],[2.7012],[2.5136],[2.242],[1.9185],[1.5506],[1.1617],[0.7469],[0.3185],[-0.0728],[-0.4173],[-0.6975],[-0.9395],[-1.1506],[-1.3173],[-1.4123],[-1.3765],[-0.8407],[-0.2111],[0.6864],[1.5519],[2.163],[2.4938],[2.6074],[2.684],[2.8173],[2.9667],[3.042],[2.9506],[2.6667],[2.2358],[1.7346],[1.1914],[0.6284],[0.0617],[-0.4296],[-0.7543],[-0.8852],[-0.842],[-0.742],[-0.6741],[-0.6531],[-0.6296],[-0.5198],[-1.1938],[-0.6136],[0.216],[1.0272],[1.6309],[1.9963],[2.2346],[2.5086],[2.863],[3.2062],[3.3753],[3.2704],[2.8802],[2.3235],[1.7012],[1.0346],[0.3222],[-0.4136],[-1.058],[-1.4049],[-1.3642],[-0.9926],[-0.5099],[-0.1099],[0.1321],[0.3037],[0.542],[-1.3753],[-0.8605],[-0.1049],[0.6556],[1.2654],[1.6617],[1.963],[2.279],[2.6383],[2.9827],[3.1173],[2.9716],[2.584],[2.0802],[1.5605],[0.9988],[0.2877],[-0.5778],[-1.3963],[-1.8889],[-1.837],[-1.2963],[-0.5309],[0.116],[0.5543],[0.8704],[1.2346],[-1.542],[-1.0802],[-0.4062],[0.3235],[0.9556],[1.4111],[1.7049],[1.9049],[2.0617],[2.158],[2.1333],[1.9432],[1.6198],[1.2901],[0.9951],[0.6815],[0.1556],[-0.6259],[-1.4827],[-2.0395],[-2.0037],[-1.3741],[-0.4827],[0.3123],[0.8593],[1.2877],[1.7383],[-1.7568],[-1.3802],[-0.8346],[-0.1605],[0.5691],[1.2136],[1.6481],[1.7877],[1.6753],[1.4457],[1.1778],[0.9062],[0.6025],[0.3123],[0.0864],[-0.1012],[-0.4123],[-0.921],[-1.5025],[-1.8333],[-1.6111],[-0.8679],[0.0901],[0.9136],[1.5086],[1.9975],[2.5037],[-1.9469],[-1.6753],[-1.3012],[-0.679],[0.2432],[1.284],[2.0605],[2.2481],[1.8926],[1.2877],[0.7642],[0.4012],[0.0605],[-0.3667],[-0.8136],[-1.1864],[-1.4395],[-1.6346],[-1.7531],[-1.5963],[-0.9938],[-0.0272],[0.979],[1.7654],[2.3259],[2.8222],[3.3136],[-2.0444],[-1.8247],[-1.4963],[-0.8259],[0.3346],[1.7593],[2.8136],[2.9679],[2.2346],[1.2],[0.4605],[0.1556],[-0.0815],[-0.6037],[-1.3778],[-2.0901],[-2.5037],[-2.5753],[-2.3469],[-1.7383],[-0.7259],[0.5074],[1.6074],[2.3568],[2.8049],[3.1914],[3.542],[-2.1753],[-1.7654],[-1.2025],[-0.342],[0.9716],[2.4543],[3.3926],[3.1889],[1.9815],[0.6012],[-0.1309],[-0.1383],[-0.0494],[-0.4704],[-1.4074],[-2.4086],[-3.042],[-3.2296],[-2.9901],[-2.2679],[-1.016],[0.5136],[1.8481],[2.6481],[2.9938],[3.1185],[3.116],[-2.3111],[-1.4481],[-0.4],[0.7012],[1.8568],[2.8741],[3.2383],[2.5531],[1.1148],[-0.158],[-0.5259],[-0.0938],[0.2889],[-0.0457],[-1.037],[-2.1198],[-2.8654],[-3.2481],[-3.2901],[-2.7988],[-1.5642],[0.216],[1.9173],[2.9951],[3.3617],[3.2123],[2.7037],[-2.1519],[-0.7444],[0.763],[1.8716],[2.4852],[2.6123],[2.2235],[1.3136],[0.2617],[-0.2926],[-0.0235],[0.6864],[0.9605],[0.3914],[-0.7123],[-1.6877],[-2.3037],[-2.7395],[-3.1],[-3.0222],[-2.0123],[-0.1642],[1.8617],[3.3457],[3.9593],[3.763],[2.8284],[-1.279],[0.3815],[1.9321],[2.6938],[2.5259],[1.7457],[0.816],[0.1],[-0.1136],[0.3259],[1.137],[1.7],[1.442],[0.3852],[-0.8037],[-1.5358],[-1.8296],[-2.1432],[-2.6481],[-2.8704],[-2.1654],[-0.4728],[1.6062],[3.3296],[4.3111],[4.3753],[3.3926],[0.3136],[1.6556],[2.7],[2.884],[2.1531],[0.921],[-0.1333],[-0.4444],[0.0852],[1.1136],[1.9988],[2.1272],[1.3074],[0.0049],[-1.0642],[-1.5148],[-1.5877],[-1.7716],[-2.2062],[-2.4049],[-1.7951],[-0.3593],[1.4086],[2.9975],[4.1457],[4.5667],[3.8333],[2.0765],[2.5914],[2.8074],[2.5642],[1.8099],[0.8025],[0.0481],[0.0296],[0.7185],[1.642],[2.116],[1.8111],[0.9049],[-0.1136],[-0.8185],[-1.1407],[-1.3198],[-1.5926],[-1.8481],[-1.6926],[-0.8852],[0.3815],[1.679],[2.7914],[3.7148],[4.2185],[3.7037],[3.3198],[2.8716],[2.3444],[1.9716],[1.6593],[1.2741],[0.9617],[0.9864],[1.3605],[1.7333],[1.6975],[1.2605],[0.7358],[0.3519],[0.0506],[-0.3593],[-0.9235],[-1.421],[-1.5037],[-0.9642],[0.0753],[1.1938],[2.0531],[2.6358],[3.1136],[3.3519],[2.8272],[3.579],[2.442],[1.4667],[1.1148],[1.2407],[1.384],[1.3494],[1.2617],[1.2111],[1.1074],[0.8605],[0.6259],[0.6148],[0.7765],[0.7148],[0.1815],[-0.6136],[-1.1864],[-1.1926],[-0.6444],[0.1877],[0.9605],[1.5111],[1.8617],[2.0691],[2.042],[1.4272],[2.7938],[1.3827],[0.2506],[-0.1333],[0.0741],[0.3494],[0.3556],[0.1346],[-0.1198],[-0.3617],[-0.5173],[-0.4679],[-0.1309],[0.2519],[0.3012],[-0.1296],[-0.7235],[-1.0877],[-1.1272],[-1.0309],[-0.8975],[-0.6444],[-0.2074],[0.2938],[0.6074],[0.5432],[-0.0383]]}]