html/data/WT_pct09_ind_wt_4_8.json
[{"header":{"disciplineName":["Meteorological products"],"parameterCategory":[0],"parameterCategoryName":["Temperature"],"parameterNumberName":["Temperature"],"parameterNumber":[0],"parameterUnits":["K"],"refTime":["2017-03-17T0000:00.000Z"],"numberPoints":[621],"nx":[27],"ny":[23],"lo1":[-20],"la1":[70],"lo2":[45],"la2":[45],"dx":[2.5],"dy":[2.5]},"data":[[-10.3341],[-9.8568],[-9.3886],[-8.958],[-8.5705],[-8.2352],[-7.9716],[-7.75],[-7.5909],[-7.4682],[-7.3875],[-7.3295],[-7.2886],[-7.2795],[-7.3068],[-7.3648],[-7.4648],[-7.6125],[-7.7966],[-8.0239],[-8.2614],[-8.5102],[-8.7636],[-8.9989],[-9.2307],[-9.4636],[-9.7114],[-7.8659],[-7.6193],[-7.3864],[-7.1682],[-6.9545],[-6.7409],[-6.5443],[-6.3557],[-6.1955],[-6.0648],[-5.9716],[-5.9091],[-5.8886],[-5.8989],[-5.9489],[-6.0523],[-6.2091],[-6.4102],[-6.6591],[-6.9295],[-7.1977],[-7.4375],[-7.633],[-7.7818],[-7.8909],[-7.9966],[-8.1193],[-5.4602],[-5.4455],[-5.4432],[-5.4239],[-5.3398],[-5.2],[-5.0125],[-4.8159],[-4.6318],[-4.5068],[-4.45],[-4.4523],[-4.5136],[-4.6023],[-4.7125],[-4.8636],[-5.0352],[-5.25],[-5.5068],[-5.7716],[-6.0136],[-6.2045],[-6.3307],[-6.3773],[-6.3977],[-6.4205],[-6.4875],[-3.6682],[-3.7352],[-3.8182],[-3.8398],[-3.775],[-3.6193],[-3.4],[-3.1705],[-2.9932],[-2.908],[-2.9545],[-3.0852],[-3.258],[-3.4375],[-3.5795],[-3.7011],[-3.8216],[-3.9739],[-4.1636],[-4.3773],[-4.5909],[-4.7375],[-4.8091],[-4.8273],[-4.817],[-4.8398],[-4.9398],[-2.575],[-2.5318],[-2.4943],[-2.4273],[-2.3159],[-2.142],[-1.9193],[-1.7034],[-1.5659],[-1.5648],[-1.7159],[-1.9693],[-2.2352],[-2.4534],[-2.567],[-2.6045],[-2.633],[-2.7045],[-2.8545],[-3.0648],[-3.2784],[-3.4284],[-3.5034],[-3.5136],[-3.5193],[-3.5716],[-3.7102],[-1.6989],[-1.4375],[-1.2398],[-1.1148],[-1.025],[-0.9295],[-0.8011],[-0.6818],[-0.6045],[-0.6602],[-0.8648],[-1.1545],[-1.4432],[-1.625],[-1.6727],[-1.6216],[-1.5739],[-1.6364],[-1.817],[-2.0932],[-2.3511],[-2.517],[-2.558],[-2.5375],[-2.5284],[-2.583],[-2.7216],[-0.6045],[-0.242],[-0.0011],[0.0841],[0.0398],[-0.042],[-0.0807],[-0.0705],[-0.0409],[-0.0659],[-0.2091],[-0.4568],[-0.6966],[-0.8216],[-0.8148],[-0.7216],[-0.6705],[-0.7523],[-0.9989],[-1.3114],[-1.5545],[-1.6295],[-1.567],[-1.4466],[-1.392],[-1.4693],[-1.6466],[0.6205],[0.8989],[1.0784],[1.0591],[0.8886],[0.6534],[0.4795],[0.4295],[0.4864],[0.5557],[0.5477],[0.4273],[0.2761],[0.1716],[0.1807],[0.2477],[0.2739],[0.142],[-0.1182],[-0.3977],[-0.5295],[-0.45],[-0.2125],[0.0125],[0.0909],[-0.0205],[-0.2318],[1.6466],[1.7455],[1.8216],[1.8034],[1.6466],[1.4136],[1.2205],[1.167],[1.2818],[1.4864],[1.6466],[1.6818],[1.6148],[1.5182],[1.4739],[1.4557],[1.3898],[1.2],[0.9216],[0.6898],[0.6534],[0.8614],[1.2045],[1.483],[1.5818],[1.4909],[1.3648],[2.417],[2.3523],[2.3966],[2.4761],[2.4852],[2.3955],[2.2705],[2.2261],[2.3727],[2.6511],[2.9523],[3.1352],[3.1409],[3.042],[2.9068],[2.7761],[2.6068],[2.3511],[2.0443],[1.8205],[1.8159],[2.0591],[2.3989],[2.6852],[2.7989],[2.8216],[2.9193],[3.1307],[2.9716],[3.0341],[3.2386],[3.4352],[3.492],[3.442],[3.4114],[3.5205],[3.808],[4.15],[4.4034],[4.4625],[4.3205],[4.1045],[3.892],[3.6898],[3.4682],[3.2557],[3.1216],[3.1955],[3.4682],[3.8148],[4.0716],[4.1909],[4.3011],[4.5534],[3.8966],[3.7466],[3.8011],[4.0148],[4.2591],[4.433],[4.5023],[4.5409],[4.6534],[4.8955],[5.1795],[5.3909],[5.4193],[5.2477],[4.9875],[4.7739],[4.6875],[4.6784],[4.7261],[4.8614],[5.1534],[5.5886],[6.0489],[6.342],[6.4375],[6.4761],[6.6716],[4.7034],[4.6148],[4.5909],[4.667],[4.8739],[5.1807],[5.508],[5.7875],[6.0148],[6.2102],[6.3864],[6.4898],[6.4398],[6.2443],[6.0034],[5.8523],[5.9023],[6.1375],[6.4705],[6.8739],[7.4068],[8.0727],[8.7443],[9.217],[9.3705],[9.3864],[9.4977],[5.5852],[5.5125],[5.3511],[5.3023],[5.567],[6.1716],[6.9557],[7.633],[8.0307],[8.1716],[8.1795],[8.1432],[8.0557],[7.8761],[7.6455],[7.4909],[7.5477],[7.8114],[8.1477],[8.5534],[9.1216],[9.9318],[10.8818],[11.683],[12.1136],[12.3364],[12.7034],[6.5784],[6.4239],[6.2102],[6.2534],[6.8557],[7.9932],[9.3023],[10.3011],[10.7466],[10.7261],[10.5375],[10.3977],[10.3068],[10.1568],[9.8898],[9.6114],[9.4648],[9.475],[9.5614],[9.717],[10.1193],[10.9864],[12.2523],[13.4773],[14.2932],[14.7852],[15.5045],[7.6057],[7.4125],[7.3364],[7.7807],[8.9534],[10.6466],[12.3],[13.342],[13.6216],[13.3989],[13.0966],[12.9511],[12.8909],[12.7273],[12.3523],[11.8705],[11.4625],[11.217],[11.0898],[11.0773],[11.3864],[12.3443],[13.9102],[15.5489],[16.575],[16.9511],[17.4591],[8.6205],[8.5625],[8.8489],[9.7989],[11.4511],[13.425],[15.0523],[15.8886],[15.9852],[15.7795],[15.6557],[15.6841],[15.675],[15.425],[14.892],[14.2318],[13.6545],[13.3182],[13.2205],[13.3239],[13.7409],[14.7966],[16.5716],[18.4795],[19.558],[19.4523],[18.9761],[9.8],[10.1295],[10.8477],[12.1136],[13.85],[15.6307],[16.9295],[17.5455],[17.725],[17.9273],[18.325],[18.675],[18.683],[18.2682],[17.5864],[16.8011],[16.1114],[15.7352],[15.7534],[16.067],[16.5955],[17.5511],[19.1864],[21.1807],[22.4727],[22.2159],[20.8693],[11.5636],[12.4011],[13.45],[14.692],[16.0705],[17.3511],[18.2932],[18.8682],[19.4114],[20.2159],[21.1455],[21.6886],[21.5511],[20.9068],[20.1295],[19.3443],[18.5852],[18.042],[17.9852],[18.3534],[18.8148],[19.3511],[20.4239],[22.2193],[23.9545],[24.3875],[23.2557],[14.1386],[15.3784],[16.5761],[17.5705],[18.4386],[19.2545],[19.9875],[20.6511],[21.4864],[22.6148],[23.675],[24.0591],[23.5955],[22.7489],[22.042],[21.4795],[20.7682],[20.0193],[19.7216],[20.0182],[20.3705],[20.4693],[20.7591],[21.9943],[23.9148],[25.2886],[25.2307],[17.2227],[18.5955],[19.7375],[20.4716],[20.9875],[21.5364],[22.1818],[22.8852],[23.7057],[24.658],[25.3886],[25.3932],[24.633],[23.7489],[23.3159],[23.1898],[22.767],[22.017],[21.5648],[21.8068],[22.2705],[22.2909],[22.0625],[22.4807],[23.842],[25.3148],[25.8693],[20.0023],[21.208],[22.1398],[22.6784],[23.017],[23.4534],[24.0466],[24.6602],[25.2227],[25.7591],[26.0977],[25.9182],[25.233],[24.5761],[24.4977],[24.8023],[24.8159],[24.3136],[23.867],[24.0591],[24.6693],[24.9705],[24.7727],[24.6273],[24.9489],[25.4182],[25.4102],[21.6011],[22.4693],[23.1159],[23.4932],[23.7398],[24.0864],[24.5875],[25.0557],[25.4],[25.6648],[25.8659],[25.9023],[25.7114],[25.5398],[25.7159],[26.1795],[26.458],[26.2773],[25.9182],[25.8886],[26.2932],[26.7761],[26.983],[26.892],[26.5841],[25.9432],[24.8739]]},{"header":{"disciplineName":["Meteorological products"],"parameterCategory":[2],"parameterCategoryName":["u-component of wind"],"parameterNumberName":["u-component of wind"],"parameterNumber":[2],"parameterUnits":["m s-1"],"refTime":["2017-03-17T0000:00.000Z"],"numberPoints":[621],"nx":[27],"ny":[23],"lo1":[-20],"la1":[70],"lo2":[45],"la2":[45],"dx":[2.5],"dy":[2.5]},"data":[[3.8432],[4.0057],[4.058],[4.0136],[3.8909],[3.7307],[3.5739],[3.4739],[3.4239],[3.4602],[3.5534],[3.6875],[3.8239],[3.925],[4.0023],[4.0295],[4.0307],[4.0466],[4.0841],[4.1648],[4.3114],[4.4955],[4.6966],[4.8875],[5.0477],[5.167],[5.2341],[3.2614],[3.633],[3.858],[3.975],[3.9773],[3.9318],[3.8807],[3.883],[3.9739],[4.1568],[4.4091],[4.6852],[4.9409],[5.1159],[5.2],[5.1818],[5.1023],[5.0011],[4.9341],[4.9295],[5.0239],[5.2],[5.417],[5.6466],[5.8568],[6.025],[6.1523],[2.9091],[3.35],[3.7011],[3.9648],[4.1523],[4.3125],[4.45],[4.6193],[4.833],[5.0932],[5.3693],[5.6261],[5.8409],[5.95],[5.9568],[5.8614],[5.6864],[5.5114],[5.3841],[5.3534],[5.4341],[5.6205],[5.8511],[6.1114],[6.3523],[6.5489],[6.7034],[3.542],[3.8045],[4.0489],[4.292],[4.5364],[4.7909],[5.0193],[5.2273],[5.3886],[5.5023],[5.5739],[5.5875],[5.567],[5.5034],[5.3886],[5.267],[5.1455],[5.067],[5.0693],[5.1545],[5.3273],[5.567],[5.817],[6.0545],[6.2511],[6.4102],[6.5443],[4.9602],[4.8716],[4.8159],[4.8318],[4.9273],[5.0761],[5.2136],[5.3068],[5.3068],[5.2011],[5.0068],[4.7625],[4.5159],[4.2955],[4.1307],[4.0432],[4.0432],[4.1375],[4.3182],[4.5784],[4.8773],[5.1648],[5.4091],[5.5955],[5.7273],[5.8216],[5.9045],[6.1091],[5.742],[5.408],[5.1534],[4.9943],[4.9136],[4.8761],[4.8284],[4.7432],[4.6148],[4.4318],[4.2136],[3.9864],[3.7659],[3.558],[3.4193],[3.3682],[3.4295],[3.5977],[3.8568],[4.1625],[4.4818],[4.7693],[4.992],[5.1477],[5.2625],[5.3875],[6.3284],[5.9125],[5.4943],[5.0989],[4.75],[4.4489],[4.2307],[4.1023],[4.0841],[4.15],[4.2716],[4.3818],[4.4193],[4.3284],[4.1102],[3.7943],[3.4636],[3.1955],[3.058],[3.0966],[3.2886],[3.5989],[3.9648],[4.325],[4.6568],[4.9432],[5.2],[5.9648],[5.6136],[5.2534],[4.8761],[4.475],[4.0648],[3.7273],[3.5261],[3.5091],[3.7102],[4.0636],[4.4739],[4.7909],[4.9136],[4.7716],[4.3818],[3.8443],[3.2943],[2.85],[2.6125],[2.6239],[2.858],[3.2432],[3.708],[4.167],[4.5591],[4.9114],[5.6795],[5.2693],[4.9205],[4.5955],[4.2432],[3.8841],[3.5307],[3.242],[3.083],[3.1057],[3.3205],[3.6534],[4.0193],[4.2966],[4.3864],[4.2625],[3.9432],[3.525],[3.1057],[2.7886],[2.6682],[2.7705],[3.0318],[3.3807],[3.7148],[4.0068],[4.275],[5.5614],[4.9784],[4.5136],[4.1432],[3.8773],[3.6614],[3.4409],[3.2057],[2.9284],[2.6477],[2.4477],[2.4091],[2.5466],[2.8227],[3.1648],[3.4875],[3.6932],[3.742],[3.6534],[3.4875],[3.3591],[3.3284],[3.4114],[3.5398],[3.65],[3.7193],[3.7909],[5.2773],[4.6307],[4.0523],[3.583],[3.2875],[3.2091],[3.2739],[3.3284],[3.2216],[2.9216],[2.525],[2.1955],[2.0523],[2.1864],[2.5295],[3.0284],[3.5455],[3.9375],[4.1489],[4.1557],[4.0864],[4.0284],[4.042],[4.092],[4.117],[4.1045],[4.125],[4.7011],[4.2602],[3.7364],[3.1932],[2.8364],[2.8409],[3.192],[3.6727],[4.0216],[4.1136],[3.9716],[3.7432],[3.5466],[3.4705],[3.5432],[3.7682],[4.0886],[4.4023],[4.5886],[4.6136],[4.5443],[4.492],[4.5295],[4.6511],[4.8102],[4.958],[5.1375],[4.0523],[3.9455],[3.6466],[3.2341],[2.9625],[3.0977],[3.6739],[4.4455],[5.1409],[5.6193],[5.9034],[6.0375],[6.0705],[5.9875],[5.8102],[5.6318],[5.5261],[5.4977],[5.4455],[5.3102],[5.1136],[4.9545],[4.9318],[5.0648],[5.3159],[5.6489],[5.9989],[3.5852],[3.6682],[3.667],[3.6375],[3.7477],[4.1625],[4.8386],[5.5455],[6.1193],[6.5409],[6.9409],[7.383],[7.7841],[7.9818],[7.9375],[7.6977],[7.4045],[7.133],[6.8659],[6.5523],[6.1795],[5.8352],[5.5898],[5.5466],[5.7091],[6.017],[6.3352],[3.2955],[3.3898],[3.6875],[4.1727],[4.8273],[5.5489],[6.1375],[6.433],[6.4625],[6.4443],[6.6432],[7.1602],[7.875],[8.5182],[8.8989],[8.967],[8.8034],[8.525],[8.2045],[7.8477],[7.4375],[6.9898],[6.5886],[6.3466],[6.3409],[6.483],[6.6159],[3.0148],[3.2205],[3.867],[4.8364],[5.8705],[6.6136],[6.8739],[6.6614],[6.2205],[5.8841],[5.9182],[6.3966],[7.1989],[8.0659],[8.7443],[9.083],[9.0795],[8.8727],[8.6102],[8.3818],[8.1409],[7.8216],[7.45],[7.1841],[7.1284],[7.2205],[7.2375],[2.825],[3.4591],[4.5489],[5.8273],[6.8705],[7.2864],[7.067],[6.5239],[6.0568],[5.8932],[6.0545],[6.4534],[7.0148],[7.633],[8.1409],[8.3773],[8.3352],[8.1523],[8.0057],[7.9841],[7.9773],[7.8545],[7.5841],[7.3693],[7.3875],[7.6],[7.7295],[3.2818],[4.4977],[5.9432],[7.2773],[8.0239],[7.9545],[7.3568],[6.7875],[6.642],[6.8807],[7.1943],[7.392],[7.4602],[7.4966],[7.4841],[7.3693],[7.1795],[7.0148],[7.0023],[7.1182],[7.2295],[7.1432],[6.8898],[6.6625],[6.683],[6.9648],[7.2523],[4.875],[6.3739],[7.7557],[8.7295],[9],[8.5511],[7.8193],[7.4068],[7.5068],[7.8636],[8.042],[7.8773],[7.4773],[7.033],[6.6],[6.2182],[5.9511],[5.8614],[5.9443],[6.0852],[6.1409],[6.0375],[5.7955],[5.5477],[5.4534],[5.5284],[5.6534],[6.9705],[8.1557],[8.8727],[9.0875],[8.7875],[8.1477],[7.5057],[7.2034],[7.2409],[7.2875],[7.0602],[6.5852],[6.0455],[5.542],[5.067],[4.6886],[4.5239],[4.558],[4.6648],[4.7193],[4.7386],[4.758],[4.7602],[4.6568],[4.4114],[4.0352],[3.5886],[7.5955],[8.058],[7.8489],[7.2568],[6.5659],[5.9091],[5.4375],[5.1648],[4.9761],[4.6409],[4.1182],[3.6057],[3.2625],[3.0227],[2.7795],[2.6318],[2.7136],[2.9443],[3.0818],[3.0989],[3.1841],[3.4966],[3.8511],[3.9239],[3.5455],[2.717],[1.6205],[4.942],[4.8023],[4.1114],[3.2864],[2.6477],[2.2091],[1.917],[1.667],[1.375],[0.9625],[0.5034],[0.2284],[0.1761],[0.1943],[0.2011],[0.3682],[0.8284],[1.3511],[1.625],[1.7307],[1.9977],[2.5102],[2.9284],[2.8443],[2.2261],[1.183],[-0.1682],[-0.575],[-0.8455],[-1.2795],[-1.5807],[-1.6602],[-1.7068],[-1.8682],[-2.1045],[-2.3091],[-2.4795],[-2.5852],[-2.5489],[-2.3841],[-2.2182],[-2.0057],[-1.5216],[-0.7182],[0.05],[0.4636],[0.75],[1.2386],[1.7784],[1.8239],[1.1705],[0.225],[-0.6886],[-1.717]]},{"header":{"disciplineName":["Meteorological products"],"parameterCategory":[2],"parameterCategoryName":["v-component of wind"],"parameterNumberName":["v-component of wind"],"parameterNumber":[3],"parameterUnits":["m s-1"],"refTime":["2017-03-17T0000:00.000Z"],"numberPoints":[621],"nx":[27],"ny":[23],"lo1":[-20],"la1":[70],"lo2":[45],"la2":[45],"dx":[2.5],"dy":[2.5]},"data":[[-0.2273],[-0.192],[-0.1489],[-0.1375],[-0.1409],[-0.1602],[-0.1727],[-0.1932],[-0.2045],[-0.233],[-0.2693],[-0.3057],[-0.3602],[-0.3977],[-0.425],[-0.4295],[-0.4182],[-0.3989],[-0.4102],[-0.4602],[-0.5852],[-0.7886],[-1.0455],[-1.35],[-1.6432],[-1.8989],[-2.0716],[0.6148],[0.4398],[0.2284],[0.0205],[-0.1557],[-0.2705],[-0.292],[-0.2466],[-0.1398],[-0.0273],[0.0648],[0.1148],[0.1068],[0.0511],[-0.0261],[-0.0977],[-0.1511],[-0.1761],[-0.2011],[-0.242],[-0.3261],[-0.4795],[-0.6977],[-0.9659],[-1.233],[-1.4705],[-1.6352],[1.4398],[1.1261],[0.7693],[0.442],[0.1841],[0.0477],[0.0216],[0.0943],[0.2216],[0.3455],[0.433],[0.4398],[0.3591],[0.2239],[0.0568],[-0.1114],[-0.217],[-0.2636],[-0.2443],[-0.1932],[-0.1398],[-0.1318],[-0.1852],[-0.3102],[-0.5],[-0.708],[-0.917],[1.8557],[1.533],[1.2284],[0.9841],[0.8239],[0.7523],[0.7193],[0.7091],[0.6818],[0.6193],[0.5216],[0.4011],[0.2568],[0.1216],[-0.0261],[-0.1307],[-0.1898],[-0.1886],[-0.1114],[0.0216],[0.1761],[0.3318],[0.4295],[0.4432],[0.3398],[0.1523],[-0.1364],[1.7761],[1.5273],[1.4011],[1.3818],[1.4295],[1.4614],[1.4034],[1.2057],[0.8966],[0.5477],[0.2114],[-0.0159],[-0.1205],[-0.1],[0.0011],[0.1352],[0.2557],[0.3477],[0.4239],[0.508],[0.6216],[0.7511],[0.8739],[0.9284],[0.8727],[0.6693],[0.3273],[1.3341],[1.1239],[1.1193],[1.2659],[1.4795],[1.592],[1.5216],[1.2159],[0.7318],[0.175],[-0.3068],[-0.5852],[-0.6136],[-0.4045],[-0.0295],[0.3739],[0.7091],[0.9182],[0.9977],[1.0136],[1.0182],[1.0602],[1.1352],[1.175],[1.1136],[0.9034],[0.5364],[0.692],[0.4125],[0.367],[0.5193],[0.7534],[0.9625],[1.0057],[0.8227],[0.4455],[-0.0375],[-0.5057],[-0.842],[-0.9409],[-0.7909],[-0.4398],[0.0398],[0.5057],[0.8693],[1.1057],[1.2307],[1.3227],[1.4273],[1.525],[1.583],[1.5114],[1.2761],[0.908],[-0.0045],[-0.3977],[-0.5614],[-0.4898],[-0.2375],[0.0886],[0.3716],[0.5205],[0.5159],[0.3307],[-0.0045],[-0.4136],[-0.8148],[-1.0614],[-1.0716],[-0.8193],[-0.3682],[0.1761],[0.6886],[1.1477],[1.5511],[1.8909],[2.1534],[2.2602],[2.1705],[1.8784],[1.483],[-0.6716],[-1.1239],[-1.3045],[-1.1841],[-0.8398],[-0.3784],[0.0977],[0.5068],[0.7909],[0.9114],[0.7682],[0.333],[-0.317],[-0.983],[-1.4227],[-1.4841],[-1.1557],[-0.5352],[0.2114],[0.9489],[1.6523],[2.2352],[2.6341],[2.7852],[2.6455],[2.3034],[1.9102],[-1.4091],[-1.8318],[-1.8614],[-1.5216],[-0.9614],[-0.3909],[0.0636],[0.3955],[0.6727],[0.8841],[0.9295],[0.6682],[0.0864],[-0.6466],[-1.2193],[-1.4273],[-1.2068],[-0.6625],[0.05],[0.817],[1.575],[2.25],[2.7011],[2.8466],[2.6682],[2.342],[2.0523],[-2.2625],[-2.658],[-2.5114],[-1.8818],[-1.0636],[-0.4091],[-0.0909],[-0.0489],[-0.0398],[0.0977],[0.2875],[0.325],[0.0761],[-0.3716],[-0.7625],[-0.883],[-0.7125],[-0.3295],[0.1602],[0.75],[1.4409],[2.1159],[2.6125],[2.7545],[2.5966],[2.3568],[2.2591],[-2.9932],[-3.4284],[-3.25],[-2.4636],[-1.4193],[-0.5545],[-0.2023],[-0.2932],[-0.4943],[-0.4955],[-0.2989],[-0.125],[-0.1636],[-0.3659],[-0.5341],[-0.5193],[-0.3489],[-0.1284],[0.1455],[0.6136],[1.3295],[2.1568],[2.7648],[2.958],[2.8239],[2.6852],[2.7591],[-3.2693],[-3.8102],[-3.7784],[-3.0114],[-1.733],[-0.4955],[0.2148],[0.2852],[0.0602],[-0.1023],[-0.1068],[-0.1216],[-0.292],[-0.5375],[-0.658],[-0.6034],[-0.4875],[-0.4375],[-0.3034],[0.1886],[1.142],[2.2659],[3.0841],[3.3239],[3.1716],[3.0614],[3.2466],[-3.2591],[-3.8375],[-3.9364],[-3.1727],[-1.6386],[0.0545],[1.1841],[1.4852],[1.225],[0.8443],[0.5511],[0.2443],[-0.1648],[-0.5568],[-0.7602],[-0.8091],[-0.8898],[-1.0864],[-1.1295],[-0.575],[0.6761],[2.1534],[3.1977],[3.4886],[3.3],[3.1625],[3.3455],[-3.4398],[-3.8557],[-3.8159],[-2.8648],[-1.0682],[0.8886],[2.1534],[2.3852],[1.9239],[1.3568],[0.9591],[0.65],[0.2636],[-0.133],[-0.4511],[-0.7409],[-1.1682],[-1.733],[-2.0011],[-1.4477],[0.0045],[1.7648],[3.0409],[3.4523],[3.3102],[3.1591],[3.2375],[-3.8739],[-3.8432],[-3.3477],[-2.0648],[-0.1489],[1.6795],[2.608],[2.4523],[1.7523],[1.225],[1.1034],[1.1614],[1.0443],[0.6864],[0.1523],[-0.4852],[-1.3023],[-2.1614],[-2.5818],[-2.0807],[-0.5943],[1.2955],[2.7784],[3.4875],[3.583],[3.4477],[3.2716],[-3.8943],[-3.2261],[-2.2],[-0.7466],[0.942],[2.2307],[2.5534],[2.008],[1.2909],[1.1023],[1.4909],[1.933],[1.9352],[1.3886],[0.517],[-0.4716],[-1.5023],[-2.392],[-2.8068],[-2.3841],[-1.0795],[0.6966],[2.3977],[3.583],[4.1239],[4.0739],[3.5273],[-2.8761],[-1.6773],[-0.4216],[0.8216],[1.9068],[2.4614],[2.2443],[1.5682],[1.1716],[1.4523],[2.1591],[2.6],[2.3432],[1.4511],[0.3],[-0.8045],[-1.7432],[-2.4557],[-2.8114],[-2.5705],[-1.6591],[-0.117],[1.7682],[3.5205],[4.6193],[4.7455],[3.8795],[-1.0648],[0.2727],[1.2909],[1.992],[2.3932],[2.3773],[1.9284],[1.4364],[1.433],[1.9875],[2.5807],[2.6227],[1.9352],[0.8693],[-0.1773],[-1.0443],[-1.7534],[-2.3614],[-2.7818],[-2.8455],[-2.2852],[-0.9193],[1.1568],[3.3739],[4.925],[5.2159],[4.2273],[0.8898],[1.8239],[2.2625],[2.4216],[2.4398],[2.2682],[1.908],[1.6705],[1.8875],[2.3602],[2.5261],[2.0432],[1.1398],[0.2886],[-0.2898],[-0.767],[-1.3636],[-2.0716],[-2.708],[-2.9557],[-2.4977],[-1.0898],[1.0955],[3.4057],[4.9932],[5.2682],[4.317],[2.5386],[2.7159],[2.5432],[2.3943],[2.4273],[2.4182],[2.2477],[2.1295],[2.2557],[2.4205],[2.1773],[1.4443],[0.6591],[0.2545],[0.1523],[-0.0568],[-0.6761],[-1.5295],[-2.2602],[-2.4955],[-1.958],[-0.5466],[1.4602],[3.3568],[4.4795],[4.5307],[3.6773],[3.6284],[3.0909],[2.4614],[2.2023],[2.358],[2.5216],[2.4159],[2.1636],[2.0284],[1.9125],[1.5477],[0.9682],[0.5625],[0.5716],[0.7409],[0.6136],[0.0602],[-0.6761],[-1.2659],[-1.4773],[-1.1227],[-0.1045],[1.3398],[2.6102],[3.1852],[2.9807],[2.2511],[3.7545],[2.8227],[1.9284],[1.5216],[1.5943],[1.7148],[1.5205],[1.092],[0.7341],[0.5227],[0.35],[0.2205],[0.2818],[0.5739],[0.842],[0.8125],[0.525],[0.1523],[-0.2273],[-0.6716],[-0.9261],[-0.6568],[0.2091],[1.1511],[1.5966],[1.358],[0.683]]}]