html/data/WT_pct09_ind_wt_12_5.json
[{"header":{"disciplineName":["Meteorological products"],"parameterCategory":[0],"parameterCategoryName":["Temperature"],"parameterNumberName":["Temperature"],"parameterNumber":[0],"parameterUnits":["K"],"refTime":["2017-03-17T0000:00.000Z"],"numberPoints":[621],"nx":[27],"ny":[23],"lo1":[-20],"la1":[70],"lo2":[45],"la2":[45],"dx":[2.5],"dy":[2.5]},"data":[[-11.5329],[-10.7744],[-10.1378],[-9.6256],[-9.2232],[-8.9134],[-8.7037],[-8.5598],[-8.4939],[-8.4841],[-8.5671],[-8.7134],[-8.9305],[-9.211],[-9.5232],[-9.8744],[-10.2159],[-10.5378],[-10.8427],[-11.1183],[-11.3695],[-11.5939],[-11.811],[-12.0329],[-12.2598],[-12.5159],[-12.789],[-8.4378],[-8.0061],[-7.7085],[-7.528],[-7.4159],[-7.3232],[-7.2402],[-7.1524],[-7.0841],[-7.0598],[-7.1159],[-7.2695],[-7.5402],[-7.9012],[-8.3402],[-8.8305],[-9.3207],[-9.8037],[-10.2354],[-10.6256],[-10.9866],[-11.2963],[-11.5793],[-11.8402],[-12.089],[-12.328],[-12.5817],[-6.0061],[-5.8939],[-5.8963],[-5.9232],[-5.9402],[-5.9061],[-5.811],[-5.6939],[-5.5598],[-5.5037],[-5.5768],[-5.8061],[-6.2012],[-6.7354],[-7.3549],[-7.9988],[-8.6256],[-9.2012],[-9.7159],[-10.1744],[-10.5793],[-10.95],[-11.2695],[-11.5524],[-11.7817],[-11.9671],[-12.1378],[-4.7402],[-4.7402],[-4.7622],[-4.772],[-4.7378],[-4.6476],[-4.511],[-4.3695],[-4.2671],[-4.2915],[-4.4622],[-4.8354],[-5.3671],[-6.0183],[-6.7061],[-7.3549],[-7.9232],[-8.3988],[-8.7866],[-9.1378],[-9.4939],[-9.8427],[-10.2037],[-10.5183],[-10.7939],[-10.9866],[-11.1329],[-4.0061],[-3.8378],[-3.6817],[-3.5622],[-3.4573],[-3.3793],[-3.3232],[-3.3085],[-3.3622],[-3.5354],[-3.8378],[-4.2915],[-4.8573],[-5.4841],[-6.0768],[-6.5817],[-6.9598],[-7.2256],[-7.4305],[-7.65],[-7.928],[-8.2671],[-8.6524],[-9.028],[-9.35],[-9.5963],[-9.7963],[-2.8012],[-2.4378],[-2.1646],[-2.0037],[-1.9646],[-2.0183],[-2.1427],[-2.2988],[-2.5207],[-2.8037],[-3.1524],[-3.5768],[-4.0451],[-4.5451],[-5.0183],[-5.4256],[-5.7329],[-5.9768],[-6.1817],[-6.4134],[-6.7061],[-7.0598],[-7.4354],[-7.7768],[-8.0524],[-8.2622],[-8.4646],[-0.989],[-0.611],[-0.3988],[-0.3476],[-0.4402],[-0.6134],[-0.8549],[-1.1207],[-1.4134],[-1.7378],[-2.0598],[-2.4451],[-2.8402],[-3.2524],[-3.6939],[-4.1305],[-4.5549],[-4.9549],[-5.3402],[-5.7037],[-6.0671],[-6.4256],[-6.7207],[-6.9305],[-7.0622],[-7.1549],[-7.272],[0.8402],[1.0866],[1.1695],[1.1256],[0.989],[0.8329],[0.6207],[0.3549],[0.0012],[-0.428],[-0.8963],[-1.372],[-1.8207],[-2.2598],[-2.7085],[-3.1817],[-3.672],[-4.15],[-4.5744],[-4.9646],[-5.311],[-5.5963],[-5.8305],[-5.9793],[-6.0573],[-6.111],[-6.2354],[2.2963],[2.4573],[2.4866],[2.4207],[2.3305],[2.2232],[2.0549],[1.7866],[1.3256],[0.7012],[-0.0183],[-0.711],[-1.3085],[-1.7915],[-2.2037],[-2.5915],[-2.9524],[-3.2573],[-3.472],[-3.6427],[-3.7963],[-4.0037],[-4.2549],[-4.5134],[-4.7744],[-5.0085],[-5.2695],[3.472],[3.6305],[3.6476],[3.5451],[3.3793],[3.1939],[2.9622],[2.6695],[2.1793],[1.511],[0.7378],[-0.0159],[-0.6427],[-1.1305],[-1.5159],[-1.8427],[-2.0939],[-2.2183],[-2.1988],[-2.1159],[-2.0768],[-2.1817],[-2.4622],[-2.872],[-3.3305],[-3.7598],[-4.1671],[4.4622],[4.5915],[4.5646],[4.3159],[3.9232],[3.5159],[3.172],[2.8988],[2.611],[2.2378],[1.7695],[1.2768],[0.7963],[0.3378],[-0.1378],[-0.6134],[-1.0256],[-1.2841],[-1.2841],[-1.1402],[-1.0085],[-1.0354],[-1.2476],[-1.6134],[-2.0085],[-2.3793],[-2.6866],[5.1622],[5.2427],[5.1305],[4.7451],[4.172],[3.5866],[3.189],[3.0305],[3.0402],[3.0841],[3.072],[2.928],[2.6573],[2.211],[1.5768],[0.8329],[0.1256],[-0.3866],[-0.5646],[-0.5305],[-0.4305],[-0.3963],[-0.5037],[-0.6768],[-0.8305],[-0.9354],[-0.9695],[5.6085],[5.6646],[5.5549],[5.228],[4.711],[4.1451],[3.7524],[3.6402],[3.7549],[3.9622],[4.1354],[4.1646],[4.0159],[3.6256],[2.9817],[2.1963],[1.4378],[0.9207],[0.7085],[0.6963],[0.7378],[0.7134],[0.6134],[0.4963],[0.4695],[0.5549],[0.7305],[6.1598],[6.2256],[6.2134],[6.0695],[5.7476],[5.3232],[4.9329],[4.6963],[4.6329],[4.6768],[4.728],[4.7354],[4.6622],[4.4354],[4.0427],[3.5134],[3.0402],[2.7695],[2.7427],[2.8183],[2.8207],[2.7061],[2.4793],[2.2305],[2.0695],[2.1061],[2.3817],[7.0134],[7.0671],[7.1037],[7.0695],[6.8402],[6.4768],[6.0329],[5.6573],[5.4012],[5.25],[5.1744],[5.1671],[5.2232],[5.2549],[5.1744],[4.9354],[4.7183],[4.6378],[4.7427],[4.872],[4.8988],[4.7841],[4.55],[4.2183],[3.8866],[3.7573],[4.0744],[7.9378],[7.9476],[7.9646],[7.8841],[7.6354],[7.211],[6.7232],[6.3256],[6.0963],[5.9939],[5.9793],[6.0402],[6.2037],[6.3988],[6.4817],[6.3622],[6.1329],[5.9841],[5.9988],[6.0915],[6.15],[6.189],[6.2061],[6.0841],[5.7671],[5.4671],[5.6939],[8.5915],[8.6598],[8.7037],[8.6134],[8.3354],[7.889],[7.4573],[7.189],[7.1354],[7.2207],[7.2817],[7.3378],[7.45],[7.6256],[7.7085],[7.572],[7.2476],[6.9671],[6.889],[6.9305],[7.0378],[7.2476],[7.6134],[7.9037],[7.7695],[7.3134],[7.1451],[9.0963],[9.3817],[9.6085],[9.6427],[9.4427],[9.1061],[8.7988],[8.6915],[8.7768],[8.9402],[8.9915],[8.8744],[8.7622],[8.7744],[8.8232],[8.7085],[8.4232],[8.1768],[8.1622],[8.3134],[8.4671],[8.7232],[9.2915],[9.9598],[10.1646],[9.6573],[8.9866],[10.0476],[10.5768],[10.9817],[11.1232],[11.0378],[10.8768],[10.7402],[10.711],[10.8159],[10.9573],[10.9329],[10.6598],[10.2963],[10.111],[10.1232],[10.0939],[9.8744],[9.6817],[9.7963],[10.1402],[10.3866],[10.6134],[11.2085],[12.1988],[12.9476],[12.7549],[11.8061],[11.7622],[12.4378],[12.8646],[12.9744],[12.8988],[12.85],[12.8232],[12.8159],[12.8793],[13.0085],[13.0085],[12.672],[12.15],[11.8305],[11.8476],[11.8646],[11.5841],[11.2329],[11.2915],[11.7744],[12.2402],[12.5402],[13.1232],[14.35],[15.6354],[16.0159],[15.1988],[14.0232],[14.689],[15.011],[14.989],[14.8549],[14.8378],[14.8646],[14.828],[14.8305],[14.9329],[14.9646],[14.6232],[14.0256],[13.6695],[13.7793],[13.9354],[13.611],[12.9768],[12.7622],[13.2793],[14.0402],[14.611],[15.2207],[16.3622],[17.7256],[18.3329],[17.6744],[16.1768],[16.7915],[17.0549],[17.0012],[16.8622],[16.811],[16.8183],[16.7671],[16.6915],[16.7329],[16.6841],[16.272],[15.6159],[15.3232],[15.6963],[16.2012],[16.089],[15.372],[14.8695],[15.2524],[16.2524],[17.1695],[17.8378],[18.5305],[19.2207],[19.2915],[18.3305],[17.6646],[18.2207],[18.5793],[18.6378],[18.5793],[18.5012],[18.4573],[18.3988],[18.3329],[18.2817],[18.1159],[17.6305],[17.0378],[16.8817],[17.4939],[18.3524],[18.6451],[18.1402],[17.5134],[17.6256],[18.5598],[19.7232],[20.5476],[20.8476],[20.5817],[19.6354],[17.9963]]},{"header":{"disciplineName":["Meteorological products"],"parameterCategory":[2],"parameterCategoryName":["u-component of wind"],"parameterNumberName":["u-component of wind"],"parameterNumber":[2],"parameterUnits":["m s-1"],"refTime":["2017-03-17T0000:00.000Z"],"numberPoints":[621],"nx":[27],"ny":[23],"lo1":[-20],"la1":[70],"lo2":[45],"la2":[45],"dx":[2.5],"dy":[2.5]},"data":[[3.7049],[4.3927],[4.878],[5.1927],[5.3317],[5.3634],[5.3073],[5.222],[5.1366],[5.0805],[5.0439],[5.0049],[4.9512],[4.8854],[4.7756],[4.6415],[4.5049],[4.3341],[4.2024],[4.0927],[4],[3.9415],[3.9171],[3.9049],[3.9293],[3.9659],[4.0341],[4.7561],[5.622],[6.1878],[6.5],[6.6122],[6.5805],[6.5122],[6.4463],[6.4341],[6.4634],[6.5122],[6.539],[6.4659],[6.2829],[5.9927],[5.5878],[5.1366],[4.6732],[4.2756],[3.9537],[3.7268],[3.622],[3.5927],[3.6488],[3.7512],[3.9049],[4.0732],[5.022],[5.8537],[6.4317],[6.7829],[6.978],[7.0634],[7.1415],[7.2439],[7.4],[7.5634],[7.6902],[7.7268],[7.5878],[7.2488],[6.7561],[6.1341],[5.4829],[4.8707],[4.3902],[4.0756],[3.9488],[3.9732],[4.1293],[4.3805],[4.6732],[4.9683],[5.2488],[4.6122],[5.2854],[5.8463],[6.2854],[6.6659],[6.9854],[7.2366],[7.4561],[7.6244],[7.7171],[7.7317],[7.6073],[7.3512],[6.9537],[6.4878],[6.0024],[5.6049],[5.3146],[5.222],[5.2902],[5.5098],[5.8317],[6.1976],[6.5829],[6.9415],[7.239],[7.4512],[4.6146],[5.0244],[5.5073],[6.0561],[6.5951],[7.061],[7.3756],[7.5098],[7.4512],[7.2585],[6.9756],[6.6366],[6.3049],[6.0341],[5.8756],[5.8854],[6.0366],[6.3634],[6.7854],[7.2439],[7.6854],[8.0732],[8.3878],[8.6195],[8.7683],[8.8488],[8.8732],[6.0951],[6.1854],[6.4805],[6.9512],[7.4439],[7.822],[7.9927],[7.9],[7.5829],[7.1366],[6.6854],[6.2976],[6.0707],[6.0317],[6.2317],[6.6366],[7.1805],[7.7463],[8.2659],[8.6146],[8.8098],[8.8634],[8.8195],[8.7268],[8.6073],[8.4976],[8.4171],[8.8854],[8.7],[8.7098],[8.8537],[8.9902],[9.0098],[8.8488],[8.4976],[8.0805],[7.661],[7.3317],[7.1488],[7.1463],[7.3171],[7.6317],[8.0317],[8.4317],[8.6976],[8.7439],[8.5683],[8.2463],[7.8878],[7.5951],[7.4341],[7.3268],[7.2732],[7.2927],[11.4683],[11.1561],[10.878],[10.5902],[10.2098],[9.7122],[9.1463],[8.6268],[8.2122],[7.9512],[7.8902],[7.9561],[8.1171],[8.3073],[8.4878],[8.622],[8.6341],[8.4585],[8.0659],[7.5512],[7.0366],[6.7049],[6.6415],[6.7927],[6.9976],[7.1317],[7.1976],[12.3732],[12.022],[11.522],[10.8463],[10.022],[9.139],[8.3317],[7.7],[7.3049],[7.1171],[7.1122],[7.1829],[7.2805],[7.339],[7.3463],[7.278],[7.1805],[7.0024],[6.7537],[6.5024],[6.3902],[6.5366],[6.9707],[7.5244],[7.9659],[8.1171],[7.9707],[11.5244],[10.978],[10.2366],[9.2756],[8.2439],[7.2829],[6.5122],[5.9366],[5.5122],[5.1976],[4.961],[4.8146],[4.7122],[4.6707],[4.6561],[4.7049],[4.8634],[5.1073],[5.4146],[5.778],[6.2537],[6.861],[7.5756],[8.2171],[8.5829],[8.561],[8.1854],[9.9854],[9.0439],[7.9512],[6.8195],[5.7927],[5.0171],[4.4732],[4.0537],[3.6317],[3.161],[2.7],[2.3488],[2.1756],[2.1756],[2.322],[2.6341],[3.122],[3.7415],[4.4585],[5.1829],[5.8707],[6.5073],[7.061],[7.4805],[7.6707],[7.5951],[7.3683],[8.6049],[7.2854],[5.9951],[4.8707],[4.0341],[3.5098],[3.1878],[2.9049],[2.5268],[2.0659],[1.6293],[1.3415],[1.2585],[1.4073],[1.722],[2.2073],[2.8293],[3.4976],[4.1683],[4.7244],[5.1341],[5.4073],[5.6415],[5.8317],[6.0268],[6.2488],[6.522],[7.3],[5.9976],[4.9415],[4.1878],[3.7195],[3.422],[3.178],[2.9195],[2.622],[2.3537],[2.1732],[2.1098],[2.161],[2.3415],[2.7049],[3.2],[3.7805],[4.3171],[4.6732],[4.7854],[4.739],[4.6366],[4.6293],[4.7976],[5.1707],[5.7512],[6.4537],[5.7659],[4.9049],[4.4268],[4.2902],[4.2683],[4.1634],[3.9366],[3.6537],[3.4707],[3.5],[3.6805],[3.8488],[3.9585],[4.0805],[4.3561],[4.8341],[5.378],[5.7488],[5.7902],[5.5171],[5.1341],[4.8463],[4.7659],[4.9854],[5.4805],[6.1366],[6.8415],[4.0659],[3.6561],[3.6829],[3.9951],[4.3537],[4.4683],[4.3366],[4.1366],[4.1317],[4.4195],[4.9049],[5.322],[5.5415],[5.7122],[6.0049],[6.5146],[7.0415],[7.2366],[7.0098],[6.4805],[5.9415],[5.6024],[5.539],[5.7659],[6.2268],[6.778],[7.222],[2.4878],[2.278],[2.4],[2.822],[3.3317],[3.6878],[3.8195],[3.8902],[4.0927],[4.5366],[5.1805],[5.8],[6.3171],[6.7585],[7.2683],[7.822],[8.1829],[8.1366],[7.6415],[6.9707],[6.4341],[6.1683],[6.1366],[6.3707],[6.8341],[7.4049],[7.8024],[1.1268],[0.9976],[1.0488],[1.3951],[1.9805],[2.6268],[3.1854],[3.661],[4.0634],[4.4927],[5.0366],[5.678],[6.3756],[7.0707],[7.7098],[8.1537],[8.2463],[7.9122],[7.2829],[6.7],[6.3585],[6.2805],[6.3732],[6.678],[7.3],[8.1098],[8.7463],[0.3317],[0.3659],[0.5024],[0.9146],[1.6463],[2.5659],[3.5317],[4.3878],[4.9756],[5.3049],[5.5073],[5.8098],[6.2732],[6.7829],[7.1659],[7.3122],[7.1317],[6.7073],[6.2317],[5.9512],[5.9756],[6.1707],[6.4317],[6.8756],[7.6585],[8.6634],[9.4073],[0.6659],[0.9244],[1.2268],[1.778],[2.5683],[3.5244],[4.5805],[5.639],[6.4073],[6.7073],[6.6195],[6.4463],[6.361],[6.3146],[6.1902],[5.9415],[5.6366],[5.3439],[5.1878],[5.2829],[5.5951],[5.9829],[6.3829],[6.9],[7.6805],[8.5317],[8.9756],[2.1976],[2.4488],[2.6805],[3.1244],[3.661],[4.2293],[4.9439],[5.8634],[6.7268],[7.1829],[7.1293],[6.7683],[6.3463],[5.8976],[5.422],[4.9585],[4.6415],[4.5268],[4.6098],[4.8415],[5.1707],[5.5317],[5.9171],[6.3756],[6.9585],[7.3902],[7.3268],[3.6098],[3.5976],[3.5805],[3.7049],[3.8049],[3.7854],[3.9122],[4.4],[5.1512],[5.7512],[5.9463],[5.8146],[5.5341],[5.1561],[4.7146],[4.3073],[4.0537],[4.0268],[4.1171],[4.2463],[4.3732],[4.5171],[4.7268],[5.0415],[5.3366],[5.3829],[4.9732],[3.0366],[2.9488],[2.8829],[2.9293],[2.8341],[2.5146],[2.2146],[2.2585],[2.6951],[3.1878],[3.5],[3.6122],[3.6268],[3.5317],[3.3195],[3.0707],[2.9341],[2.9805],[3.0902],[3.1537],[3.1146],[3.0317],[3.0488],[3.1537],[3.2171],[2.9732],[2.4341],[0.0683],[0.2244],[0.5415],[0.9024],[1.0732],[0.9439],[0.6683],[0.5317],[0.6366],[0.8171],[0.9463],[1.0415],[1.0927],[1.0829],[0.9439],[0.7927],[0.822],[1.0854],[1.4488],[1.6512],[1.6293],[1.4805],[1.3976],[1.3854],[1.2268],[0.7537],[0.1171]]},{"header":{"disciplineName":["Meteorological products"],"parameterCategory":[2],"parameterCategoryName":["v-component of wind"],"parameterNumberName":["v-component of wind"],"parameterNumber":[3],"parameterUnits":["m s-1"],"refTime":["2017-03-17T0000:00.000Z"],"numberPoints":[621],"nx":[27],"ny":[23],"lo1":[-20],"la1":[70],"lo2":[45],"la2":[45],"dx":[2.5],"dy":[2.5]},"data":[[1.2756],[1.5512],[1.8],[1.9707],[2.0366],[2.0195],[1.8902],[1.6488],[1.3268],[0.9268],[0.4756],[-0.0244],[-0.5268],[-1.0195],[-1.4854],[-1.8951],[-2.2732],[-2.6073],[-2.9073],[-3.1732],[-3.378],[-3.5366],[-3.6146],[-3.5854],[-3.4537],[-3.2341],[-2.939],[3.578],[3.3976],[3.1317],[2.7878],[2.4146],[2.061],[1.6951],[1.3439],[0.9976],[0.5927],[0.1415],[-0.361],[-0.8878],[-1.4146],[-1.8854],[-2.2976],[-2.622],[-2.8707],[-3.0829],[-3.2512],[-3.3805],[-3.4683],[-3.4634],[-3.3659],[-3.161],[-2.8512],[-2.4585],[5.478],[4.861],[4.1171],[3.3537],[2.6561],[2.0805],[1.6317],[1.2829],[0.9537],[0.5488],[0.0293],[-0.639],[-1.3829],[-2.1366],[-2.7829],[-3.2561],[-3.5293],[-3.6146],[-3.561],[-3.4439],[-3.3],[-3.1195],[-2.9317],[-2.6878],[-2.3537],[-1.9829],[-1.5927],[6.6732],[5.8024],[4.8],[3.8171],[2.9585],[2.278],[1.7732],[1.4195],[1.0732],[0.6268],[-0.0317],[-0.8805],[-1.8585],[-2.8146],[-3.5829],[-4.0512],[-4.1634],[-3.9805],[-3.6171],[-3.1878],[-2.7463],[-2.3561],[-2.0024],[-1.6512],[-1.3415],[-1.0488],[-0.8341],[7.4073],[6.5073],[5.5098],[4.4756],[3.4927],[2.6341],[1.9463],[1.4073],[0.9341],[0.4],[-0.3049],[-1.2073],[-2.1976],[-3.1024],[-3.7366],[-3.9854],[-3.839],[-3.4024],[-2.8415],[-2.2976],[-1.8317],[-1.478],[-1.1756],[-0.9146],[-0.6927],[-0.5415],[-0.5317],[7.7463],[7],[6.1537],[5.1634],[4.0537],[2.9146],[1.8707],[1.0195],[0.339],[-0.2634],[-0.8927],[-1.6341],[-2.3927],[-3.0098],[-3.3024],[-3.2244],[-2.8244],[-2.2829],[-1.7756],[-1.4341],[-1.2268],[-1.1268],[-1.0024],[-0.8366],[-0.6585],[-0.5171],[-0.4976],[7.4902],[6.9463],[6.2976],[5.3951],[4.1927],[2.8098],[1.4659],[0.3585],[-0.422],[-0.9756],[-1.4341],[-1.9098],[-2.3878],[-2.7317],[-2.7927],[-2.5244],[-2.0366],[-1.5585],[-1.2634],[-1.2146],[-1.3073],[-1.3878],[-1.3171],[-1.1024],[-0.8122],[-0.539],[-0.3146],[6.7],[6.2244],[5.6707],[4.8366],[3.639],[2.2098],[0.8024],[-0.3098],[-1.0049],[-1.3366],[-1.5293],[-1.7805],[-2.1146],[-2.4244],[-2.5073],[-2.3024],[-1.9293],[-1.5854],[-1.4659],[-1.561],[-1.6829],[-1.661],[-1.4341],[-1.0659],[-0.7049],[-0.3805],[-0.0317],[5.7902],[5.1927],[4.5244],[3.6463],[2.5049],[1.2],[-0.0439],[-0.961],[-1.422],[-1.4659],[-1.3488],[-1.3463],[-1.6098],[-2.0049],[-2.3146],[-2.3537],[-2.1585],[-1.9073],[-1.7878],[-1.7732],[-1.6805],[-1.3732],[-0.9098],[-0.4854],[-0.2732],[-0.2073],[-0.0366],[5.022],[4.1463],[3.1463],[2.1073],[1.0415],[-0.0073],[-0.9707],[-1.6902],[-2],[-1.8341],[-1.4098],[-1.0585],[-1.1073],[-1.5024],[-1.9976],[-2.2439],[-2.1439],[-1.8732],[-1.6024],[-1.3854],[-1.0805],[-0.5634],[6.7237e-09],[0.3073],[0.1707],[-0.2073],[-0.3463],[4.139],[2.9488],[1.5878],[0.3951],[-0.4854],[-1.1585],[-1.7854],[-2.3878],[-2.7415],[-2.5854],[-1.9268],[-1.178],[-0.8293],[-1.0317],[-1.5244],[-1.8537],[-1.7341],[-1.3195],[-0.8732],[-0.5195],[-0.1829],[0.2683],[0.678],[0.761],[0.3512],[-0.2829],[-0.5634],[2.878],[1.4976],[-0.1024],[-1.3366],[-1.8854],[-2.0268],[-2.2171],[-2.7366],[-3.2805],[-3.3341],[-2.6463],[-1.6073],[-0.8366],[-0.7512],[-1.1146],[-1.3634],[-1.1341],[-0.5195],[0.0829],[0.4244],[0.5951],[0.7537],[0.8805],[0.7805],[0.3341],[-0.2049],[-0.3561],[1.4561],[0.0927],[-1.561],[-2.6854],[-2.8976],[-2.5098],[-2.2854],[-2.6512],[-3.3634],[-3.6902],[-3.161],[-2.0439],[-1.039],[-0.6732],[-0.8],[-0.8854],[-0.5049],[0.2341],[0.8805],[1.1244],[1.0415],[0.9073],[0.8122],[0.6537],[0.3561],[0.0927],[0.1902],[0.2829],[-0.8366],[-2.3049],[-3.2976],[-3.3634],[-2.7805],[-2.3341],[-2.5634],[-3.2293],[-3.6268],[-3.2512],[-2.2341],[-1.2049],[-0.6537],[-0.5341],[-0.4146],[0.022],[0.6829],[1.1927],[1.2805],[1.0463],[0.8073],[0.6878],[0.6317],[0.5293],[0.4951],[0.6805],[-0.5512],[-1.2683],[-2.3512],[-3.1854],[-3.3683],[-3.0537],[-2.7366],[-2.8049],[-3.1244],[-3.239],[-2.8122],[-1.9585],[-1.078],[-0.4976],[-0.2146],[-0.0073],[0.322],[0.661],[0.8415],[0.739],[0.5122],[0.3951],[0.4951],[0.6805],[0.8146],[0.8902],[1.0171],[-1.2561],[-1.5122],[-2.1049],[-2.7146],[-3.1488],[-3.3317],[-3.3585],[-3.2537],[-2.978],[-2.4732],[-1.7927],[-1.0732],[-0.4902],[-0.0878],[0.1512],[0.2683],[0.261],[0.139],[-0.078],[-0.3098],[-0.4366],[-0.3073],[0.1366],[0.7171],[1.1805],[1.3976],[1.3659],[-1.8122],[-1.7146],[-1.8341],[-2.2073],[-2.8073],[-3.4415],[-3.7537],[-3.461],[-2.5927],[-1.4659],[-0.5268],[0.0171],[0.2463],[0.3561],[0.4317],[0.3244],[-0.061],[-0.6073],[-1.0902],[-1.3732],[-1.3634],[-0.9756],[-0.178],[0.8756],[1.8049],[2.2293],[2.078],[-1.9049],[-1.6146],[-1.4268],[-1.5951],[-2.2415],[-3.0805],[-3.5073],[-3.1366],[-2.0171],[-0.6707],[0.2707],[0.6098],[0.5878],[0.5585],[0.5585],[0.3049],[-0.3537],[-1.1902],[-1.8073],[-2.0073],[-1.7976],[-1.1829],[-0.0927],[1.4024],[2.7683],[3.4098],[3.1049],[-1.3268],[-0.9854],[-0.7098],[-0.7976],[-1.3659],[-2.1195],[-2.5683],[-2.3122],[-1.4146],[-0.3732],[0.2488],[0.3732],[0.3098],[0.4293],[0.622],[0.4171],[-0.3805],[-1.422],[-2.0927],[-2.1512],[-1.6878],[-0.7951],[0.5854],[2.3146],[3.8073],[4.3634],[3.8195],[-0.3463],[-0.1244],[0.0463],[-1.163e-08],[-0.3512],[-0.8585],[-1.2073],[-1.1927],[-0.8146],[-0.3415],[-0.1512],[-0.2146],[-0.1829],[0.2317],[0.7366],[0.6829],[-0.1683],[-1.3512],[-2.0659],[-1.9634],[-1.2146],[-0.0171],[1.5537],[3.2171],[4.361],[4.3927],[3.4317],[0.5244],[0.3951],[0.3341],[0.3366],[0.3171],[0.2024],[-0.0195],[-0.1878],[-0.2268],[-0.1976],[-0.2756],[-0.4878],[-0.4195],[0.139],[0.8585],[0.9415],[0.1122],[-1.061],[-1.7366],[-1.5317],[-0.6341],[0.7073],[2.2878],[3.678],[4.1537],[3.4171],[1.9488],[0.9512],[0.3707],[0.0268],[0.061],[0.3341],[0.5268],[0.4366],[0.1659],[-1.4356e-08],[-0.022],[-0.139],[-0.3707],[-0.361],[0.1732],[0.9],[1.061],[0.3927],[-0.5244],[-0.9976],[-0.7951],[-0.1],[1.0146],[2.4098],[3.4805],[3.4293],[2.078],[0.2927],[1.0341],[0.139],[-0.4195],[-0.4439],[-0.078],[0.1878],[0.0512],[-0.2732],[-0.3659],[-0.2098],[-0.1561],[-0.3171],[-0.3024],[0.1878],[0.8463],[1.0634],[0.6902],[0.2049],[0.0341],[0.1073],[0.3122],[0.8927],[1.9512],[2.8317],[2.5512],[1.0146],[-0.7707]]}]