html/data/WT_pct09_ind_wt_3_3.json
[{"header":{"disciplineName":["Meteorological products"],"parameterCategory":[0],"parameterCategoryName":["Temperature"],"parameterNumberName":["Temperature"],"parameterNumber":[0],"parameterUnits":["K"],"refTime":["2017-03-17T0000:00.000Z"],"numberPoints":[621],"nx":[27],"ny":[23],"lo1":[-20],"la1":[70],"lo2":[45],"la2":[45],"dx":[2.5],"dy":[2.5]},"data":[[-14.047],[-13.0975],[-12.1884],[-11.347],[-10.5894],[-9.9258],[-9.3712],[-8.9298],[-8.5975],[-8.3914],[-8.2904],[-8.2783],[-8.354],[-8.4934],[-8.6763],[-8.8944],[-9.1359],[-9.3914],[-9.65],[-9.9207],[-10.1793],[-10.4318],[-10.6823],[-10.9338],[-11.1843],[-11.452],[-11.7369],[-10.5126],[-9.947],[-9.454],[-9.0157],[-8.6045],[-8.2167],[-7.8712],[-7.553],[-7.3096],[-7.1318],[-7.0409],[-7.0419],[-7.1187],[-7.2611],[-7.4722],[-7.7298],[-8.0369],[-8.3833],[-8.7672],[-9.1561],[-9.5561],[-9.9359],[-10.2884],[-10.6025],[-10.8904],[-11.1561],[-11.4167],[-7.4278],[-7.2561],[-7.149],[-7.048],[-6.9035],[-6.7126],[-6.4914],[-6.2702],[-6.0965],[-5.9884],[-5.9621],[-6.0348],[-6.1783],[-6.3864],[-6.6429],[-6.952],[-7.2924],[-7.6955],[-8.1449],[-8.6379],[-9.1207],[-9.5904],[-10.0157],[-10.3742],[-10.6621],[-10.9035],[-11.1005],[-5.5581],[-5.55],[-5.5662],[-5.547],[-5.4753],[-5.3369],[-5.1692],[-5.0056],[-4.9066],[-4.9076],[-5.0106],[-5.2126],[-5.4591],[-5.7419],[-6.0197],[-6.3157],[-6.6278],[-6.9884],[-7.4146],[-7.8944],[-8.3904],[-8.8793],[-9.3126],[-9.6854],[-9.9793],[-10.2146],[-10.4197],[-4.4944],[-4.3813],[-4.3035],[-4.2409],[-4.1571],[-4.0399],[-3.9187],[-3.8258],[-3.8005],[-3.8803],[-4.0702],[-4.352],[-4.6551],[-4.951],[-5.2247],[-5.4773],[-5.7591],[-6.0884],[-6.4894],[-6.9551],[-7.4288],[-7.8843],[-8.2944],[-8.6419],[-8.9409],[-9.2045],[-9.4449],[-3.3086],[-3.0561],[-2.9157],[-2.8742],[-2.8813],[-2.8904],[-2.8631],[-2.8167],[-2.8035],[-2.8803],[-3.0399],[-3.2783],[-3.554],[-3.8348],[-4.1076],[-4.3924],[-4.7389],[-5.1601],[-5.6369],[-6.1409],[-6.6106],[-7.0288],[-7.3803],[-7.6894],[-7.9773],[-8.2773],[-8.5611],[-1.6914],[-1.452],[-1.4086],[-1.5369],[-1.7409],[-1.9086],[-1.9692],[-1.9338],[-1.8742],[-1.8621],[-1.946],[-2.1318],[-2.3742],[-2.6551],[-2.9803],[-3.3631],[-3.8439],[-4.3985],[-4.9874],[-5.5369],[-5.9833],[-6.3419],[-6.6308],[-6.9217],[-7.2429],[-7.5843],[-7.9126],[-0.0278],[0.0975],[-0.0106],[-0.2742],[-0.5773],[-0.8207],[-0.9116],[-0.8904],[-0.8348],[-0.8399],[-0.946],[-1.1561],[-1.4409],[-1.7621],[-2.1419],[-2.5965],[-3.152],[-3.7611],[-4.353],[-4.8389],[-5.1884],[-5.4561],[-5.7177],[-6.0551],[-6.4641],[-6.8914],[-7.2399],[1.3662],[1.4237],[1.3369],[1.1338],[0.9056],[0.7066],[0.5813],[0.4965],[0.3995],[0.2318],[-0.0096],[-0.3096],[-0.6359],[-0.9783],[-1.3753],[-1.852],[-2.4217],[-3.0096],[-3.5035],[-3.846],[-4.047],[-4.2167],[-4.4722],[-4.8813],[-5.3652],[-5.8187],[-6.1066],[2.6379],[2.7197],[2.7641],[2.7551],[2.6732],[2.5106],[2.2682],[1.9712],[1.6449],[1.3035],[0.9985],[0.7207],[0.4611],[0.1742],[-0.2247],[-0.7753],[-1.4268],[-2.0449],[-2.4944],[-2.7177],[-2.7823],[-2.8369],[-3.0298],[-3.3934],[-3.8278],[-4.152],[-4.2783],[3.9237],[4.0015],[4.1308],[4.2359],[4.2066],[3.9843],[3.5823],[3.0955],[2.646],[2.3086],[2.1187],[2.0369],[1.95],[1.7237],[1.2601],[0.547],[-0.2682],[-0.9753],[-1.4066],[-1.5278],[-1.453],[-1.353],[-1.3995],[-1.5965],[-1.851],[-1.9914],[-2.0056],[5.0288],[5.0682],[5.1641],[5.2237],[5.1369],[4.8237],[4.353],[3.8591],[3.4732],[3.2934],[3.2914],[3.3813],[3.3864],[3.1551],[2.5803],[1.7429],[0.8773],[0.2258],[-0.0601],[-0.0015],[0.2379],[0.4823],[0.5894],[0.5581],[0.4652],[0.3712],[0.2753],[5.854],[5.8753],[5.9177],[5.9126],[5.7793],[5.4854],[5.1116],[4.7712],[4.549],[4.4692],[4.4854],[4.5268],[4.4652],[4.1581],[3.5571],[2.7864],[2.1035],[1.7379],[1.749],[2.0157],[2.3591],[2.646],[2.8258],[2.8753],[2.8167],[2.6753],[2.4611],[6.5561],[6.6631],[6.7429],[6.7884],[6.7581],[6.6348],[6.4621],[6.2884],[6.1328],[5.952],[5.7652],[5.5753],[5.3702],[5.051],[4.5783],[4.0258],[3.6258],[3.5439],[3.751],[4.0611],[4.3439],[4.5884],[4.8157],[4.9864],[4.9985],[4.8914],[4.7672],[7.3086],[7.5278],[7.7712],[8.048],[8.2894],[8.4066],[8.4035],[8.2773],[8.0187],[7.6258],[7.1722],[6.7722],[6.5035],[6.2955],[6.0076],[5.647],[5.3722],[5.3258],[5.4571],[5.6066],[5.7419],[6.0106],[6.4884],[6.9621],[7.1662],[7.1237],[7.2217],[8.0217],[8.3288],[8.7874],[9.4056],[10.0015],[10.3742],[10.4258],[10.2167],[9.8237],[9.2934],[8.7338],[8.2753],[8.0348],[7.9258],[7.7581],[7.45],[7.1157],[6.9328],[6.8924],[6.8985],[7.0106],[7.5025],[8.4399],[9.3833],[9.748],[9.5035],[9.3965],[8.6207],[9.0066],[9.6833],[10.6045],[11.4742],[11.9874],[12.0379],[11.7884],[11.4177],[11.0247],[10.6197],[10.253],[9.9995],[9.852],[9.647],[9.2985],[8.8864],[8.6338],[8.5864],[8.6641],[8.9328],[9.6874],[11.052],[12.4217],[12.849],[12.0995],[11.1449],[9.3288],[9.8641],[10.6985],[11.7177],[12.6096],[13.1116],[13.1843],[13.0601],[13.0045],[13.0561],[13.046],[12.8207],[12.4581],[12.1015],[11.7621],[11.353],[10.9207],[10.6924],[10.7672],[11.0258],[11.4015],[12.1894],[13.6409],[15.2823],[15.948],[14.9813],[13.1975],[10.5449],[11.2955],[12.15],[12.9995],[13.6742],[14.0702],[14.2389],[14.4025],[14.7955],[15.3722],[15.7874],[15.7035],[15.1833],[14.5722],[14.0995],[13.6904],[13.2359],[12.9268],[12.9793],[13.2914],[13.6308],[14.1217],[15.2702],[17.0086],[18.3096],[18.0207],[16.3045],[12.4561],[13.3702],[14.1652],[14.7288],[15.1258],[15.4399],[15.752],[16.1439],[16.7854],[17.5914],[18.1934],[18.1409],[17.4662],[16.7157],[16.2803],[16.0308],[15.5985],[15.0742],[14.8965],[15.153],[15.4631],[15.6591],[16.2803],[17.8439],[19.7652],[20.6581],[19.8924],[14.9045],[15.8874],[16.5965],[16.9934],[17.2591],[17.5793],[17.9641],[18.3621],[18.8379],[19.4348],[19.8773],[19.7177],[18.9621],[18.2288],[18.055],[18.2035],[17.9965],[17.3662],[16.9419],[17.1934],[17.7116],[17.9348],[18.1359],[19.1035],[20.8763],[22.3086],[22.3187],[17.4965],[18.3884],[19.0439],[19.4439],[19.7258],[20.0682],[20.4237],[20.6389],[20.752],[20.9399],[21.1025],[20.8571],[20.1561],[19.6015],[19.7682],[20.4187],[20.6763],[20.1904],[19.6631],[19.8955],[20.7247],[21.3005],[21.3712],[21.5611],[22.3167],[23.0641],[22.8449],[19.5449],[20.2702],[20.8621],[21.2833],[21.5884],[21.8864],[22.1571],[22.25],[22.1874],[22.1813],[22.2399],[22.1086],[21.6985],[21.4197],[21.8035],[22.7187],[23.352],[23.1763],[22.6328],[22.6591],[23.4601],[24.3328],[24.5985],[24.3813],[24.1025],[23.6551],[22.552]]},{"header":{"disciplineName":["Meteorological products"],"parameterCategory":[2],"parameterCategoryName":["u-component of wind"],"parameterNumberName":["u-component of wind"],"parameterNumber":[2],"parameterUnits":["m s-1"],"refTime":["2017-03-17T0000:00.000Z"],"numberPoints":[621],"nx":[27],"ny":[23],"lo1":[-20],"la1":[70],"lo2":[45],"la2":[45],"dx":[2.5],"dy":[2.5]},"data":[[3.704],[3.9667],[4.0616],[3.9879],[3.8152],[3.6101],[3.4434],[3.3828],[3.4626],[3.6808],[4.0051],[4.396],[4.7808],[5.1121],[5.3475],[5.4758],[5.5141],[5.4889],[5.4212],[5.3576],[5.2949],[5.2343],[5.1707],[5.0889],[4.9848],[4.8758],[4.7818],[4.2768],[4.8283],[5.1303],[5.2081],[5.1131],[4.9364],[4.7727],[4.7222],[4.8273],[5.0949],[5.4879],[5.9242],[6.3121],[6.5747],[6.6717],[6.596],[6.3899],[6.1172],[5.8263],[5.601],[5.4465],[5.3717],[5.3343],[5.3374],[5.3374],[5.3505],[5.3828],[5.2838],[5.8798],[6.2667],[6.4465],[6.4444],[6.3556],[6.2414],[6.1909],[6.2535],[6.4384],[6.7071],[6.9919],[7.2071],[7.2697],[7.1444],[6.8535],[6.4505],[6.0172],[5.6404],[5.3909],[5.2808],[5.3111],[5.4152],[5.5778],[5.7404],[5.9111],[6.0939],[6.4939],[6.8192],[7.0444],[7.1788],[7.2293],[7.1879],[7.099],[6.9778],[6.8788],[6.8202],[6.8121],[6.8121],[6.802],[6.7152],[6.5394],[6.2848],[5.996],[5.7364],[5.5677],[5.5293],[5.597],[5.7404],[5.9263],[6.0848],[6.2212],[6.3485],[6.4909],[7.5505],[7.4788],[7.4455],[7.4596],[7.4768],[7.4535],[7.3475],[7.1444],[6.8737],[6.5677],[6.2798],[6.0414],[5.8626],[5.7404],[5.6636],[5.6354],[5.6525],[5.7505],[5.9111],[6.1202],[6.3414],[6.5],[6.5616],[6.5091],[6.3848],[6.2576],[6.1838],[8.4485],[8.1657],[7.9798],[7.8899],[7.8636],[7.8263],[7.7],[7.4697],[7.1303],[6.7374],[6.3596],[6.0131],[5.7485],[5.5727],[5.4818],[5.4879],[5.5939],[5.802],[6.0586],[6.3121],[6.503],[6.5657],[6.4657],[6.2283],[5.8949],[5.5646],[5.3535],[9.3596],[9.1586],[8.996],[8.8869],[8.8091],[8.7],[8.5313],[8.2808],[7.9899],[7.6747],[7.3626],[7.0444],[6.7162],[6.3768],[6.0535],[5.7778],[5.5848],[5.5],[5.4929],[5.5354],[5.5667],[5.5545],[5.4576],[5.2879],[5.0606],[4.8384],[4.6899],[10.1455],[10.0949],[10.0162],[9.9212],[9.7768],[9.5758],[9.2889],[8.9697],[8.6576],[8.3798],[8.1293],[7.8586],[7.5],[7.0414],[6.5081],[5.9333],[5.4192],[4.9879],[4.6636],[4.4374],[4.3202],[4.298],[4.3727],[4.502],[4.6273],[4.702],[4.7192],[10.2939],[10.2172],[10.1374],[10.0414],[9.8758],[9.6091],[9.2253],[8.7586],[8.2717],[7.8333],[7.4636],[7.1394],[6.799],[6.4121],[5.9636],[5.497],[5.0364],[4.6212],[4.2566],[3.9727],[3.8061],[3.8283],[4.0727],[4.4768],[4.9192],[5.2343],[5.3364],[9.5818],[9.301],[9.102],[8.9576],[8.797],[8.5455],[8.1434],[7.5899],[6.9212],[6.2475],[5.6475],[5.1949],[4.8899],[4.7101],[4.5869],[4.503],[4.4263],[4.3525],[4.2545],[4.1404],[4.0838],[4.1747],[4.4869],[4.9859],[5.5222],[5.899],[5.9869],[8.2495],[7.798],[7.4616],[7.198],[6.9768],[6.7505],[6.4697],[6.0737],[5.5273],[4.8869],[4.2434],[3.7525],[3.4747],[3.3899],[3.4515],[3.5859],[3.7727],[3.9737],[4.1778],[4.3343],[4.4687],[4.6404],[4.9404],[5.3798],[5.8455],[6.1838],[6.2758],[6.6808],[6.2273],[5.801],[5.399],[5.0485],[4.8545],[4.8333],[4.902],[4.9071],[4.7455],[4.4354],[4.096],[3.8293],[3.6616],[3.5778],[3.5616],[3.6424],[3.8364],[4.1303],[4.4444],[4.6949],[4.8798],[5.0899],[5.3909],[5.7545],[6.0758],[6.2586],[4.9929],[4.6465],[4.2717],[3.8556],[3.5394],[3.5192],[3.8737],[4.4919],[5.1475],[5.6],[5.7535],[5.6576],[5.4192],[5.1182],[4.8283],[4.598],[4.502],[4.5869],[4.8081],[5.0667],[5.2051],[5.2222],[5.2182],[5.3333],[5.6242],[5.9929],[6.3071],[3.4091],[3.1636],[2.9677],[2.8404],[2.8889],[3.2121],[3.8364],[4.6455],[5.4727],[6.1212],[6.4909],[6.5778],[6.4636],[6.2677],[6.0818],[5.9848],[6.0212],[6.1586],[6.3081],[6.3626],[6.2333],[5.9525],[5.6929],[5.6606],[5.9343],[6.3778],[6.7414],[2.3606],[2.1788],[2.2354],[2.5606],[3.0677],[3.6273],[4.1152],[4.5101],[4.8323],[5.1313],[5.4232],[5.703],[5.9434],[6.1869],[6.4808],[6.8616],[7.2596],[7.5657],[7.6828],[7.5697],[7.2596],[6.8444],[6.5222],[6.4778],[6.796],[7.3],[7.6343],[2.0111],[1.9091],[2.1384],[2.702],[3.3384],[3.7303],[3.703],[3.3828],[3.0566],[3.0101],[3.3394],[3.9838],[4.7758],[5.5778],[6.3444],[7.0505],[7.6152],[7.9283],[7.9485],[7.7899],[7.5848],[7.4192],[7.3394],[7.4404],[7.8263],[8.4061],[8.7949],[1.9313],[1.9859],[2.2616],[2.7121],[3.0616],[3.0354],[2.6101],[2.0434],[1.7],[1.8444],[2.5283],[3.5889],[4.7657],[5.7747],[6.5394],[7.0495],[7.3303],[7.3596],[7.2121],[7.1232],[7.2505],[7.5455],[7.8323],[8.0788],[8.4929],[9.1626],[9.8465],[1.9131],[2.1707],[2.4677],[2.7172],[2.7636],[2.5828],[2.3586],[2.3717],[2.7505],[3.4727],[4.4242],[5.4808],[6.4121],[7.0232],[7.2414],[7.197],[7.0061],[6.7455],[6.5303],[6.5566],[6.9576],[7.5535],[8.0222],[8.2778],[8.6141],[9.3354],[10.3283],[2.5616],[3.0242],[3.3859],[3.598],[3.6505],[3.7121],[4.102],[4.9424],[6.0364],[7.0091],[7.6788],[8.0758],[8.2404],[8.1091],[7.7192],[7.2576],[6.9192],[6.7515],[6.7141],[6.8616],[7.2636],[7.7717],[8.1293],[8.2576],[8.4566],[9.0293],[9.9303],[4.397],[4.9394],[5.2919],[5.4949],[5.6394],[5.9273],[6.6051],[7.6495],[8.6747],[9.2091],[9.1768],[8.8101],[8.3495],[7.8101],[7.2616],[6.8889],[6.8717],[7.1141],[7.399],[7.6111],[7.8172],[7.9869],[8.0667],[8.0475],[8.0828],[8.2838],[8.5172],[6.3727],[6.7879],[6.8444],[6.8061],[6.7848],[6.8677],[7.1727],[7.6303],[7.9424],[7.8222],[7.3465],[6.8131],[6.4192],[6.1293],[5.9212],[5.9626],[6.3636],[6.9515],[7.4172],[7.6182],[7.6071],[7.4707],[7.2909],[7.1374],[7.0364],[6.7909],[6.1869],[6.2596],[6.3343],[5.9747],[5.5424],[5.1949],[4.9242],[4.699],[4.503],[4.2343],[3.8828],[3.5788],[3.5051],[3.6515],[3.8616],[4.0838],[4.4525],[5.0162],[5.5919],[5.9455],[6.0616],[6.0091],[5.8091],[5.4768],[5.1364],[4.8313],[4.3],[3.2061],[2.8859],[2.6525],[2.0697],[1.5323],[1.1899],[0.9727],[0.7374],[0.4768],[0.2434],[0.1232],[0.2293],[0.6051],[1.0889],[1.4919],[1.8343],[2.2707],[2.7434],[3.0606],[3.1727],[3.2646],[3.4455],[3.4485],[3.0758],[2.4515],[1.8566],[1.1919],[0.1253]]},{"header":{"disciplineName":["Meteorological products"],"parameterCategory":[2],"parameterCategoryName":["v-component of wind"],"parameterNumberName":["v-component of wind"],"parameterNumber":[3],"parameterUnits":["m s-1"],"refTime":["2017-03-17T0000:00.000Z"],"numberPoints":[621],"nx":[27],"ny":[23],"lo1":[-20],"la1":[70],"lo2":[45],"la2":[45],"dx":[2.5],"dy":[2.5]},"data":[[1.1576],[1.2374],[1.303],[1.3657],[1.4404],[1.5333],[1.6444],[1.7384],[1.7677],[1.7141],[1.5545],[1.2929],[0.9485],[0.5788],[0.2182],[-0.0788],[-0.3121],[-0.4828],[-0.6222],[-0.7646],[-0.9404],[-1.1354],[-1.3566],[-1.5455],[-1.6404],[-1.599],[-1.3838],[2.4253],[2.1091],[1.7364],[1.4061],[1.2121],[1.1949],[1.3606],[1.6273],[1.9172],[2.1141],[2.1343],[1.9636],[1.6061],[1.1263],[0.6202],[0.1556],[-0.2222],[-0.4778],[-0.6646],[-0.8232],[-1.001],[-1.2182],[-1.4374],[-1.6242],[-1.6939],[-1.5727],[-1.2303],[3.701],[2.996],[2.2131],[1.5263],[1.0838],[0.9515],[1.1455],[1.5404],[2.0121],[2.3808],[2.5071],[2.3263],[1.8535],[1.1859],[0.4535],[-0.2061],[-0.6879],[-0.9737],[-1.0889],[-1.103],[-1.0899],[-1.1061],[-1.1495],[-1.1737],[-1.1],[-0.8768],[-0.4747],[4.299],[3.402],[2.4232],[1.5525],[0.9586],[0.7343],[0.8707],[1.2727],[1.7697],[2.1778],[2.3414],[2.1626],[1.6525],[0.9202],[0.1091],[-0.6051],[-1.1091],[-1.3444],[-1.3525],[-1.204],[-0.997],[-0.8101],[-0.6455],[-0.4848],[-0.2657],[0.0323],[0.4172],[4.1899],[3.3162],[2.3788],[1.5222],[0.8828],[0.5374],[0.5131],[0.7444],[1.1212],[1.4798],[1.6808],[1.6152],[1.2717],[0.7152],[0.0737],[-0.5071],[-0.9212],[-1.1111],[-1.1101],[-0.9758],[-0.803],[-0.6263],[-0.4505],[-0.2404],[0.0273],[0.3657],[0.7475],[3.7646],[3.0061],[2.1889],[1.4172],[0.7566],[0.2919],[0.0596],[0.0798],[0.2929],[0.5919],[0.8455],[0.9566],[0.8556],[0.5919],[0.2293],[-0.1263],[-0.3889],[-0.5455],[-0.6071],[-0.6263],[-0.6535],[-0.6879],[-0.6848],[-0.5929],[-0.3596],[0.0273],[0.4848],[3.2899],[2.5596],[1.8131],[1.103],[0.4424],[-0.0919],[-0.4354],[-0.5414],[-0.4051],[-0.1182],[0.1899],[0.3798],[0.3919],[0.2485],[0.0232],[-0.1667],[-0.2899],[-0.3414],[-0.3667],[-0.4172],[-0.5414],[-0.7202],[-0.8899],[-0.9495],[-0.799],[-0.4071],[0.1747],[2.8465],[2.0475],[1.3111],[0.6626],[0.0727],[-0.4374],[-0.8111],[-0.9485],[-0.8475],[-0.5657],[-0.2677],[-0.1141],[-0.1838],[-0.4283],[-0.7051],[-0.8828],[-0.897],[-0.7758],[-0.6071],[-0.4707],[-0.4343],[-0.5061],[-0.6566],[-0.7737],[-0.7354],[-0.4455],[0.1202],[2.4778],[1.6212],[0.9586],[0.4606],[-0.003],[-0.5061],[-0.9919],[-1.3162],[-1.3626],[-1.1495],[-0.8455],[-0.6879],[-0.7879],[-1.101],[-1.4646],[-1.6818],[-1.6606],[-1.4323],[-1.0869],[-0.7061],[-0.3758],[-0.1434],[-0.0758],[-0.1515],[-0.2323],[-0.1626],[0.1788],[2.1455],[1.3242],[0.8313],[0.5222],[0.1576],[-0.4505],[-1.2414],[-1.9798],[-2.3515],[-2.2586],[-1.8364],[-1.4121],[-1.2485],[-1.3869],[-1.6707],[-1.8859],[-1.898],[-1.7071],[-1.3576],[-0.8899],[-0.3424],[0.1859],[0.5323],[0.5909],[0.3909],[0.1838],[0.1737],[1.7222],[0.9838],[0.5909],[0.3818],[0.0303],[-0.7162],[-1.8242],[-2.9444],[-3.6192],[-3.5768],[-2.9242],[-2.0747],[-1.4626],[-1.2747],[-1.403],[-1.5747],[-1.6202],[-1.501],[-1.2303],[-0.7889],[-0.1657],[0.5354],[1.0818],[1.2455],[0.9818],[0.5434],[0.2545],[1.1798],[0.4657],[-0.0061],[-0.3081],[-0.6687],[-1.3566],[-2.4131],[-3.5495],[-4.2626],[-4.201],[-3.4071],[-2.3333],[-1.5141],[-1.2061],[-1.302],[-1.4566],[-1.4414],[-1.2343],[-0.8808],[-0.4061],[0.2414],[0.9818],[1.5616],[1.7202],[1.4222],[0.9182],[0.5576],[0.696],[-0.0253],[-0.6758],[-1.1101],[-1.3737],[-1.7111],[-2.3081],[-3.0889],[-3.6778],[-3.7172],[-3.1232],[-2.2717],[-1.6606],[-1.5414],[-1.7465],[-1.8949],[-1.7091],[-1.2263],[-0.6283],[-0.0172],[0.6323],[1.2909],[1.7788],[1.8859],[1.5889],[1.1545],[0.9141],[0.3737],[-0.2697],[-0.9343],[-1.3182],[-1.3354],[-1.2232],[-1.3222],[-1.7687],[-2.3727],[-2.7374],[-2.6485],[-2.2778],[-2.0263],[-2.103],[-2.3576],[-2.4131],[-2.0343],[-1.3354],[-0.5889],[0.0414],[0.6111],[1.1768],[1.6293],[1.7788],[1.5626],[1.2505],[1.1273],[0.0182],[-0.3667],[-0.7343],[-0.8354],[-0.6121],[-0.298],[-0.2556],[-0.696],[-1.4758],[-2.1778],[-2.4828],[-2.4101],[-2.2697],[-2.3111],[-2.4374],[-2.3515],[-1.9071],[-1.2556],[-0.6848],[-0.2727],[0.1303],[0.699],[1.3202],[1.7253],[1.7333],[1.4859],[1.2667],[-0.4515],[-0.4848],[-0.402],[-0.1929],[0.0485],[0.1374],[-0.097],[-0.6859],[-1.4697],[-2.0869],[-2.297],[-2.1394],[-1.9081],[-1.8424],[-1.8727],[-1.7657],[-1.4333],[-1.0364],[-0.8172],[-0.7354],[-0.4869],[0.2],[1.1687],[1.9909],[2.301],[2.0667],[1.5434],[-0.7535],[-0.4737],[-0.0556],[0.2394],[0.1747],[-0.2333],[-0.8253],[-1.3899],[-1.7374],[-1.7606],[-1.4828],[-1.1051],[-0.9232],[-1.0495],[-1.2798],[-1.3485],[-1.1717],[-0.9758],[-0.9828],[-1.0778],[-0.8808],[-0.0828],[1.1808],[2.399],[3.0424],[2.899],[2.1778],[-0.5434],[-0.0758],[0.4061],[0.5061],[0.0404],[-0.7859],[-1.5222],[-1.8071],[-1.5354],[-0.8838],[-0.1939],[0.1566],[-0.0374],[-0.6131],[-1.1889],[-1.4343],[-1.3394],[-1.1687],[-1.1444],[-1.1879],[-0.9374],[-0.1212],[1.2283],[2.6505],[3.6384],[3.8343],[3.2535],[0.1121],[0.604],[0.9343],[0.8192],[0.1838],[-0.6768],[-1.2909],[-1.3242],[-0.7758],[0.0384],[0.6394],[0.6485],[0.0273],[-0.8253],[-1.4465],[-1.6162],[-1.4778],[-1.2919],[-1.1899],[-1.0758],[-0.7212],[0.0889],[1.3646],[2.8667],[4.1556],[4.802],[4.5485],[0.998],[1.2949],[1.4131],[1.2495],[0.8374],[0.3141],[-0.0838],[-0.1717],[0.0636],[0.4293],[0.5242],[0.102],[-0.6717],[-1.303],[-1.4616],[-1.2677],[-1.0677],[-1.0131],[-0.9556],[-0.7434],[-0.2707],[0.5374],[1.7444],[3.2535],[4.6727],[5.4879],[5.3313],[2.0788],[2.0232],[1.9162],[1.8495],[1.8061],[1.6879],[1.397],[0.9879],[0.6354],[0.3667],[-0.0273],[-0.6758],[-1.296],[-1.3848],[-0.8848],[-0.2778],[-0.0838],[-0.2354],[-0.3242],[-0.1242],[0.3162],[1.0061],[2.1152],[3.5576],[4.8515],[5.3515],[4.804],[3.2929],[2.8859],[2.5657],[2.4788],[2.5586],[2.5566],[2.2061],[1.5232],[0.8],[0.2576],[-0.2121],[-0.7343],[-1.0444],[-0.703],[0.1919],[0.9667],[1.1071],[0.8444],[0.6899],[0.7232],[0.7879],[1.0626],[1.9434],[3.3192],[4.3556],[4.2576],[3.0131],[4.0364],[3.4343],[2.9091],[2.5485],[2.3667],[2.1838],[1.7515],[1.0566],[0.4061],[0.0707],[-0.0566],[-0.1626],[-0.097],[0.4394],[1.3232],[1.9323],[1.9697],[1.7727],[1.6758],[1.4414],[0.8808],[0.5273],[1.1525],[2.5566],[3.4192],[2.7434],[0.8899]]}]