html/data/WT_pct09_ind_wt_10_8.json
[{"header":{"disciplineName":["Meteorological products"],"parameterCategory":[0],"parameterCategoryName":["Temperature"],"parameterNumberName":["Temperature"],"parameterNumber":[0],"parameterUnits":["K"],"refTime":["2017-03-17T0000:00.000Z"],"numberPoints":[621],"nx":[27],"ny":[23],"lo1":[-20],"la1":[70],"lo2":[45],"la2":[45],"dx":[2.5],"dy":[2.5]},"data":[[-7.8512],[-6.9186],[-6.1],[-5.4081],[-4.8488],[-4.4023],[-4.0512],[-3.7744],[-3.5547],[-3.3837],[-3.257],[-3.1628],[-3.1372],[-3.1581],[-3.2314],[-3.3698],[-3.5488],[-3.757],[-3.9826],[-4.2105],[-4.4337],[-4.6512],[-4.8663],[-5.0767],[-5.3035],[-5.5605],[-5.8523],[-5.0849],[-4.4488],[-3.9209],[-3.4919],[-3.1337],[-2.8198],[-2.5407],[-2.2756],[-2.0267],[-1.8035],[-1.6314],[-1.5244],[-1.5058],[-1.5779],[-1.7465],[-1.9884],[-2.2919],[-2.6186],[-2.9384],[-3.2384],[-3.4965],[-3.7174],[-3.907],[-4.0756],[-4.2419],[-4.4372],[-4.6779],[-2.5651],[-2.3047],[-2.0965],[-1.9035],[-1.7151],[-1.5047],[-1.2523],[-0.9872],[-0.7395],[-0.5233],[-0.3698],[-0.3221],[-0.3721],[-0.5244],[-0.7756],[-1.0884],[-1.4221],[-1.7593],[-2.0709],[-2.3407],[-2.5593],[-2.7349],[-2.8826],[-3.0151],[-3.1628],[-3.3384],[-3.5756],[-0.9953],[-0.9093],[-0.7965],[-0.65],[-0.4698],[-0.2581],[-0.0279],[0.1988],[0.3953],[0.5337],[0.5884],[0.5372],[0.3965],[0.1814],[-0.0837],[-0.3558],[-0.6128],[-0.836],[-1.0326],[-1.214],[-1.3837],[-1.5326],[-1.7081],[-1.8767],[-2.0884],[-2.3302],[-2.6267],[-0.3872],[-0.1605],[0.114],[0.4035],[0.6651],[0.9105],[1.1081],[1.2674],[1.3837],[1.443],[1.4128],[1.3209],[1.1535],[0.95],[0.7395],[0.5291],[0.3686],[0.2209],[0.086],[-0.0814],[-0.2779],[-0.4942],[-0.7465],[-1.0093],[-1.2884],[-1.5826],[-1.9058],[0.0419],[0.4837],[0.9244],[1.3105],[1.6023],[1.8151],[1.9756],[2.1081],[2.2116],[2.286],[2.3058],[2.257],[2.1314],[1.9733],[1.7837],[1.5965],[1.4256],[1.2453],[1.0314],[0.7709],[0.4686],[0.1453],[-0.157],[-0.4384],[-0.7012],[-0.9593],[-1.243],[0.9709],[1.4221],[1.8233],[2.1267],[2.3442],[2.5093],[2.6663],[2.8198],[2.9953],[3.1488],[3.2523],[3.2698],[3.1977],[3.0512],[2.8605],[2.6442],[2.393],[2.1209],[1.814],[1.4721],[1.1198],[0.7988],[0.5221],[0.3035],[0.114],[-0.0907],[-0.3453],[2.4],[2.6616],[2.8709],[3.0465],[3.2058],[3.3779],[3.5709],[3.7907],[3.9895],[4.143],[4.2221],[4.2093],[4.1337],[3.9849],[3.7767],[3.5395],[3.2709],[2.9756],[2.664],[2.3535],[2.0756],[1.8547],[1.6767],[1.5233],[1.3477],[1.1233],[0.7988],[4.007],[4.1],[4.207],[4.3372],[4.5244],[4.757],[4.9919],[5.1802],[5.2895],[5.314],[5.2581],[5.1663],[5.0547],[4.9291],[4.7453],[4.5012],[4.2035],[3.886],[3.5826],[3.3523],[3.1872],[3.114],[3.0547],[2.9593],[2.7628],[2.4523],[2.0605],[5.6721],[5.7256],[5.8244],[5.9767],[6.1907],[6.4174],[6.5942],[6.693],[6.6814],[6.5953],[6.4884],[6.4163],[6.3698],[6.2988],[6.1116],[5.7733],[5.3314],[4.864],[4.4791],[4.2616],[4.2326],[4.3384],[4.4826],[4.5349],[4.3919],[4.0547],[3.6279],[7.3209],[7.3733],[7.4477],[7.5372],[7.6453],[7.7453],[7.836],[7.8965],[7.914],[7.9337],[7.9814],[8.0791],[8.1767],[8.1384],[7.864],[7.3302],[6.6535],[5.993],[5.5453],[5.3977],[5.5744],[5.9849],[6.4686],[6.8163],[6.857],[6.5453],[6.014],[8.7058],[8.714],[8.664],[8.5895],[8.5128],[8.507],[8.607],[8.8],[9.0512],[9.3244],[9.607],[9.8837],[10.064],[9.9965],[9.5977],[8.9081],[8.1209],[7.4895],[7.2105],[7.3244],[7.8163],[8.5791],[9.4395],[10.1407],[10.4267],[10.1605],[9.45],[9.6372],[9.564],[9.4035],[9.2163],[9.0895],[9.1395],[9.4198],[9.8791],[10.3849],[10.8326],[11.1942],[11.4651],[11.5942],[11.4698],[11.0105],[10.3244],[9.6663],[9.3267],[9.4],[9.8384],[10.5663],[11.5163],[12.564],[13.5081],[14.0558],[14.007],[13.35],[10.3244],[10.2186],[10.0326],[9.9093],[9.9837],[10.3209],[10.8895],[11.5547],[12.1512],[12.536],[12.7581],[12.857],[12.8686],[12.7093],[12.2779],[11.6826],[11.1965],[11.0826],[11.3674],[11.9012],[12.5698],[13.3965],[14.4174],[15.4919],[16.3512],[16.786],[16.7709],[11.107],[10.9767],[10.8872],[11.0488],[11.5326],[12.2547],[13.0663],[13.7884],[14.2709],[14.4674],[14.4419],[14.3733],[14.3035],[14.1349],[13.7395],[13.1512],[12.6477],[12.4744],[12.6116],[12.8907],[13.2581],[13.9012],[14.957],[16.2337],[17.4058],[18.314],[19.1128],[11.9965],[11.8849],[11.9884],[12.543],[13.4814],[14.5314],[15.4453],[16.0837],[16.4337],[16.4942],[16.3733],[16.207],[16.0581],[15.8407],[15.3849],[14.7058],[14.05],[13.6628],[13.5174],[13.4942],[13.6826],[14.4105],[15.7942],[17.4826],[18.8256],[19.6802],[20.5372],[12.8267],[12.8663],[13.2535],[14.1547],[15.3849],[16.5535],[17.4209],[17.9674],[18.2802],[18.4209],[18.3744],[18.1826],[17.9035],[17.4965],[16.9081],[16.1488],[15.45],[14.9942],[14.8012],[14.7453],[15.0198],[16.0779],[18.0349],[20.2267],[21.5942],[21.7988],[21.6407],[13.8012],[14.1791],[14.8407],[15.8663],[17.0616],[18.1093],[18.843],[19.3419],[19.7709],[20.114],[20.2267],[19.9942],[19.4791],[18.8221],[18.0814],[17.3198],[16.7012],[16.4058],[16.4233],[16.6047],[17.0965],[18.3814],[20.6314],[23.1407],[24.5674],[24.2116],[22.864],[15.3651],[16.1221],[16.9407],[17.7977],[18.6616],[19.4395],[20.057],[20.5837],[21.1198],[21.6081],[21.7826],[21.4465],[20.6849],[19.7814],[18.9384],[18.2233],[17.6721],[17.4942],[17.7547],[18.2791],[18.9512],[20.0779],[21.9965],[24.3302],[25.8709],[25.6802],[24.1209],[17.4674],[18.4663],[19.2407],[19.7849],[20.2779],[20.8547],[21.4605],[22],[22.493],[22.8942],[22.9605],[22.4523],[21.4872],[20.4744],[19.693],[19.0709],[18.5535],[18.3558],[18.7372],[19.5581],[20.3919],[21.1663],[22.2663],[23.8384],[25.2919],[25.7198],[24.9419],[19.3523],[20.3535],[20.9919],[21.2919],[21.614],[22.1756],[22.8256],[23.3093],[23.5895],[23.7244],[23.6012],[22.9709],[21.9558],[21.0384],[20.5186],[20.2186],[19.8419],[19.5988],[19.957],[20.9326],[21.964],[22.5453],[22.8814],[23.493],[24.4209],[25.0721],[24.9674],[20.2523],[21.0663],[21.5837],[21.8477],[22.1895],[22.7872],[23.4163],[23.7686],[23.8395],[23.8035],[23.6221],[23.0907],[22.2721],[21.6442],[21.5326],[21.6826],[21.6326],[21.4326],[21.6326],[22.4744],[23.5058],[24.0872],[24.1686],[24.2209],[24.4872],[24.6965],[24.3953],[20.043],[20.6023],[21.0186],[21.336],[21.7349],[22.2744],[22.764],[22.9884],[23.0221],[23.0744],[23.1128],[22.9302],[22.5453],[22.3047],[22.4907],[22.9012],[23.1151],[23.0477],[23.0349],[23.3872],[23.9849],[24.5023],[24.807],[24.9826],[25.0279],[24.6953],[23.7372]]},{"header":{"disciplineName":["Meteorological products"],"parameterCategory":[2],"parameterCategoryName":["u-component of wind"],"parameterNumberName":["u-component of wind"],"parameterNumber":[2],"parameterUnits":["m s-1"],"refTime":["2017-03-17T0000:00.000Z"],"numberPoints":[621],"nx":[27],"ny":[23],"lo1":[-20],"la1":[70],"lo2":[45],"la2":[45],"dx":[2.5],"dy":[2.5]},"data":[[-0.4384],[-0.257],[-0.0837],[0.0988],[0.3221],[0.5919],[0.9349],[1.3558],[1.8605],[2.4081],[2.9849],[3.5535],[4.0663],[4.5314],[4.9151],[5.2291],[5.493],[5.7012],[5.8802],[6.0384],[6.1709],[6.2791],[6.3535],[6.3884],[6.3907],[6.3535],[6.2919],[-1.0326],[-0.5116],[-0.0547],[0.3488],[0.7302],[1.1372],[1.6116],[2.1709],[2.8233],[3.5547],[4.3081],[5.007],[5.6151],[6.0988],[6.4233],[6.6012],[6.6616],[6.6616],[6.6198],[6.5686],[6.5372],[6.5384],[6.5558],[6.6116],[6.6744],[6.7547],[6.843],[-0.4163],[0.2686],[0.8651],[1.3884],[1.8628],[2.3349],[2.8453],[3.4],[4.0326],[4.686],[5.314],[5.8849],[6.3174],[6.5744],[6.6698],[6.6093],[6.457],[6.2674],[6.086],[5.9605],[5.9128],[5.964],[6.0919],[6.3058],[6.5709],[6.8733],[7.193],[1.3767],[1.85],[2.3163],[2.7698],[3.2],[3.6221],[4.0267],[4.407],[4.7558],[5.064],[5.3035],[5.4547],[5.5174],[5.4767],[5.3721],[5.2349],[5.1093],[5.0105],[4.9814],[5.0337],[5.1814],[5.4279],[5.7395],[6.1221],[6.5372],[6.9523],[7.3605],[3.9733],[4.0047],[4.1535],[4.3965],[4.707],[5.0151],[5.2651],[5.3977],[5.4093],[5.2872],[5.0756],[4.807],[4.5337],[4.307],[4.1709],[4.15],[4.2337],[4.4174],[4.6547],[4.9128],[5.2151],[5.5267],[5.8698],[6.2174],[6.557],[6.8721],[7.136],[6.636],[6.3174],[6.1709],[6.2279],[6.3872],[6.5721],[6.6802],[6.6523],[6.4558],[6.1291],[5.7233],[5.3],[4.9372],[4.6802],[4.5837],[4.6384],[4.8128],[5.0535],[5.286],[5.4744],[5.6372],[5.7872],[5.9419],[6.1163],[6.2872],[6.4384],[6.5558],[8.8163],[8.4012],[8.1349],[8.0151],[7.9907],[7.9895],[7.9337],[7.7919],[7.5721],[7.2965],[7.0244],[6.7558],[6.5128],[6.2907],[6.1267],[6.0314],[5.9733],[5.9198],[5.8302],[5.693],[5.55],[5.4616],[5.4674],[5.5581],[5.686],[5.8058],[5.9291],[10.5279],[10.2047],[9.8733],[9.5733],[9.2919],[9.0174],[8.7035],[8.3663],[8.0779],[7.8686],[7.757],[7.6953],[7.6012],[7.4128],[7.1186],[6.7605],[6.3826],[5.9837],[5.5884],[5.2151],[4.9198],[4.7849],[4.8349],[5.0128],[5.2244],[5.3988],[5.5605],[11.8884],[11.5942],[11.1628],[10.657],[10.114],[9.5465],[8.9488],[8.3395],[7.8012],[7.4198],[7.2337],[7.1953],[7.1558],[7.0163],[6.7105],[6.2872],[5.8302],[5.3919],[5.0151],[4.714],[4.5384],[4.5581],[4.764],[5.0674],[5.3233],[5.4477],[5.4953],[12.4442],[12.0198],[11.4209],[10.7081],[9.9872],[9.2872],[8.5744],[7.8163],[7.0593],[6.4093],[5.9919],[5.8279],[5.8047],[5.7686],[5.6209],[5.3791],[5.1186],[4.8849],[4.714],[4.6186],[4.6291],[4.8023],[5.1093],[5.4593],[5.6942],[5.7453],[5.6395],[11.6407],[11.0081],[10.1895],[9.2988],[8.4802],[7.8349],[7.3023],[6.7802],[6.1837],[5.5884],[5.1453],[4.936],[4.9488],[5.0198],[5.0186],[4.907],[4.7535],[4.6186],[4.5395],[4.5023],[4.5453],[4.7116],[4.9988],[5.343],[5.6395],[5.793],[5.8279],[9.6267],[8.8279],[7.8616],[6.8512],[6.0407],[5.6093],[5.5105],[5.5849],[5.6198],[5.5372],[5.4093],[5.3616],[5.3977],[5.4198],[5.3081],[5.0465],[4.7163],[4.4093],[4.1744],[4.0116],[3.9174],[3.936],[4.1163],[4.4593],[4.8884],[5.3267],[5.7407],[7.15],[6.3349],[5.4279],[4.5733],[3.9988],[3.9105],[4.3093],[5.0105],[5.6988],[6.2023],[6.4756],[6.5919],[6.593],[6.436],[6.0895],[5.5698],[4.9907],[4.4628],[4.036],[3.664],[3.3686],[3.2012],[3.2593],[3.5756],[4.1128],[4.7628],[5.4163],[4.7767],[4.1337],[3.6058],[3.286],[3.3023],[3.6919],[4.3872],[5.2256],[6.0035],[6.6],[6.9744],[7.136],[7.1233],[6.9442],[6.6209],[6.1779],[5.6733],[5.1465],[4.614],[4.0791],[3.586],[3.2756],[3.2907],[3.6756],[4.3128],[4.9779],[5.4756],[2.7233],[2.4302],[2.4733],[2.914],[3.643],[4.3965],[4.9628],[5.3],[5.4744],[5.6047],[5.7488],[5.914],[6.0674],[6.2314],[6.3721],[6.4384],[6.3558],[6.0233],[5.4814],[4.8128],[4.2407],[3.9779],[4.1826],[4.8186],[5.6407],[6.2407],[6.3221],[1.3174],[1.4919],[2.0721],[3.0826],[4.1849],[4.893],[4.9349],[4.4547],[3.8535],[3.4814],[3.4337],[3.6547],[4.0616],[4.5895],[5.193],[5.7314],[5.9988],[5.8581],[5.3802],[4.8],[4.4547],[4.5547],[5.1174],[6.0047],[6.8872],[7.3616],[7.0919],[1.0012],[1.636],[2.5407],[3.6651],[4.5791],[4.8174],[4.257],[3.2791],[2.4186],[1.993],[1.9698],[2.1698],[2.4791],[2.8616],[3.314],[3.7314],[3.9512],[3.9163],[3.7174],[3.6605],[3.9802],[4.6384],[5.4279],[6.1],[6.507],[6.5442],[6.0942],[1.6326],[2.5884],[3.5721],[4.4209],[4.7919],[4.4523],[3.6035],[2.7558],[2.2988],[2.2116],[2.2186],[2.0837],[1.786],[1.4442],[1.164],[1.0081],[0.964],[1.0709],[1.4244],[2.1698],[3.2453],[4.3233],[4.9291],[4.8349],[4.2],[3.4814],[2.9605],[2.3756],[3.3209],[4.114],[4.5209],[4.3535],[3.6651],[2.9267],[2.5802],[2.7],[2.8628],[2.664],[1.9977],[1.0895],[0.1616],[-0.6174],[-1.1221],[-1.2279],[-0.8372],[0.0267],[1.2581],[2.5826],[3.557],[3.6884],[2.8047],[1.3081],[-0.0186],[-0.607],[2.1942],[2.8233],[3.1895],[3.1221],[2.6186],[1.9174],[1.4593],[1.5221],[1.8593],[1.9395],[1.4256],[0.5128],[-0.3965],[-1.0814],[-1.5465],[-1.7407],[-1.5372],[-0.8802],[0.057],[1.014],[1.7593],[2.1023],[1.8],[0.7895],[-0.6581],[-1.9872],[-2.6686],[0.5186],[0.7372],[0.6395],[0.2302],[-0.3221],[-0.8105],[-0.993],[-0.8233],[-0.6302],[-0.793],[-1.3651],[-1.9709],[-2.2198],[-2.0744],[-1.736],[-1.3151],[-0.7512],[-0.0663],[0.5035],[0.7116],[0.5267],[0.1233],[-0.3442],[-0.8779],[-1.5512],[-2.3674],[-3.1791],[-2.6547],[-2.664],[-2.9616],[-3.3733],[-3.6907],[-3.8337],[-3.8151],[-3.7198],[-3.7116],[-3.8942],[-4.1372],[-4.114],[-3.6721],[-2.914],[-2.1221],[-1.4174],[-0.7733],[-0.2581],[-0.0651],[-0.3105],[-0.9198],[-1.6128],[-2.0895],[-2.2349],[-2.2779],[-2.6198],[-3.5047],[-6.5733],[-6.5942],[-6.7674],[-6.886],[-6.814],[-6.6593],[-6.5721],[-6.5919],[-6.6291],[-6.5814],[-6.3221],[-5.7837],[-5.0558],[-4.307],[-3.6477],[-3.0535],[-2.5256],[-2.1616],[-2.007],[-2.0081],[-2.1779],[-2.5326],[-2.986],[-3.3058],[-3.4116],[-3.5802],[-4.1942]]},{"header":{"disciplineName":["Meteorological products"],"parameterCategory":[2],"parameterCategoryName":["v-component of wind"],"parameterNumberName":["v-component of wind"],"parameterNumber":[3],"parameterUnits":["m s-1"],"refTime":["2017-03-17T0000:00.000Z"],"numberPoints":[621],"nx":[27],"ny":[23],"lo1":[-20],"la1":[70],"lo2":[45],"la2":[45],"dx":[2.5],"dy":[2.5]},"data":[[-0.5244],[-0.0302],[0.4953],[0.9779],[1.3686],[1.6605],[1.8233],[1.8663],[1.8105],[1.6686],[1.4779],[1.2616],[1.0523],[0.8779],[0.7314],[0.6035],[0.4605],[0.3012],[0.0628],[-0.2802],[-0.7047],[-1.2105],[-1.7512],[-2.293],[-2.7802],[-3.1802],[-3.4721],[0.7279],[1.1709],[1.5907],[1.9512],[2.2593],[2.5163],[2.7233],[2.8756],[2.9384],[2.907],[2.7791],[2.5826],[2.314],[2.0198],[1.7198],[1.4419],[1.1547],[0.8407],[0.4686],[0.0256],[-0.4849],[-1.0547],[-1.6267],[-2.1651],[-2.607],[-2.9465],[-3.164],[2.4477],[2.7593],[2.9698],[3.114],[3.2651],[3.4384],[3.6616],[3.8674],[4.0116],[4.0279],[3.8709],[3.5267],[3.0616],[2.5291],[2.0058],[1.5174],[1.0988],[0.7291],[0.3628],[-0.0116],[-0.4337],[-0.864],[-1.2721],[-1.6349],[-1.9314],[-2.1337],[-2.2849],[3.7628],[3.9977],[4.0709],[4.0814],[4.1163],[4.2256],[4.4186],[4.6209],[4.7256],[4.657],[4.3488],[3.8116],[3.136],[2.4314],[1.7779],[1.2721],[0.8919],[0.6093],[0.3779],[0.1547],[-0.0872],[-0.3291],[-0.55],[-0.7419],[-0.8942],[-1.036],[-1.1895],[4.1581],[4.4593],[4.5895],[4.6349],[4.6709],[4.743],[4.8395],[4.893],[4.8244],[4.5442],[4.0314],[3.3593],[2.6256],[1.9605],[1.4663],[1.1663],[1.007],[0.9174],[0.8163],[0.6686],[0.5035],[0.3128],[0.1581],[0.0244],[-0.0953],[-0.2465],[-0.457],[3.7337],[4.1965],[4.536],[4.7465],[4.8523],[4.8849],[4.8291],[4.6523],[4.314],[3.7849],[3.1081],[2.3814],[1.7523],[1.3302],[1.1674],[1.1988],[1.3105],[1.3686],[1.2872],[1.1023],[0.8663],[0.657],[0.493],[0.3744],[0.2581],[0.1023],[-0.1116],[2.9047],[3.5337],[4.0651],[4.4535],[4.6547],[4.6651],[4.4907],[4.1337],[3.6],[2.9349],[2.1849],[1.4779],[0.9593],[0.7314],[0.8035],[1.0605],[1.3128],[1.4081],[1.293],[1.0558],[0.8081],[0.6453],[0.5826],[0.5523],[0.4953],[0.3791],[0.2163],[2.0709],[2.7337],[3.3512],[3.843],[4.1465],[4.2],[4.0279],[3.6663],[3.1593],[2.5407],[1.8395],[1.1698],[0.6442],[0.3965],[0.4395],[0.6837],[0.9209],[0.9826],[0.8651],[0.6802],[0.564],[0.6047],[0.7395],[0.8512],[0.8488],[0.7547],[0.6605],[1.436],[1.9674],[2.5221],[3.0035],[3.364],[3.4849],[3.4],[3.1523],[2.8058],[2.3756],[1.8523],[1.2628],[0.693],[0.3035],[0.1744],[0.2663],[0.4186],[0.4826],[0.4384],[0.4058],[0.5116],[0.7698],[1.05],[1.186],[1.1198],[0.9663],[0.8895],[0.9593],[1.2651],[1.5988],[1.9686],[2.286],[2.443],[2.4081],[2.2349],[2.007],[1.7698],[1.4826],[1.0942],[0.6221],[0.214],[-0.0326],[-0.0581],[0.0512],[0.1674],[0.2721],[0.4302],[0.7279],[1.1],[1.3791],[1.3814],[1.143],[0.8744],[0.7826],[0.4523],[0.4767],[0.543],[0.714],[0.9767],[1.1977],[1.2209],[1.0663],[0.8372],[0.6767],[0.5942],[0.5035],[0.3081],[0.0221],[-0.236],[-0.3419],[-0.2826],[-0.093],[0.1733],[0.543],[1.0174],[1.4593],[1.6744],[1.5372],[1.1488],[0.8221],[0.764],[-0.3186],[-0.5198],[-0.7],[-0.636],[-0.2558],[0.2407],[0.5477],[0.4988],[0.2035],[-0.0442],[-0.0767],[0.036],[0.0663],[-0.1267],[-0.4674],[-0.7698],[-0.8244],[-0.6186],[-0.1663],[0.4558],[1.1442],[1.6965],[1.9326],[1.7709],[1.4058],[1.1395],[1.1663],[-1.3744],[-1.6814],[-1.9395],[-1.7628],[-0.9907],[0.1],[0.9372],[1.1302],[0.7535],[0.2547],[0.0221],[0.0581],[0.0581],[-0.2512],[-0.8372],[-1.4302],[-1.6686],[-1.4372],[-0.8047],[0.0558],[0.9442],[1.6698],[2.0628],[2.0826],[1.9116],[1.8012],[1.8767],[-2.4081],[-2.7],[-2.8163],[-2.2872],[-0.9384],[0.793],[2.1209],[2.4837],[1.9395],[1.0977],[0.5186],[0.3023],[0.086],[-0.4849],[-1.3605],[-2.1826],[-2.5256],[-2.2581],[-1.5407],[-0.5872],[0.4233],[1.3744],[2.1267],[2.564],[2.6744],[2.6233],[2.5198],[-3.0291],[-3.2128],[-2.9884],[-1.9802],[-0.1616],[1.8616],[3.2186],[3.4023],[2.6035],[1.5384],[0.8244],[0.4744],[0.0965],[-0.6663],[-1.7267],[-2.636],[-3.0244],[-2.8256],[-2.2419],[-1.3919],[-0.307],[1.043],[2.464],[3.5453],[3.9314],[3.6233],[2.8988],[-3.0453],[-3.0093],[-2.3826],[-0.9709],[0.9663],[2.6965],[3.5105],[3.214],[2.25],[1.3663],[0.9407],[0.7895],[0.4058],[-0.4698],[-1.6337],[-2.6198],[-3.1419],[-3.1965],[-2.9314],[-2.2849],[-1],[0.986],[3.3],[5.0872],[5.5709],[4.6128],[2.8616],[-2.493],[-2.1849],[-1.2384],[0.3023],[1.9105],[2.9337],[2.964],[2.2442],[1.436],[1.0895],[1.2233],[1.357],[0.9581],[-0.0674],[-1.3907],[-2.5093],[-3.2465],[-3.6267],[-3.6302],[-2.993],[-1.3349],[1.3477],[4.3605],[6.5302],[6.7977],[5.0593],[2.2953],[-1.4035],[-0.9035],[0.093],[1.3616],[2.364],[2.6163],[2.1163],[1.3558],[0.9488],[1.136],[1.5779],[1.6919],[1.0547],[-0.1942],[-1.6151],[-2.8035],[-3.6116],[-4.0407],[-3.9384],[-2.9733],[-0.893],[2.0779],[5.0884],[6.9477],[6.7709],[4.5651],[1.4628],[0.0686],[0.593],[1.2953],[1.9593],[2.2977],[2.1035],[1.5814],[1.1419],[1.1],[1.3779],[1.5802],[1.2465],[0.2733],[-1.0791],[-2.3709],[-3.3349],[-3.8756],[-3.9465],[-3.3547],[-1.914],[0.3407],[2.9337],[5.1093],[6.0942],[5.4709],[3.4384],[0.8442],[1.507],[1.8233],[2.0326],[2.0849],[1.9709],[1.7488],[1.5512],[1.4907],[1.5349],[1.4919],[1.1105],[0.2872],[-0.8302],[-1.9326],[-2.7953],[-3.2988],[-3.4163],[-2.9977],[-1.9372],[-0.264],[1.6907],[3.4267],[4.4558],[4.5512],[3.7453],[2.2884],[0.6],[2.2256],[2.2372],[2.0419],[1.7593],[1.5512],[1.5151],[1.6256],[1.7163],[1.6047],[1.1895],[0.4593],[-0.443],[-1.2663],[-1.8442],[-2.1721],[-2.2802],[-2.1186],[-1.5267],[-0.4605],[0.8895],[2.1372],[2.993],[3.2779],[3.0314],[2.3512],[1.3791],[0.1977],[1.9186],[1.7198],[1.414],[1.1337],[1.05],[1.1477],[1.236],[1.1581],[0.8547],[0.3872],[-0.1581],[-0.6593],[-0.9628],[-1.014],[-0.9477],[-0.8721],[-0.7349],[-0.3709],[0.2151],[0.8128],[1.25],[1.5628],[1.8047],[1.8419],[1.436],[0.4814],[-0.8384],[1.0977],[0.9128],[0.707],[0.5663],[0.5407],[0.5163],[0.2988],[-0.0953],[-0.4407],[-0.6128],[-0.6826],[-0.7221],[-0.6767],[-0.4756],[-0.2128],[-0.0779],[-0.0826],[-0.0733],[-0.0593],[-0.1558],[-0.2756],[-0.1128],[0.4616],[0.9779],[0.7174],[-0.5163],[-2.2477]]}]