html/data/WT_pct09_ind_wt_1_8.json
[{"header":{"disciplineName":["Meteorological products"],"parameterCategory":[0],"parameterCategoryName":["Temperature"],"parameterNumberName":["Temperature"],"parameterNumber":[0],"parameterUnits":["K"],"refTime":["2017-03-17T0000:00.000Z"],"numberPoints":[621],"nx":[27],"ny":[23],"lo1":[-20],"la1":[70],"lo2":[45],"la2":[45],"dx":[2.5],"dy":[2.5]},"data":[[-14.9658],[-14.0184],[-13.1289],[-12.2974],[-11.5342],[-10.8658],[-10.3026],[-9.8447],[-9.4763],[-9.2289],[-9.0921],[-9.0237],[-9.0342],[-9.0658],[-9.1184],[-9.1763],[-9.1974],[-9.2289],[-9.25],[-9.3132],[-9.4079],[-9.5658],[-9.8289],[-10.1868],[-10.6711],[-11.2711],[-11.9132],[-10.7079],[-10.2026],[-9.7816],[-9.4079],[-9.0447],[-8.6553],[-8.2711],[-7.8868],[-7.5395],[-7.2816],[-7.1342],[-7.0921],[-7.1974],[-7.3921],[-7.6553],[-7.9605],[-8.25],[-8.5289],[-8.7711],[-8.9921],[-9.1816],[-9.3921],[-9.6132],[-9.8921],[-10.2289],[-10.6763],[-11.1868],[-6.4711],[-6.4974],[-6.6289],[-6.7237],[-6.7342],[-6.6342],[-6.3974],[-6.0974],[-5.7763],[-5.5237],[-5.4026],[-5.4342],[-5.6132],[-5.95],[-6.3921],[-6.8605],[-7.35],[-7.7868],[-8.1868],[-8.5237],[-8.7921],[-9.0184],[-9.2026],[-9.3921],[-9.5974],[-9.8974],[-10.2763],[-3.7868],[-4.0816],[-4.4184],[-4.7342],[-4.9132],[-4.9447],[-4.8763],[-4.7395],[-4.5974],[-4.5079],[-4.5395],[-4.7026],[-4.9816],[-5.3553],[-5.75],[-6.15],[-6.5711],[-6.9342],[-7.2711],[-7.5763],[-7.8289],[-8.0605],[-8.25],[-8.45],[-8.6553],[-8.9395],[-9.3079],[-2.8711],[-3.0026],[-3.1763],[-3.3553],[-3.4658],[-3.5605],[-3.6289],[-3.7132],[-3.8237],[-3.9763],[-4.1868],[-4.4289],[-4.6974],[-4.95],[-5.1921],[-5.4079],[-5.5921],[-5.7921],[-5.9868],[-6.2289],[-6.4974],[-6.7921],[-7.0868],[-7.4079],[-7.7184],[-8.1079],[-8.5868],[-2.5658],[-2.3921],[-2.2974],[-2.2816],[-2.35],[-2.4763],[-2.6763],[-2.9026],[-3.1237],[-3.3395],[-3.4921],[-3.6289],[-3.7342],[-3.8289],[-3.95],[-4.0711],[-4.2395],[-4.4237],[-4.6763],[-5.0132],[-5.4079],[-5.8605],[-6.3079],[-6.7605],[-7.2079],[-7.6553],[-8.2079],[-1.6342],[-1.4079],[-1.3079],[-1.3605],[-1.5447],[-1.8184],[-2.0974],[-2.3237],[-2.45],[-2.4605],[-2.3447],[-2.1921],[-2.0868],[-2.0921],[-2.2447],[-2.5237],[-2.8763],[-3.2868],[-3.6816],[-4.1447],[-4.6816],[-5.2658],[-5.8711],[-6.4237],[-6.9184],[-7.3921],[-7.9605],[0.0553],[0.1184],[-0.0289],[-0.35],[-0.7711],[-1.2079],[-1.5342],[-1.7079],[-1.6974],[-1.4921],[-1.1868],[-0.8605],[-0.65],[-0.6974],[-0.9868],[-1.4553],[-1.9868],[-2.4553],[-2.8342],[-3.2184],[-3.6974],[-4.3342],[-5.0342],[-5.7553],[-6.3447],[-6.9079],[-7.5079],[1.8974],[1.7974],[1.4763],[0.9868],[0.4447],[-0.0395],[-0.3974],[-0.5816],[-0.6237],[-0.5184],[-0.2974],[-0.0711],[0.0447],[-0.0816],[-0.4342],[-0.95],[-1.3711],[-1.6289],[-1.6974],[-1.8026],[-2.0658],[-2.6711],[-3.4921],[-4.35],[-5.15],[-5.8605],[-6.5921],[3.2921],[3.2079],[2.9132],[2.4868],[2.0079],[1.5763],[1.2447],[0.9342],[0.6711],[0.4605],[0.3763],[0.3974],[0.4289],[0.2974],[0.0342],[-0.2974],[-0.5237],[-0.5079],[-0.3342],[-0.2342],[-0.4553],[-1.0553],[-1.9447],[-2.8974],[-3.7289],[-4.4711],[-5.1868],[4.1079],[4.0553],[3.8711],[3.5658],[3.2289],[2.8974],[2.5763],[2.2079],[1.7658],[1.3605],[1.0816],[1.0132],[1.0658],[1.0921],[0.9921],[0.8184],[0.7237],[0.7447],[0.8342],[0.7395],[0.2868],[-0.5342],[-1.4395],[-2.2132],[-2.7395],[-3.1605],[-3.6447],[4.5237],[4.3974],[4.2184],[3.9711],[3.6974],[3.4553],[3.1921],[2.8605],[2.4868],[2.1395],[1.9342],[1.9447],[2.1289],[2.2395],[2.2184],[2.0868],[1.9763],[1.9237],[1.7447],[1.2447],[0.3605],[-0.7395],[-1.6342],[-2.1289],[-2.2289],[-2.1816],[-2.3237],[4.8079],[4.5553],[4.3289],[4.0921],[3.8658],[3.7026],[3.5605],[3.3974],[3.1868],[2.9921],[2.9605],[3.0763],[3.2605],[3.3553],[3.2605],[3.1079],[3.0342],[3.0342],[2.8342],[2.1711],[1.0184],[-0.2605],[-1.1921],[-1.5289],[-1.4079],[-1.1816],[-1.1342],[5.2868],[4.9553],[4.65],[4.4342],[4.3026],[4.2553],[4.2132],[4.1342],[4.0289],[3.9658],[3.9921],[4.1605],[4.3026],[4.2868],[4.0763],[3.8974],[3.9289],[4.1395],[4.1868],[3.6763],[2.6289],[1.4605],[0.6395],[0.3447],[0.3342],[0.3605],[0.3079],[6.1342],[5.6711],[5.2974],[5.0816],[5.0289],[5.0553],[5.0605],[4.9921],[4.8763],[4.7816],[4.8079],[4.9816],[5.1553],[5.1711],[4.9605],[4.7289],[4.7237],[4.9763],[5.1711],[4.9711],[4.2921],[3.5447],[3.0921],[2.9132],[2.75],[2.4026],[2.1342],[7.1184],[6.6132],[6.1342],[5.8868],[5.85],[5.8868],[5.8974],[5.8132],[5.6395],[5.4816],[5.4921],[5.6342],[5.8553],[5.9868],[5.8658],[5.5921],[5.3921],[5.4395],[5.5868],[5.55],[5.3184],[5.1237],[5.1868],[5.2711],[5.0026],[4.3026],[3.7921],[8.0289],[7.5816],[7.1658],[6.8711],[6.7868],[6.8132],[6.85],[6.8553],[6.75],[6.65],[6.5553],[6.5553],[6.6395],[6.7342],[6.6868],[6.4079],[6.0816],[5.9342],[6.0447],[6.2184],[6.3395],[6.5342],[6.9184],[7.2184],[6.8921],[5.8868],[4.9921],[8.7868],[8.6763],[8.4342],[8.1921],[8.0184],[8.0184],[8.1605],[8.3289],[8.4658],[8.5184],[8.4132],[8.1395],[7.8447],[7.6553],[7.55],[7.3447],[7.0605],[6.9921],[7.2868],[7.7974],[8.1763],[8.4447],[8.8132],[9.1605],[8.9026],[7.7921],[6.5342],[9.6553],[9.9447],[9.9868],[9.7553],[9.4868],[9.4553],[9.6763],[9.9921],[10.3553],[10.6395],[10.6605],[10.2447],[9.6026],[9.1132],[8.9132],[8.8079],[8.6342],[8.6237],[9.0974],[9.8658],[10.4026],[10.5658],[10.7342],[11.1553],[11.3605],[10.7026],[9.3868],[10.9289],[11.4974],[11.6974],[11.4921],[11.1868],[11.1289],[11.3395],[11.6395],[12.0184],[12.4342],[12.6395],[12.3184],[11.6342],[11.0605],[10.9553],[11.0289],[10.8658],[10.6816],[10.95],[11.6868],[12.2184],[12.2658],[12.3395],[12.9868],[13.9132],[14.1026],[13.1711],[12.6237],[13.3026],[13.6395],[13.4974],[13.2289],[13.1974],[13.3711],[13.5237],[13.6816],[13.9868],[14.2711],[14.1132],[13.5658],[13.2395],[13.4658],[13.8447],[13.7132],[13.1974],[12.9658],[13.3553],[13.8395],[13.9658],[14.0553],[14.8184],[16.0816],[16.7816],[16.2026],[14.5711],[15.2868],[15.7342],[15.7658],[15.6605],[15.6711],[15.7921],[15.8026],[15.7553],[15.85],[15.9763],[15.8237],[15.4237],[15.3289],[15.9342],[16.7395],[16.8711],[16.2289],[15.5868],[15.5868],[16.0763],[16.4763],[16.7605],[17.2921],[18.0289],[18.2342],[17.3868],[16.3868],[17.0868],[17.6342],[17.85],[17.8289],[17.8553],[17.95],[17.9868],[17.9237],[17.9026],[17.8816],[17.6289],[17.2921],[17.3289],[18.0868],[19.1184],[19.6079],[19.1868],[18.4342],[18.1763],[18.6553],[19.45],[20.0921],[20.3921],[20.1711],[19.2447],[17.5868]]},{"header":{"disciplineName":["Meteorological products"],"parameterCategory":[2],"parameterCategoryName":["u-component of wind"],"parameterNumberName":["u-component of wind"],"parameterNumber":[2],"parameterUnits":["m s-1"],"refTime":["2017-03-17T0000:00.000Z"],"numberPoints":[621],"nx":[27],"ny":[23],"lo1":[-20],"la1":[70],"lo2":[45],"la2":[45],"dx":[2.5],"dy":[2.5]},"data":[[4.4053],[4.8368],[5.0947],[5.2368],[5.2895],[5.3053],[5.3263],[5.3789],[5.5211],[5.7421],[6.0368],[6.3474],[6.6105],[6.8474],[6.9474],[6.9105],[6.7474],[6.4421],[6.0368],[5.5842],[5.0737],[4.5737],[4.0842],[3.6526],[3.2579],[2.9526],[2.7211],[3.8158],[4.4737],[4.8053],[4.8263],[4.6842],[4.4316],[4.2368],[4.1526],[4.2368],[4.5368],[4.9895],[5.5105],[6.0421],[6.4579],[6.6737],[6.6632],[6.4316],[6.0263],[5.5],[4.9842],[4.5105],[4.1684],[3.9421],[3.8632],[3.8684],[3.9526],[4.0947],[3.1737],[3.9211],[4.3158],[4.4368],[4.4105],[4.3053],[4.2632],[4.3421],[4.6],[5.0368],[5.5947],[6.2053],[6.7316],[7.0579],[7.1263],[6.8895],[6.4],[5.7211],[5.0474],[4.4526],[4.0421],[3.8895],[3.9842],[4.2947],[4.6842],[5.1316],[5.5526],[2.5579],[3.0263],[3.4053],[3.7421],[4.0842],[4.4526],[4.8263],[5.2316],[5.6421],[6.0737],[6.4789],[6.8],[7.0211],[7.0316],[6.8],[6.3789],[5.8],[5.1842],[4.6158],[4.2105],[4.0263],[4.0842],[4.3579],[4.7737],[5.2632],[5.7158],[6.1],[3.1632],[3.1789],[3.3895],[3.8474],[4.4632],[5.1526],[5.7684],[6.2474],[6.5737],[6.7316],[6.7632],[6.6632],[6.4895],[6.2263],[5.9053],[5.6],[5.3158],[5.1211],[5.0526],[5.0684],[5.2105],[5.3737],[5.5421],[5.7105],[5.8526],[5.9579],[6],[6],[5.6632],[5.6368],[5.8737],[6.2632],[6.6632],[6.9632],[7.1053],[7.1],[6.9789],[6.7789],[6.5368],[6.2632],[6.0053],[5.8105],[5.7316],[5.8263],[6.0684],[6.3895],[6.7053],[6.9316],[6.9842],[6.8842],[6.6684],[6.3842],[6.1],[5.8684],[10.1737],[9.7579],[9.4579],[9.1789],[8.8579],[8.4316],[7.9526],[7.5263],[7.2368],[7.0842],[7.0474],[7.0579],[7.0211],[6.9421],[6.8368],[6.8053],[6.9105],[7.1368],[7.4158],[7.6632],[7.7421],[7.6316],[7.3579],[6.9789],[6.6],[6.2895],[6.0632],[13.3789],[12.9211],[12.4105],[11.6842],[10.7211],[9.5947],[8.4895],[7.6632],[7.2105],[7.1684],[7.3842],[7.6474],[7.8158],[7.7895],[7.6211],[7.4316],[7.3105],[7.3053],[7.3737],[7.4158],[7.4211],[7.3211],[7.1789],[7.0211],[6.8895],[6.7947],[6.7211],[14.0579],[13.4211],[12.8105],[12.0579],[11.0632],[9.8947],[8.7579],[7.8737],[7.3421],[7.1526],[7.1895],[7.2947],[7.2579],[7.1053],[6.8579],[6.6632],[6.6158],[6.7158],[6.9158],[7.0789],[7.1842],[7.2632],[7.3526],[7.4579],[7.5421],[7.5474],[7.4737],[12.9158],[11.9421],[11.3211],[10.7737],[10.2105],[9.5263],[8.8],[8.0421],[7.3526],[6.7421],[6.2421],[5.8263],[5.4421],[5.1421],[5.0316],[5.1579],[5.5842],[6.2263],[6.8737],[7.3474],[7.5895],[7.6737],[7.7684],[7.8526],[7.9053],[7.8263],[7.6368],[11.8158],[10.5158],[9.6789],[9.1526],[8.7895],[8.4579],[8.0263],[7.4105],[6.5947],[5.7],[4.8789],[4.2632],[3.8895],[3.7263],[3.8368],[4.3053],[5.1105],[6.1263],[7.0263],[7.5632],[7.6632],[7.4842],[7.2632],[7.2105],[7.2263],[7.2],[7.1105],[11.3316],[9.9],[8.7368],[7.8737],[7.2526],[6.8158],[6.3684],[5.8053],[5.0789],[4.3789],[3.8789],[3.6947],[3.7684],[3.9421],[4.2],[4.6],[5.2368],[6],[6.6474],[6.8737],[6.6316],[6.1421],[5.7842],[5.7684],[6.0368],[6.3684],[6.5895],[10.4579],[9.2632],[8.0737],[6.9737],[6.0947],[5.4579],[4.9368],[4.4421],[3.9632],[3.6947],[3.7579],[4.1579],[4.6895],[5.1053],[5.3053],[5.3684],[5.4842],[5.6737],[5.7947],[5.6632],[5.2105],[4.7421],[4.5421],[4.8474],[5.4842],[6.1158],[6.4842],[8.6158],[8],[7.2368],[6.4632],[5.8158],[5.2789],[4.8158],[4.3526],[3.9632],[3.8368],[4.0737],[4.6],[5.1684],[5.5526],[5.6947],[5.6474],[5.4947],[5.3421],[5.1579],[4.8789],[4.5632],[4.3684],[4.5053],[5.0474],[5.7684],[6.2737],[6.3105],[6.5421],[6.4737],[6.3421],[6.2158],[6.1053],[5.8526],[5.3842],[4.7316],[4.1526],[3.8474],[3.9053],[4.1632],[4.5],[4.7789],[5.0211],[5.1579],[5.1737],[5.0053],[4.7789],[4.6316],[4.6263],[4.7789],[5.1421],[5.6158],[6.0895],[6.2263],[5.8211],[4.8158],[4.9947],[5.1947],[5.4895],[5.7211],[5.6105],[5.0211],[4.1263],[3.3737],[3.0211],[3.1053],[3.3316],[3.5579],[3.7737],[4.0474],[4.3421],[4.4684],[4.3316],[4.1579],[4.2421],[4.6474],[5.1895],[5.6211],[5.9263],[6.1789],[6.2842],[5.9947],[2.7579],[2.9211],[3.1947],[3.6474],[4.0895],[4.1158],[3.6158],[2.8526],[2.3684],[2.4368],[2.9421],[3.4842],[3.7526],[3.7737],[3.7789],[3.8],[3.7316],[3.5],[3.3947],[3.7947],[4.6316],[5.4895],[5.9842],[6.1632],[6.4421],[7.0737],[7.7053],[-0.0684],[0.1895],[0.6684],[1.4158],[2.2158],[2.7579],[2.9211],[2.9211],[3.1105],[3.7158],[4.5737],[5.2211],[5.3474],[5.0158],[4.5053],[4.0789],[3.7632],[3.5158],[3.5158],[4.0368],[5.0684],[6.0368],[6.4895],[6.5789],[7.0474],[8.2842],[9.9158],[-2.1789],[-1.5895],[-0.7368],[0.4211],[1.7421],[3.0053],[4.1],[5.0526],[5.8684],[6.5684],[7.1211],[7.3789],[7.2],[6.5947],[5.8947],[5.4158],[5.2],[5.0947],[5.0947],[5.3579],[5.9526],[6.5368],[6.8316],[6.9421],[7.4789],[8.8947],[10.7632],[-1.7105],[-0.8105],[0.2263],[1.4632],[2.8211],[4.3211],[5.9],[7.3158],[8.2684],[8.5947],[8.5211],[8.2737],[7.9632],[7.6053],[7.2789],[7.1947],[7.3579],[7.4474],[7.2211],[6.8053],[6.4632],[6.4053],[6.5526],[6.8526],[7.4895],[8.5526],[9.7684],[0.7684],[1.6684],[2.4684],[3.2474],[4.0895],[5.0579],[6.2632],[7.4105],[8.0737],[8.0474],[7.6526],[7.3579],[7.3895],[7.5737],[7.8],[8.0737],[8.3684],[8.4],[7.9053],[6.9526],[6.0105],[5.5632],[5.7474],[6.3895],[7.1632],[7.7158],[7.9368],[2.5684],[3.2368],[3.6158],[3.8789],[4.0842],[4.3684],[4.8158],[5.3737],[5.6895],[5.6211],[5.4053],[5.4632],[5.8579],[6.3526],[6.6526],[6.7368],[6.7053],[6.5105],[6.0316],[5.3211],[4.6368],[4.4053],[4.7842],[5.5789],[6.2737],[6.4105],[5.8947],[1.8105],[2.3211],[2.5579],[2.6632],[2.6579],[2.6368],[2.6316],[2.7474],[2.8789],[2.9474],[3.0526],[3.3211],[3.7],[3.9211],[3.7789],[3.3474],[2.8158],[2.4105],[2.3105],[2.4474],[2.7316],[3.1158],[3.5947],[4.1263],[4.4263],[4.1895],[3.4526]]},{"header":{"disciplineName":["Meteorological products"],"parameterCategory":[2],"parameterCategoryName":["v-component of wind"],"parameterNumberName":["v-component of wind"],"parameterNumber":[3],"parameterUnits":["m s-1"],"refTime":["2017-03-17T0000:00.000Z"],"numberPoints":[621],"nx":[27],"ny":[23],"lo1":[-20],"la1":[70],"lo2":[45],"la2":[45],"dx":[2.5],"dy":[2.5]},"data":[[3.6789],[4.3947],[4.9474],[5.3105],[5.3895],[5.1947],[4.7579],[4.1316],[3.4053],[2.6474],[1.9263],[1.2737],[0.7316],[0.2632],[-0.1316],[-0.4526],[-0.7579],[-1.0684],[-1.3895],[-1.7474],[-2.1316],[-2.5211],[-2.8895],[-3.1789],[-3.3579],[-3.3947],[-3.2947],[5.4],[5.5632],[5.5316],[5.3211],[4.9632],[4.4842],[3.9842],[3.4947],[3.0684],[2.7],[2.3316],[1.9737],[1.5316],[1.0263],[0.4158],[-0.2579],[-0.9526],[-1.6368],[-2.2526],[-2.7947],[-3.2316],[-3.5474],[-3.7474],[-3.8],[-3.7105],[-3.4632],[-3.0368],[7.4158],[6.8789],[6.1684],[5.3789],[4.6053],[3.9789],[3.5263],[3.2895],[3.2526],[3.3],[3.3053],[3.1368],[2.6842],[1.9368],[0.9105],[-0.3],[-1.4947],[-2.5579],[-3.3684],[-3.8789],[-4.0789],[-4.0421],[-3.8105],[-3.4526],[-3.0263],[-2.5158],[-1.9684],[8.7053],[7.7842],[6.7684],[5.8053],[4.9263],[4.2684],[3.8632],[3.7211],[3.7947],[3.9526],[4.0368],[3.8263],[3.2316],[2.1947],[0.7895],[-0.7842],[-2.2895],[-3.5105],[-4.2895],[-4.5632],[-4.3895],[-3.9053],[-3.2316],[-2.5368],[-1.8895],[-1.3632],[-0.8789],[8.6789],[7.8737],[7.1053],[6.4053],[5.7632],[5.1632],[4.6474],[4.2474],[4.0263],[3.8737],[3.7211],[3.3737],[2.6947],[1.6211],[0.2158],[-1.3158],[-2.7368],[-3.8158],[-4.3895],[-4.4526],[-4.0526],[-3.3737],[-2.5632],[-1.8263],[-1.2158],[-0.7842],[-0.4789],[7.6105],[7.1211],[6.7842],[6.5684],[6.2263],[5.7526],[5.0895],[4.3526],[3.6632],[3.1263],[2.7158],[2.2789],[1.6789],[0.8211],[-0.2579],[-1.4526],[-2.5789],[-3.4316],[-3.8895],[-3.9158],[-3.5789],[-3.0158],[-2.3684],[-1.7737],[-1.3158],[-0.9526],[-0.7105],[6.2158],[5.7421],[5.5737],[5.5737],[5.4947],[5.1947],[4.6316],[3.9],[3.1789],[2.5684],[2.1],[1.7053],[1.2158],[0.5474],[-0.3105],[-1.2789],[-2.2474],[-3.0263],[-3.5053],[-3.6474],[-3.4579],[-3.0632],[-2.5737],[-2.1158],[-1.7053],[-1.3526],[-0.9895],[4.9737],[4.1632],[3.6579],[3.4737],[3.4737],[3.5],[3.4316],[3.2158],[2.9316],[2.6368],[2.3421],[1.9737],[1.4263],[0.7],[-0.2],[-1.2],[-2.2],[-3.0158],[-3.5211],[-3.6789],[-3.4737],[-3.0474],[-2.5474],[-2.1053],[-1.7526],[-1.4263],[-1.0789],[3.9],[2.6737],[1.7368],[1.2632],[1.2737],[1.5947],[2.0526],[2.4263],[2.6421],[2.6789],[2.5053],[2.1105],[1.4474],[0.6474],[-0.2842],[-1.2158],[-2.1211],[-2.8474],[-3.3105],[-3.3842],[-3.0368],[-2.4737],[-1.9158],[-1.5526],[-1.4316],[-1.3421],[-1.1789],[2.4789],[1.2895],[0.3263],[-0.1474],[-0.0579],[0.3947],[1.0211],[1.5263],[1.8263],[1.8737],[1.6737],[1.2421],[0.6684],[0.0526],[-0.5053],[-0.9632],[-1.4211],[-1.9053],[-2.3263],[-2.4632],[-2.1895],[-1.6737],[-1.1895],[-1.0526],[-1.2053],[-1.4368],[-1.4526],[0.3632],[-0.3158],[-0.7842],[-0.8474],[-0.5474],[-0.0684],[0.3474],[0.5474],[0.5421],[0.4316],[0.2316],[-0.0526],[-0.3895],[-0.5737],[-0.4842],[-0.2263],[-0.0789],[-0.3158],[-0.9105],[-1.5158],[-1.7105],[-1.4842],[-1.1632],[-1.1368],[-1.4368],[-1.7158],[-1.6368],[-2.2211],[-2.2895],[-2.1211],[-1.6895],[-1.0632],[-0.5105],[-0.2579],[-0.3474],[-0.5474],[-0.6474],[-0.6211],[-0.6158],[-0.6684],[-0.5789],[-0.1316],[0.6474],[1.2105],[1.0474],[0.0421],[-1.2421],[-2.0789],[-2.1684],[-1.8211],[-1.6316],[-1.7316],[-1.7737],[-1.4053],[-4.3526],[-4.1053],[-3.6368],[-2.9263],[-2],[-1.2368],[-0.9053],[-0.9737],[-1.0947],[-0.9474],[-0.5263],[-0.1947],[-0.0947],[-0.0737],[0.3053],[1.1211],[1.7789],[1.5421],[0.1632],[-1.6684],[-2.8895],[-2.9632],[-2.3158],[-1.7632],[-1.6105],[-1.4684],[-0.9263],[-5.1895],[-4.9684],[-4.6158],[-3.9368],[-2.9105],[-1.9053],[-1.3526],[-1.3105],[-1.3737],[-1.0684],[-0.3526],[0.3316],[0.5316],[0.4158],[0.5053],[1.0579],[1.5947],[1.2474],[-0.2737],[-2.2368],[-3.4],[-3.1474],[-2.0789],[-1.2474],[-1.1211],[-1.1842],[-0.7579],[-4.9],[-4.8526],[-4.7579],[-4.2842],[-3.3158],[-2.2211],[-1.5895],[-1.6105],[-1.8474],[-1.6421],[-0.7789],[0.2211],[0.7632],[0.7316],[0.5895],[0.8105],[1.0947],[0.6579],[-0.8211],[-2.6421],[-3.5],[-2.8474],[-1.4211],[-0.5316],[-0.7158],[-1.2737],[-1.1842],[-4.3526],[-4.4737],[-4.5789],[-4.3158],[-3.5],[-2.4895],[-1.9421],[-2.0684],[-2.4316],[-2.2368],[-1.2632],[0.0526],[0.9053],[1.0211],[0.7737],[0.6526],[0.6316],[0.1],[-1.2211],[-2.7579],[-3.3737],[-2.5263],[-0.9842],[-0.1316],[-0.5579],[-1.4842],[-1.7368],[-4.1947],[-4.4211],[-4.5947],[-4.4263],[-3.8474],[-3.1316],[-2.6632],[-2.6211],[-2.5842],[-2.0368],[-0.8421],[0.5053],[1.3211],[1.3211],[0.8895],[0.5368],[0.3421],[-0.1211],[-1.1421],[-2.4053],[-2.9421],[-2.2947],[-0.9053],[0.0053],[-0.2316],[-1.1105],[-1.5684],[-4.2211],[-4.3789],[-4.4316],[-4.3211],[-4.0684],[-3.6947],[-3.2737],[-2.7789],[-2.0158],[-0.9158],[0.3421],[1.2789],[1.5526],[1.1895],[0.6474],[0.3211],[0.2368],[0.0263],[-0.6053],[-1.5421],[-2.1947],[-1.9895],[-0.9789],[0.1],[0.5263],[0.2263],[-0.2263],[-3.8263],[-3.6789],[-3.4368],[-3.3263],[-3.3526],[-3.3263],[-2.9737],[-2.1632],[-0.9316],[0.3684],[1.2737],[1.4526],[1.0053],[0.4316],[0.1421],[0.1947],[0.3368],[0.2895],[-0.1158],[-0.8421],[-1.6053],[-1.8316],[-1.1263],[0.2421],[1.5263],[2.0263],[1.6526],[-2.7053],[-2.2105],[-1.7158],[-1.5211],[-1.6211],[-1.7526],[-1.5632],[-0.8895],[0.1105],[1.0105],[1.2579],[0.7789],[0.0105],[-0.2895],[0.0105],[0.5211],[0.6474],[0.3],[-0.2789],[-0.9842],[-1.6579],[-1.9474],[-1.2789],[0.3895],[2.2632],[3.2526],[2.8895],[-1.0737],[-0.5947],[-0.0895],[0.1842],[0.1947],[0.0579],[0.0368],[0.2526],[0.6526],[0.9053],[0.7158],[0.1158],[-0.3737],[-0.1632],[0.6632],[1.3053],[1.0842],[0.1579],[-0.8474],[-1.5474],[-1.9684],[-1.9474],[-1.0526],[0.7579],[2.6263],[3.4211],[2.7158],[0.4368],[0.4684],[0.7421],[1.0526],[1.1526],[1.0421],[0.8105],[0.6158],[0.5105],[0.4632],[0.3737],[0.2368],[0.2895],[0.8526],[1.7],[2.0789],[1.4947],[0.2684],[-0.8684],[-1.5105],[-1.7158],[-1.3526],[-0.2211],[1.4789],[2.7579],[2.7053],[1.3368],[1.2842],[0.7632],[0.8053],[1.0947],[1.1895],[0.9526],[0.5474],[0.1789],[-0.0421],[0.0263],[0.3737],[0.8526],[1.3789],[1.9],[2.2842],[2.2526],[1.6684],[0.8263],[0.0737],[-0.4316],[-0.6842],[-0.3947],[0.6789],[2.0263],[2.5421],[1.5789],[-0.3211]]}]