html/data/WT_pct09_ind_wt_7_4.json
[{"header":{"disciplineName":["Meteorological products"],"parameterCategory":[0],"parameterCategoryName":["Temperature"],"parameterNumberName":["Temperature"],"parameterNumber":[0],"parameterUnits":["K"],"refTime":["2017-03-17T0000:00.000Z"],"numberPoints":[621],"nx":[27],"ny":[23],"lo1":[-20],"la1":[70],"lo2":[45],"la2":[45],"dx":[2.5],"dy":[2.5]},"data":[[1.4978],[1.4891],[1.5109],[1.563],[1.65],[1.7717],[1.95],[2.163],[2.4543],[2.7848],[3.1196],[3.4804],[3.8283],[4.137],[4.3935],[4.5891],[4.7196],[4.7457],[4.7283],[4.6543],[4.5413],[4.4196],[4.2891],[4.1717],[4.0587],[3.9848],[3.9196],[2.1587],[2.137],[2.1152],[2.137],[2.1804],[2.2935],[2.4674],[2.7239],[3.0457],[3.4326],[3.8717],[4.3283],[4.7891],[5.1804],[5.5196],[5.7674],[5.9239],[5.9978],[5.9935],[5.937],[5.8543],[5.7717],[5.6848],[5.6065],[5.5674],[5.5326],[5.5065],[2.6326],[2.6196],[2.5891],[2.5674],[2.6152],[2.7196],[2.9109],[3.2022],[3.5935],[4.0413],[4.5413],[5.0848],[5.6109],[6.0674],[6.4804],[6.7587],[6.9543],[7.0543],[7.0761],[7.063],[7.0457],[7.037],[7.0196],[7.0326],[7.05],[7.0717],[7.0804],[3.0935],[3.0283],[2.9761],[2.9543],[3.0239],[3.1674],[3.3891],[3.7239],[4.163],[4.6674],[5.2326],[5.8152],[6.4022],[6.9413],[7.3674],[7.6848],[7.9065],[8.0065],[8.05],[8.0543],[8.0804],[8.1326],[8.1935],[8.2848],[8.3674],[8.4152],[8.437],[3.5239],[3.4022],[3.3326],[3.3283],[3.4196],[3.5848],[3.863],[4.2022],[4.6196],[5.1326],[5.7152],[6.337],[6.95],[7.5239],[7.9978],[8.3457],[8.55],[8.65],[8.6848],[8.6978],[8.7239],[8.8065],[8.9065],[9.0457],[9.15],[9.2543],[9.3109],[4.1109],[3.937],[3.8543],[3.8891],[3.9848],[4.1674],[4.4022],[4.6804],[5.037],[5.4717],[5.9935],[6.5804],[7.1761],[7.7457],[8.2326],[8.5935],[8.8413],[8.9804],[9.0717],[9.1326],[9.1935],[9.2848],[9.3935],[9.5065],[9.6109],[9.6935],[9.7587],[5.1543],[4.9587],[4.863],[4.863],[4.9457],[5.0804],[5.2283],[5.4152],[5.6848],[6.0457],[6.5239],[7.0457],[7.5891],[8.1022],[8.5196],[8.8978],[9.2152],[9.5326],[9.8196],[10.063],[10.2413],[10.3543],[10.437],[10.463],[10.45],[10.4283],[10.4022],[6.763],[6.5022],[6.3283],[6.2413],[6.2283],[6.263],[6.3196],[6.4674],[6.7413],[7.1717],[7.7109],[8.2891],[8.7717],[9.1326],[9.4283],[9.7283],[10.1283],[10.6239],[11.1413],[11.5761],[11.8804],[12.037],[12.0804],[12.05],[11.9761],[11.8674],[11.7152],[8.5239],[8.1891],[7.937],[7.7761],[7.6804],[7.5891],[7.5717],[7.7022],[8.1022],[8.763],[9.5543],[10.2587],[10.7326],[10.9457],[10.9848],[11.0761],[11.3674],[11.837],[12.3761],[12.8109],[13.0326],[13.137],[13.2239],[13.337],[13.4587],[13.5283],[13.5152],[10.0109],[9.7413],[9.5674],[9.4717],[9.3717],[9.2239],[9.1413],[9.2891],[9.8196],[10.6761],[11.6761],[12.5326],[12.9761],[12.9935],[12.7152],[12.4674],[12.4717],[12.663],[12.937],[13.0761],[13.0674],[13.0891],[13.3326],[13.8283],[14.4152],[14.8761],[15.1109],[11.2239],[11.1761],[11.2761],[11.4109],[11.4674],[11.4283],[11.3848],[11.5804],[12.1065],[12.9326],[13.8978],[14.6326],[14.9543],[14.7848],[14.2935],[13.7717],[13.4717],[13.4326],[13.437],[13.35],[13.2065],[13.3065],[13.8848],[14.8891],[15.9196],[16.55],[16.637],[12.3065],[12.5239],[12.9065],[13.3152],[13.6587],[13.9152],[14.1674],[14.5065],[15.0065],[15.6065],[16.15],[16.5065],[16.5674],[16.2457],[15.6587],[15.0674],[14.7283],[14.7283],[14.8717],[14.9804],[15.1022],[15.5587],[16.6239],[18.1239],[19.3891],[19.7804],[19.1587],[13.2804],[13.5761],[14.0457],[14.6239],[15.3239],[16.0978],[16.9152],[17.6717],[18.2239],[18.45],[18.4152],[18.2239],[17.9109],[17.4283],[16.8196],[16.25],[16.0152],[16.2804],[16.8717],[17.5283],[18.1848],[19.1457],[20.6587],[22.5891],[24.0978],[24.4326],[23.3717],[14.0283],[14.2717],[14.7022],[15.463],[16.6022],[18.037],[19.5283],[20.7326],[21.3543],[21.2543],[20.6674],[19.9239],[19.2239],[18.5283],[17.7587],[17.0717],[16.8022],[17.2022],[18.1152],[19.1674],[20.1717],[21.3543],[23.1065],[25.3283],[27.3457],[28.3543],[28.0848],[14.7326],[15.0326],[15.6326],[16.763],[18.4326],[20.4239],[22.3413],[23.6978],[24.1761],[23.7717],[22.7935],[21.663],[20.6413],[19.6587],[18.6239],[17.6891],[17.2152],[17.463],[18.2674],[19.1935],[20.0761],[21.1587],[22.863],[25.1674],[27.65],[29.6804],[30.9848],[15.9065],[16.5109],[17.5413],[19.1848],[21.3065],[23.5283],[25.3326],[26.3065],[26.3848],[25.6978],[24.5935],[23.35],[22.1109],[20.8674],[19.637],[18.6022],[18.0152],[18.0326],[18.45],[18.9413],[19.4978],[20.4326],[22.0891],[24.3587],[26.7587],[28.9674],[31.0935],[17.863],[18.8848],[20.3283],[22.2804],[24.4761],[26.4196],[27.6413],[28.0065],[27.6674],[26.8978],[25.9413],[24.8283],[23.5326],[22.137],[20.863],[19.9761],[19.5717],[19.5283],[19.6152],[19.7283],[20.1413],[21.25],[23.1283],[25.35],[27.1978],[28.5022],[29.7761],[20.3717],[21.6326],[23.15],[24.9065],[26.637],[27.95],[28.5761],[28.5326],[28.1326],[27.6326],[27.0413],[26.1717],[24.8848],[23.4065],[22.163],[21.4935],[21.3022],[21.2761],[21.2152],[21.2283],[21.7457],[23.1804],[25.3761],[27.6587],[29.1196],[29.4587],[29.3109],[22.5717],[23.8543],[25.1065],[26.2674],[27.2587],[27.9717],[28.3326],[28.3804],[28.2891],[28.2152],[28.0587],[27.3978],[26.1674],[24.7022],[23.4978],[22.8848],[22.6935],[22.6109],[22.5022],[22.6065],[23.2196],[24.5761],[26.6239],[28.7891],[30.3587],[30.8891],[30.4413],[23.5761],[24.7109],[25.6109],[26.1978],[26.6152],[27.0543],[27.4717],[27.8413],[28.163],[28.437],[28.5022],[28.0674],[27.0978],[25.8935],[24.9022],[24.3239],[23.9978],[23.8239],[23.7935],[24.0457],[24.5413],[25.2587],[26.3152],[27.8457],[29.6978],[31.2543],[31.9152],[23.1283],[24.0152],[24.6239],[24.9239],[25.1717],[25.5891],[26.1457],[26.6978],[27.163],[27.5283],[27.7109],[27.5717],[27.1196],[26.563],[26.0978],[25.7543],[25.463],[25.3109],[25.4413],[25.8022],[26.0022],[25.8761],[25.7543],[26.3674],[28.0457],[30.2848],[31.9587],[21.6413],[22.1978],[22.5804],[22.85],[23.1717],[23.6761],[24.2457],[24.6978],[25.0457],[25.3457],[25.6022],[25.8239],[25.9978],[26.2022],[26.3587],[26.3804],[26.2804],[26.2978],[26.5239],[26.737],[26.5543],[25.9196],[25.3717],[25.5543],[26.8196],[28.6761],[30.163],[19.8761],[20.0587],[20.237],[20.5196],[20.9891],[21.5326],[22.0065],[22.2717],[22.4587],[22.7065],[23.05],[23.4891],[24.0587],[24.6891],[25.1457],[25.3109],[25.3196],[25.4674],[25.6413],[25.4326],[24.7717],[24.1196],[24.1065],[24.85],[25.9674],[26.9065],[27.3239]]},{"header":{"disciplineName":["Meteorological products"],"parameterCategory":[2],"parameterCategoryName":["u-component of wind"],"parameterNumberName":["u-component of wind"],"parameterNumber":[2],"parameterUnits":["m s-1"],"refTime":["2017-03-17T0000:00.000Z"],"numberPoints":[621],"nx":[27],"ny":[23],"lo1":[-20],"la1":[70],"lo2":[45],"la2":[45],"dx":[2.5],"dy":[2.5]},"data":[[0.8696],[0.9435],[0.9174],[0.8304],[0.7304],[0.6652],[0.687],[0.8391],[1.1261],[1.5478],[2.0522],[2.6087],[3.1696],[3.6739],[4.1391],[4.5391],[4.8913],[5.2391],[5.5696],[5.8826],[6.2],[6.487],[6.6783],[6.8304],[6.8696],[6.8174],[6.687],[0.4913],[0.7348],[0.8652],[0.913],[0.8957],[0.9174],[0.9957],[1.1826],[1.487],[1.9174],[2.4174],[2.9304],[3.4043],[3.8435],[4.1913],[4.5043],[4.8174],[5.1435],[5.4957],[5.8826],[6.2391],[6.5478],[6.7609],[6.8522],[6.8261],[6.6739],[6.4348],[0.1435],[0.4435],[0.7217],[0.987],[1.2261],[1.4696],[1.7261],[2.0304],[2.387],[2.7826],[3.1826],[3.5304],[3.813],[3.987],[4.0957],[4.187],[4.313],[4.5],[4.7739],[5.0652],[5.3826],[5.6],[5.7261],[5.7348],[5.6391],[5.4565],[5.2174],[0.7652],[1],[1.3565],[1.787],[2.2348],[2.6304],[2.9522],[3.2],[3.4087],[3.6],[3.7696],[3.8826],[3.9348],[3.9348],[3.8696],[3.8522],[3.887],[4.0261],[4.2348],[4.4522],[4.6174],[4.6739],[4.6261],[4.4565],[4.2652],[4.0565],[3.8652],[2.7435],[2.9348],[3.3261],[3.8348],[4.287],[4.5913],[4.6696],[4.5739],[4.3957],[4.2087],[4.0826],[3.9913],[3.9174],[3.8261],[3.7652],[3.7435],[3.8304],[4.013],[4.2565],[4.4435],[4.5261],[4.4478],[4.2087],[3.8783],[3.5609],[3.2609],[3.0391],[5.6391],[5.8435],[6.2087],[6.6],[6.8391],[6.813],[6.5],[5.9913],[5.4522],[5.0217],[4.7478],[4.5826],[4.4826],[4.3174],[4.1435],[4],[3.9783],[4.0913],[4.2913],[4.4826],[4.5304],[4.4174],[4.1348],[3.8043],[3.4739],[3.2217],[3.0174],[8.7522],[8.8043],[8.8826],[8.8826],[8.7174],[8.3174],[7.7652],[7.1609],[6.6696],[6.3609],[6.2609],[6.2217],[6.0739],[5.7348],[5.2174],[4.6478],[4.187],[3.9217],[3.8565],[3.8783],[3.8565],[3.7478],[3.5739],[3.4261],[3.3478],[3.3957],[3.5087],[11.2913],[10.9261],[10.4304],[9.8957],[9.3348],[8.8087],[8.3826],[8.0652],[7.9565],[8.0087],[8.1304],[8.1565],[7.9174],[7.3565],[6.4565],[5.4217],[4.4435],[3.6783],[3.1478],[2.7826],[2.5087],[2.2826],[2.1565],[2.2304],[2.5261],[3.0304],[3.6478],[12.413],[11.6522],[10.7217],[9.8174],[9.1565],[8.8261],[8.787],[8.9217],[9.0652],[9.1522],[9.1174],[8.887],[8.4217],[7.687],[6.7261],[5.6087],[4.513],[3.4739],[2.5652],[1.7565],[1.0652],[0.587],[0.3826],[0.5522],[1.087],[1.9391],[2.9478],[11.8],[10.9783],[9.987],[9.1043],[8.6478],[8.687],[9.0696],[9.4304],[9.5217],[9.2],[8.5522],[7.7739],[6.9522],[6.213],[5.4913],[4.7522],[3.9261],[2.9826],[1.9391],[0.9],[4.2112e-09],[-0.6174],[-0.8652],[-0.6913],[-0.1391],[0.7217],[1.7696],[9.8217],[9.2],[8.3435],[7.6261],[7.3696],[7.6913],[8.3348],[8.8696],[8.9391],[8.3609],[7.3174],[6.1348],[5.087],[4.3],[3.7696],[3.3087],[2.7565],[2],[1.0826],[0.1913],[-0.513],[-0.887],[-0.9696],[-0.8478],[-0.5609],[-0.0913],[0.6522],[6.9609],[6.4174],[5.6783],[5.0652],[4.9261],[5.4043],[6.3304],[7.2652],[7.7826],[7.6435],[6.9478],[5.9522],[4.887],[3.9609],[3.2043],[2.513],[1.8348],[1.087],[0.3957],[-0.0913],[-0.2565],[-0.1391],[-0.0043],[-0.113],[-0.4348],[-0.6739],[-0.487],[3.3957],[2.9391],[2.5522],[2.3391],[2.5522],[3.3174],[4.5348],[5.8739],[6.9652],[7.5652],[7.5913],[7.1739],[6.3522],[5.2478],[4.0435],[2.8652],[1.8565],[1.087],[0.6217],[0.5652],[0.8739],[1.313],[1.4652],[1.0043],[-1.4577e-08],[-1.0609],[-1.513],[-0.0739],[0.0522],[0.5696],[1.3783],[2.3826],[3.4913],[4.6522],[5.6957],[6.5217],[7.0957],[7.413],[7.4174],[6.9652],[6.0304],[4.7826],[3.5783],[2.6522],[2.1391],[2.0043],[2.1478],[2.5043],[2.9087],[2.9913],[2.4304],[1.2261],[-0.2043],[-1.2304],[-1.6522],[-0.5739],[1.113],[2.9304],[4.4565],[5.4478],[5.7739],[5.5609],[5.1],[4.7348],[4.7043],[4.8652],[4.9217],[4.6348],[4.0913],[3.6261],[3.4478],[3.5826],[3.787],[3.8913],[3.9261],[4.0348],[4.187],[4.1261],[3.5826],[2.5435],[1.2391],[-0.4826],[1.1913],[3.2261],[4.9826],[5.9783],[5.9565],[4.9652],[3.387],[1.7522],[0.6217],[0.3],[0.6435],[1.2522],[1.7957],[2.2435],[2.7826],[3.5348],[4.3],[4.7739],[4.7348],[4.3913],[4.2435],[4.5957],[5.3348],[5.9087],[5.687],[4.4391],[1.6609],[3.0087],[4.1739],[4.6217],[4.1391],[2.813],[1.0304],[-0.7522],[-2.1783],[-2.9348],[-2.9783],[-2.4609],[-1.6696],[-0.7522],[0.2522],[1.3783],[2.5304],[3.5174],[4.0913],[4.1609],[3.9087],[3.8087],[4.2696],[5.287],[6.3304],[6.6391],[5.6565],[1.7261],[2.2652],[2.1957],[1.2565],[-0.3783],[-2.1478],[-3.5174],[-4.1696],[-4.2522],[-4],[-3.7],[-3.4261],[-3.0304],[-2.3435],[-1.3217],[-0.187],[0.8261],[1.6261],[2.2652],[2.8783],[3.3652],[3.7435],[4.0913],[4.4826],[4.8957],[4.9652],[4.3087],[-1.1652],[-1.113],[-1.6652],[-2.8652],[-4.3304],[-5.387],[-5.5304],[-4.8478],[-3.8522],[-3.187],[-3.1435],[-3.4826],[-3.6391],[-3.1783],[-2.1261],[-0.9783],[-0.1696],[0.3696],[1.0826],[2.3217],[3.7652],[4.7957],[4.9435],[4.3522],[3.487],[2.8696],[2.5478],[-5.2174],[-5.0696],[-5.2],[-5.6435],[-6.0565],[-5.9696],[-5.1739],[-3.9826],[-2.9957],[-2.7043],[-3.1261],[-3.7304],[-3.8522],[-3.087],[-1.6435],[-0.2043],[0.6565],[1.0826],[1.7261],[3.0565],[4.7696],[6.0217],[6.0609],[4.8609],[3.1783],[2.0087],[1.8913],[-8.4348],[-8.0043],[-7.6261],[-7.2913],[-6.8609],[-6.1565],[-5.2217],[-4.3652],[-3.8652],[-3.8391],[-4.0348],[-3.9957],[-3.3783],[-2.113],[-0.4522],[1.1217],[2.1435],[2.6],[2.9087],[3.5304],[4.4696],[5.2435],[5.2696],[4.3261],[2.8],[1.5478],[1.2957],[-10.3913],[-9.9304],[-9.4435],[-8.9043],[-8.3174],[-7.7261],[-7.1826],[-6.7913],[-6.513],[-6.1478],[-5.4565],[-4.4],[-3.1913],[-1.9783],[-0.7783],[0.4565],[1.5],[2.0522],[2.0478],[1.7565],[1.5435],[1.6261],[1.8739],[1.8826],[1.3217],[0.387],[-0.2478],[-11.0696],[-10.8304],[-10.5261],[-10.1087],[-9.7478],[-9.5739],[-9.5174],[-9.4304],[-9.1478],[-8.4957],[-7.3783],[-6.0261],[-4.9391],[-4.3478],[-3.9217],[-3.1391],[-2.1],[-1.3522],[-1.3391],[-1.9435],[-2.5522],[-2.6174],[-1.9261],[-0.8609],[-0.2348],[-0.5087],[-1.287]]},{"header":{"disciplineName":["Meteorological products"],"parameterCategory":[2],"parameterCategoryName":["v-component of wind"],"parameterNumberName":["v-component of wind"],"parameterNumber":[3],"parameterUnits":["m s-1"],"refTime":["2017-03-17T0000:00.000Z"],"numberPoints":[621],"nx":[27],"ny":[23],"lo1":[-20],"la1":[70],"lo2":[45],"la2":[45],"dx":[2.5],"dy":[2.5]},"data":[[-2.9391],[-2.8043],[-2.4348],[-1.8522],[-1.0348],[-0.087],[0.9609],[1.9652],[2.8435],[3.5],[3.8913],[3.987],[3.8435],[3.4957],[3.0391],[2.5609],[2.1043],[1.7],[1.4087],[1.1652],[0.9826],[0.8348],[0.6652],[0.4957],[0.3043],[0.0826],[-0.1174],[-1.9391],[-1.9826],[-1.8304],[-1.4261],[-0.7261],[0.1913],[1.2739],[2.3913],[3.4087],[4.1957],[4.687],[4.8391],[4.713],[4.3783],[3.9261],[3.4391],[2.9957],[2.6174],[2.2826],[1.9957],[1.7043],[1.4],[1.087],[0.7087],[0.3217],[-0.0739],[-0.4696],[-1.0609],[-1.2261],[-1.1783],[-0.8826],[-0.2826],[0.6],[1.6522],[2.7652],[3.7826],[4.5652],[5.0261],[5.1478],[5],[4.6739],[4.2435],[3.8174],[3.4652],[3.1435],[2.8391],[2.5087],[2.1435],[1.7435],[1.2826],[0.7957],[0.3043],[-0.2174],[-0.7348],[-0.8304],[-0.8261],[-0.6565],[-0.2348],[0.3826],[1.1957],[2.1348],[3.1043],[3.9652],[4.6043],[4.9391],[4.9826],[4.7913],[4.4522],[4.0957],[3.7957],[3.5304],[3.2826],[3],[2.6391],[2.2],[1.7087],[1.1957],[0.687],[0.1739],[-0.3696],[-0.9261],[-0.8043],[-0.4522],[0.0478],[0.6087],[1.1913],[1.7783],[2.4],[3.0565],[3.6652],[4.1826],[4.4652],[4.5217],[4.3696],[4.1043],[3.8522],[3.6739],[3.513],[3.3391],[3.0522],[2.613],[2.0609],[1.4478],[0.8435],[0.2826],[-0.2739],[-0.8478],[-1.4565],[-0.4739],[0.213],[0.8826],[1.387],[1.6522],[1.7696],[1.8957],[2.2217],[2.7087],[3.2696],[3.7565],[3.9957],[3.9913],[3.8261],[3.6261],[3.5217],[3.4696],[3.3913],[3.1609],[2.687],[2.0261],[1.2565],[0.4913],[-0.1957],[-0.8565],[-1.5217],[-2.2478],[-0.0913],[0.6348],[1.1783],[1.3783],[1.1739],[0.8174],[0.6217],[0.8391],[1.4783],[2.4],[3.2348],[3.7217],[3.7609],[3.4957],[3.1609],[3.0043],[3.0304],[3.1478],[3.0913],[2.7304],[2.0826],[1.2261],[0.3739],[-0.387],[-1.0739],[-1.7783],[-2.513],[-0.4435],[0.0609],[0.3435],[0.2652],[-0.087],[-0.4783],[-0.5609],[-0.0913],[0.9348],[2.2],[3.2739],[3.7826],[3.5957],[2.9652],[2.2826],[1.9391],[2.0087],[2.3435],[2.5609],[2.413],[1.8609],[1.087],[0.3217],[-0.2565],[-0.7],[-1.1696],[-1.7391],[-1.5304],[-1.3957],[-1.287],[-1.2391],[-1.2348],[-1.113],[-0.7348],[0.0565],[1.1739],[2.4087],[3.3304],[3.5696],[3.0261],[1.987],[1.0087],[0.5043],[0.6435],[1.113],[1.5304],[1.5261],[1.1261],[0.5304],[0.1174],[0.0348],[0.1217],[0.1261],[-0.2739],[-2.6261],[-2.8565],[-2.8174],[-2.4174],[-1.6565],[-0.787],[-0.0043],[0.7043],[1.3391],[1.9478],[2.3261],[2.213],[1.5217],[0.4783],[-0.4609],[-0.8652],[-0.6652],[-0.1174],[0.3348],[0.3652],[0.087],[-0.1565],[-0.0261],[0.5609],[1.3217],[1.7174],[1.3913],[-3.287],[-3.8913],[-3.9348],[-3.1348],[-1.6826],[-0.1696],[0.8217],[1.0913],[0.8739],[0.5217],[0.2261],[-0.1174],[-0.6435],[-1.3261],[-1.8913],[-2.0391],[-1.7087],[-1.1783],[-0.7696],[-0.6565],[-0.6957],[-0.5043],[0.2043],[1.4217],[2.6826],[3.3957],[3.0565],[-3.7609],[-4.6913],[-4.8565],[-3.7957],[-1.7739],[0.3043],[1.5043],[1.4522],[0.4913],[-0.6739],[-1.5652],[-2.1261],[-2.5522],[-2.9826],[-3.2826],[-3.2609],[-2.8652],[-2.287],[-1.7522],[-1.3739],[-1.0391],[-0.4652],[0.5391],[1.9391],[3.4348],[4.413],[4.3826],[-4.3826],[-5.413],[-5.5348],[-4.1739],[-1.6174],[1.0435],[2.5957],[2.5174],[1.1913],[-0.487],[-1.887],[-2.887],[-3.6783],[-4.3739],[-4.8565],[-4.8957],[-4.4609],[-3.6696],[-2.7696],[-1.9174],[-1.1391],[-0.4522],[0.3],[1.2522],[2.5],[3.7783],[4.587],[-4.8565],[-5.5391],[-5.2565],[-3.4609],[-0.4783],[2.4826],[4.1217],[3.9478],[2.387],[0.413],[-1.3739],[-2.8913],[-4.3261],[-5.6043],[-6.5043],[-6.6652],[-6.0783],[-4.9478],[-3.6043],[-2.2609],[-1.1826],[-0.5696],[-0.4391],[-0.3696],[0.2],[1.5783],[3.3261],[-4.5391],[-4.5217],[-3.5522],[-1.3783],[1.5652],[4.0609],[5.0304],[4.2739],[2.4565],[0.4261],[-1.3522],[-3.0522],[-4.8435],[-6.4957],[-7.5522],[-7.6304],[-6.8043],[-5.4609],[-3.9652],[-2.5043],[-1.2478],[-0.5913],[-0.7174],[-1.3391],[-1.5739],[-0.6348],[1.3696],[-3.2826],[-2.4957],[-1.0478],[1.1087],[3.3],[4.5652],[4.2826],[2.7652],[0.9043],[-0.6478],[-1.887],[-3.2783],[-4.9783],[-6.587],[-7.4609],[-7.2783],[-6.3348],[-5.1696],[-4.0739],[-2.9217],[-1.6261],[-0.4609],[-0.0304],[-0.5783],[-1.4304],[-1.513],[-0.3217],[-1.5957],[-0.4391],[1.013],[2.5261],[3.5304],[3.3913],[2.1261],[0.4652],[-0.7826],[-1.3652],[-1.8565],[-2.8826],[-4.4739],[-5.9565],[-6.6087],[-6.2696],[-5.4304],[-4.7391],[-4.3391],[-3.7565],[-2.4565],[-0.6043],[0.9174],[1.0565],[-0.1],[-1.4522],[-1.7348],[-0.2261],[0.7609],[1.6348],[2.2217],[2.1391],[1.2565],[-0.0478],[-0.9565],[-1.0522],[-0.7261],[-0.8696],[-1.9565],[-3.6652],[-5.1348],[-5.7043],[-5.4522],[-4.9043],[-4.6348],[-4.6304],[-4.3609],[-3.113],[-0.9174],[1.2348],[1.9696],[0.7304],[-1.613],[-3.2696],[0.287],[0.7739],[0.9609],[0.8435],[0.3348],[-0.4043],[-0.9478],[-0.813],[-0.087],[0.5043],[0.1348],[-1.2913],[-3.0174],[-4.2435],[-4.7],[-4.6565],[-4.4957],[-4.387],[-4.2087],[-3.6739],[-2.5043],[-0.6957],[1.087],[1.7304],[0.5],[-2.0696],[-4.3696],[-0.0696],[0.0174],[-0.113],[-0.3739],[-0.6304],[-0.7478],[-0.5087],[0.1174],[0.7913],[0.8565],[0.0043],[-1.3522],[-2.4391],[-2.8696],[-2.9826],[-3.2391],[-3.5652],[-3.5261],[-2.8174],[-1.713],[-0.613],[0.2522],[0.7957],[0.7696],[-0.2],[-2.0609],[-4.0609],[-0.7783],[-0.6783],[-0.6783],[-0.6609],[-0.4739],[-0.0783],[0.3913],[0.7348],[0.6739],[0.0043],[-1.0522],[-1.8217],[-1.8043],[-1.2435],[-1.0174],[-1.6261],[-2.487],[-2.5826],[-1.5478],[-0.0522],[0.8826],[0.7652],[-0.0043],[-0.7957],[-1.3435],[-1.9565],[-2.8826],[-1.1478],[-0.7652],[-0.5087],[-0.313],[0.0261],[0.4826],[0.7217],[0.5565],[-0.1391],[-1.1652],[-2.0826],[-2.2565],[-1.5435],[-0.5522],[-0.3348],[-1.2522],[-2.4652],[-2.7391],[-1.7348],[-0.2261],[0.487],[-0.1478],[-1.7087],[-3.0696],[-3.4435],[-2.9826],[-2.6522],[-0.9478],[-0.3174],[-0.0957],[-0.113],[-0.0696],[0.1217],[0.1391],[-0.2217],[-0.9261],[-1.7957],[-2.4652],[-2.6],[-2.0826],[-1.4652],[-1.5913],[-2.6522],[-3.8783],[-4.1739],[-3.3174],[-1.9565],[-1.1957],[-1.6739],[-3.2043],[-4.887],[-5.6522],[-5.1],[-3.9652]]}]