html/data/WT_pct09_ind_wt_11_8.json
[{"header":{"disciplineName":["Meteorological products"],"parameterCategory":[0],"parameterCategoryName":["Temperature"],"parameterNumberName":["Temperature"],"parameterNumber":[0],"parameterUnits":["K"],"refTime":["2017-03-17T0000:00.000Z"],"numberPoints":[621],"nx":[27],"ny":[23],"lo1":[-20],"la1":[70],"lo2":[45],"la2":[45],"dx":[2.5],"dy":[2.5]},"data":[[-11.8446],[-10.8014],[-9.8338],[-9.0203],[-8.3446],[-7.823],[-7.4581],[-7.2014],[-7.0473],[-6.9824],[-6.9473],[-6.9851],[-7.05],[-7.1419],[-7.2824],[-7.4473],[-7.6581],[-7.9095],[-8.1851],[-8.4959],[-8.8041],[-9.1311],[-9.4635],[-9.7932],[-10.1338],[-10.4878],[-10.8608],[-8.3608],[-7.6284],[-7.0311],[-6.5284],[-6.1176],[-5.8311],[-5.5959],[-5.4419],[-5.3473],[-5.3203],[-5.3554],[-5.4473],[-5.5959],[-5.8203],[-6.123],[-6.4743],[-6.9095],[-7.3878],[-7.8797],[-8.377],[-8.8473],[-9.2446],[-9.5905],[-9.8716],[-10.1068],[-10.323],[-10.523],[-5.2095],[-4.9311],[-4.7014],[-4.5068],[-4.3284],[-4.1635],[-4.0311],[-3.9257],[-3.8581],[-3.8608],[-3.9338],[-4.0824],[-4.323],[-4.6446],[-5.0365],[-5.4905],[-6.0041],[-6.5635],[-7.1635],[-7.7419],[-8.2824],[-8.75],[-9.1122],[-9.3851],[-9.5878],[-9.7392],[-9.8824],[-3.0473],[-2.9851],[-2.9149],[-2.8365],[-2.7392],[-2.6419],[-2.5743],[-2.5338],[-2.5554],[-2.6527],[-2.8203],[-3.077],[-3.3959],[-3.7338],[-4.0851],[-4.4662],[-4.8554],[-5.2824],[-5.7662],[-6.2797],[-6.8068],[-7.3014],[-7.7365],[-8.0932],[-8.3635],[-8.6014],[-8.8203],[-1.7203],[-1.5419],[-1.3581],[-1.2311],[-1.123],[-1.0986],[-1.1257],[-1.2149],[-1.3743],[-1.5851],[-1.8554],[-2.1932],[-2.5473],[-2.8878],[-3.1932],[-3.4365],[-3.677],[-3.9419],[-4.3068],[-4.7635],[-5.2932],[-5.85],[-6.3554],[-6.8095],[-7.1446],[-7.4311],[-7.7149],[-0.5203],[-0.1473],[0.1743],[0.3284],[0.3554],[0.2473],[0.0905],[-0.0986],[-0.2743],[-0.4797],[-0.7446],[-1.0689],[-1.4473],[-1.8311],[-2.15],[-2.4068],[-2.6554],[-2.9473],[-3.3635],[-3.9068],[-4.5473],[-5.1743],[-5.7041],[-6.0986],[-6.3257],[-6.4851],[-6.6446],[0.9311],[1.2932],[1.5014],[1.5095],[1.3419],[1.0851],[0.8446],[0.6959],[0.6095],[0.5392],[0.3932],[0.1311],[-0.2554],[-0.6797],[-1.1122],[-1.5041],[-1.8797],[-2.3122],[-2.8581],[-3.5068],[-4.2041],[-4.8392],[-5.2878],[-5.5014],[-5.4905],[-5.4041],[-5.3662],[2.4419],[2.5419],[2.5095],[2.2986],[1.9851],[1.6581],[1.4284],[1.3149],[1.2986],[1.3014],[1.2014],[0.9392],[0.5311],[0.0365],[-0.4689],[-0.9392],[-1.3689],[-1.823],[-2.3149],[-2.877],[-3.4311],[-3.9041],[-4.1851],[-4.2338],[-4.1041],[-3.9095],[-3.8149],[3.7473],[3.6365],[3.4419],[3.1581],[2.8419],[2.5365],[2.3041],[2.1662],[2.0662],[1.9554],[1.7365],[1.4095],[0.9554],[0.4392],[-0.0554],[-0.5068],[-0.8959],[-1.2446],[-1.5446],[-1.8095],[-2.0122],[-2.1608],[-2.25],[-2.2689],[-2.2338],[-2.2365],[-2.2986],[4.9392],[4.8122],[4.6257],[4.3932],[4.1176],[3.8176],[3.5203],[3.2635],[3.0311],[2.7959],[2.5311],[2.1905],[1.8068],[1.3527],[0.9041],[0.4149],[-0.0365],[-0.4068],[-0.6311],[-0.6527],[-0.5338],[-0.3176],[-0.1743],[-0.1527],[-0.2878],[-0.5257],[-0.8365],[6.1203],[6.0554],[5.9122],[5.7041],[5.4041],[5.023],[4.623],[4.3041],[4.0716],[3.9311],[3.8257],[3.6932],[3.5068],[3.1851],[2.75],[2.1554],[1.4824],[0.8743],[0.4743],[0.4203],[0.7122],[1.1824],[1.6338],[1.8203],[1.7311],[1.4095],[1.0176],[7.0932],[7.077],[6.9527],[6.7014],[6.3338],[5.8797],[5.4716],[5.1986],[5.1311],[5.2338],[5.3851],[5.4824],[5.4338],[5.2311],[4.823],[4.2149],[3.4365],[2.6203],[2.0014],[1.7851],[2.0581],[2.65],[3.3068],[3.7473],[3.8824],[3.7473],[3.4662],[7.7446],[7.7527],[7.6689],[7.5041],[7.2311],[6.8662],[6.5257],[6.3365],[6.377],[6.5662],[6.7824],[6.8851],[6.8338],[6.6743],[6.3581],[5.9068],[5.3041],[4.5905],[4.0041],[3.7176],[3.8797],[4.4068],[5.0851],[5.6257],[5.9311],[6.0743],[6.1176],[8.277],[8.3581],[8.4284],[8.4959],[8.5014],[8.3473],[8.123],[7.9581],[7.9176],[7.9635],[7.9932],[7.9041],[7.7365],[7.5581],[7.377],[7.1284],[6.7959],[6.3716],[5.9662],[5.7689],[5.8743],[6.2824],[6.7905],[7.2365],[7.5527],[7.8959],[8.4203],[9.0635],[9.1338],[9.3446],[9.6905],[9.9986],[10.0986],[9.9284],[9.6959],[9.5176],[9.3797],[9.2203],[8.9932],[8.7581],[8.5851],[8.4257],[8.2338],[7.9419],[7.6554],[7.3986],[7.3176],[7.4932],[7.9095],[8.4014],[8.7608],[8.9743],[9.3392],[10.2176],[9.9824],[9.9851],[10.2473],[10.7581],[11.2635],[11.4851],[11.3851],[11.1338],[10.9284],[10.7878],[10.6041],[10.3743],[10.1554],[9.9635],[9.75],[9.4041],[8.9797],[8.6122],[8.4176],[8.4662],[8.8122],[9.4635],[10.25],[10.8203],[10.9986],[11.1149],[11.8149],[10.7851],[10.7905],[11.0932],[11.6716],[12.2419],[12.5176],[12.4689],[12.3419],[12.2932],[12.3095],[12.2257],[11.977],[11.6797],[11.3986],[11.0824],[10.6419],[10.1473],[9.7743],[9.6824],[9.8581],[10.3419],[11.25],[12.4824],[13.5662],[13.923],[13.6419],[13.5257],[11.6176],[11.8284],[12.25],[12.8257],[13.3473],[13.5959],[13.6581],[13.7068],[13.8986],[14.1311],[14.1257],[13.7554],[13.2068],[12.7284],[12.3365],[11.9527],[11.5824],[11.3554],[11.4419],[11.723],[12.2095],[13.0932],[14.5554],[16.1446],[16.977],[16.55],[15.5257],[12.9743],[13.5149],[14.0581],[14.5527],[14.9176],[15.1176],[15.2149],[15.3878],[15.7419],[16.1068],[16.1311],[15.6257],[14.8122],[14.1122],[13.7014],[13.4203],[13.1446],[13.0392],[13.25],[13.65],[14.0554],[14.6635],[15.9419],[17.7527],[19.1095],[19.05],[17.7527],[14.9905],[15.7689],[16.3473],[16.6554],[16.8122],[16.9446],[17.0635],[17.2365],[17.5176],[17.8257],[17.8284],[17.2392],[16.2743],[15.4905],[15.1473],[14.9986],[14.723],[14.4932],[14.7041],[15.2878],[15.8365],[16.2581],[17.0851],[18.5851],[20.1446],[20.6419],[19.723],[17.1581],[18.0257],[18.5338],[18.6797],[18.7149],[18.8311],[18.9554],[18.9932],[19.0014],[19.0446],[18.8797],[18.2338],[17.2797],[16.6149],[16.5203],[16.6095],[16.3743],[15.9986],[16.1176],[16.95],[17.9257],[18.5095],[18.95],[19.75],[20.8338],[21.3392],[20.7959],[18.8257],[19.6311],[20.0932],[20.2068],[20.2689],[20.4122],[20.5257],[20.4176],[20.1419],[19.8689],[19.5014],[18.8338],[18.023],[17.6014],[17.8851],[18.3905],[18.4176],[18.0473],[18.0608],[18.9662],[20.2851],[21.2095],[21.5338],[21.6662],[21.8095],[21.6203],[20.8041],[19.5986],[20.2581],[20.7068],[20.9338],[21.0905],[21.2689],[21.3527],[21.2014],[20.8419],[20.477],[20.0851],[19.5689],[19.0338],[18.923],[19.4662],[20.2662],[20.6203],[20.4365],[20.3176],[20.8716],[22.0149],[23.0581],[23.5446],[23.4635],[22.9419],[21.9149],[20.4581]]},{"header":{"disciplineName":["Meteorological products"],"parameterCategory":[2],"parameterCategoryName":["u-component of wind"],"parameterNumberName":["u-component of wind"],"parameterNumber":[2],"parameterUnits":["m s-1"],"refTime":["2017-03-17T0000:00.000Z"],"numberPoints":[621],"nx":[27],"ny":[23],"lo1":[-20],"la1":[70],"lo2":[45],"la2":[45],"dx":[2.5],"dy":[2.5]},"data":[[3.0595],[3.4243],[3.7432],[4.0162],[4.2649],[4.4568],[4.6324],[4.7892],[4.9351],[5.0757],[5.1838],[5.273],[5.2946],[5.2784],[5.2216],[5.1405],[5.0324],[4.927],[4.8297],[4.7459],[4.6622],[4.5973],[4.5297],[4.4757],[4.4486],[4.4189],[4.4459],[3.2324],[3.9189],[4.4919],[4.9216],[5.2378],[5.4865],[5.7081],[5.9459],[6.2135],[6.5],[6.7892],[7.0432],[7.2027],[7.2757],[7.2297],[7.0892],[6.8838],[6.6243],[6.3459],[6.0297],[5.7405],[5.4541],[5.1784],[4.9622],[4.7946],[4.7],[4.6865],[4.0027],[4.8351],[5.4486],[5.9027],[6.1811],[6.3838],[6.5865],[6.8459],[7.1838],[7.5757],[7.9649],[8.2838],[8.4919],[8.5676],[8.5081],[8.3459],[8.1162],[7.8649],[7.5676],[7.2486],[6.9162],[6.5892],[6.3081],[6.0784],[5.9486],[5.9027],[5.9649],[5.5297],[6.1703],[6.6],[6.8514],[6.9541],[7.0108],[7.0649],[7.2081],[7.4243],[7.6676],[7.873],[8],[8.0027],[7.9081],[7.7703],[7.6541],[7.5784],[7.5378],[7.5216],[7.4595],[7.3432],[7.2135],[7.0865],[7.0378],[7.1],[7.2757],[7.5054],[7.5622],[7.8027],[7.9189],[7.8973],[7.7973],[7.6757],[7.5541],[7.4649],[7.4189],[7.3432],[7.2081],[6.9676],[6.6378],[6.3243],[6.0919],[6.0459],[6.1811],[6.4459],[6.7297],[6.9432],[7.0568],[7.0919],[7.1405],[7.2838],[7.5649],[7.9459],[8.3892],[9.1838],[9.073],[8.9541],[8.7973],[8.6162],[8.3946],[8.1405],[7.8892],[7.627],[7.3541],[7.0189],[6.6135],[6.1568],[5.7432],[5.4622],[5.4216],[5.5892],[5.8838],[6.1595],[6.3568],[6.4324],[6.473],[6.6108],[6.9081],[7.3622],[7.9027],[8.4351],[9.5973],[9.3324],[9.173],[9.0676],[8.9027],[8.6595],[8.3486],[8.0081],[7.7027],[7.4622],[7.2649],[7.0514],[6.7784],[6.4892],[6.2459],[6.1],[6.0486],[6.0324],[5.9568],[5.8243],[5.6838],[5.7027],[5.9622],[6.4351],[7.0541],[7.6622],[8.1324],[9.0676],[8.7622],[8.6243],[8.5486],[8.4243],[8.1676],[7.7973],[7.4027],[7.0865],[6.9486],[6.9676],[7.0595],[7.127],[7.1],[6.9622],[6.7459],[6.4784],[6.1216],[5.7054],[5.327],[5.1216],[5.2486],[5.7568],[6.4811],[7.1757],[7.6351],[7.7919],[8.5162],[8.1162],[7.8514],[7.6676],[7.4595],[7.1568],[6.7676],[6.3243],[5.9324],[5.7135],[5.727],[5.9162],[6.1595],[6.3378],[6.3892],[6.2892],[6.0757],[5.773],[5.4432],[5.1919],[5.2027],[5.6135],[6.3649],[7.1811],[7.7216],[7.7946],[7.4676],[8.3432],[7.7486],[7.2243],[6.7514],[6.3595],[6.0054],[5.6486],[5.2135],[4.7351],[4.3486],[4.1541],[4.2162],[4.4459],[4.7054],[4.9324],[5.0838],[5.2],[5.2865],[5.3676],[5.5108],[5.8541],[6.4649],[7.2622],[7.9378],[8.1676],[7.8216],[7.1378],[7.9676],[7.2811],[6.5351],[5.7946],[5.1892],[4.7919],[4.5216],[4.2378],[3.8757],[3.4622],[3.2162],[3.2054],[3.4],[3.6784],[3.927],[4.1973],[4.5243],[4.927],[5.3486],[5.7514],[6.2054],[6.7622],[7.3622],[7.7811],[7.7757],[7.3649],[6.8027],[6.7108],[6.1649],[5.4649],[4.7162],[4.1081],[3.7676],[3.673],[3.6514],[3.5865],[3.4568],[3.4297],[3.5649],[3.8081],[4.0054],[4.0838],[4.1351],[4.3216],[4.7081],[5.1595],[5.5351],[5.8027],[6.0568],[6.3081],[6.4865],[6.4703],[6.3432],[6.3514],[4.7622],[4.4838],[4.1324],[3.7676],[3.5432],[3.5541],[3.7757],[4.0514],[4.2649],[4.4297],[4.6486],[4.9595],[5.2054],[5.2432],[5.0162],[4.7324],[4.6432],[4.8378],[5.1568],[5.3811],[5.3838],[5.2703],[5.1595],[5.1297],[5.1405],[5.3054],[5.8189],[3.0676],[2.9405],[2.9595],[3.227],[3.7135],[4.3162],[4.8973],[5.3054],[5.5486],[5.7378],[5.9676],[6.2405],[6.3946],[6.2865],[5.9703],[5.6027],[5.4676],[5.6216],[5.9],[6.0081],[5.8514],[5.5054],[5.1811],[5.0054],[4.9757],[5.1432],[5.6216],[2.3324],[2.1324],[2.3243],[3.0135],[4.0703],[5.1135],[5.7919],[6.0378],[6.0054],[6.0054],[6.1027],[6.2838],[6.4054],[6.4297],[6.3757],[6.3811],[6.5216],[6.7946],[7.0378],[7.0676],[6.8297],[6.4784],[6.1946],[6.0865],[6.1243],[6.2297],[6.3703],[2.3946],[2.1054],[2.1838],[2.8946],[3.9811],[4.9162],[5.2459],[5.0432],[4.6946],[4.5838],[4.7189],[4.9595],[5.2432],[5.5784],[6.0405],[6.573],[7.0595],[7.3919],[7.4838],[7.3514],[7.0838],[6.8622],[6.8243],[7.0459],[7.4297],[7.7243],[7.7405],[2.6568],[2.4514],[2.4676],[2.9432],[3.6595],[4.073],[3.8784],[3.2973],[2.8757],[2.9054],[3.227],[3.5595],[3.8649],[4.3216],[5.0486],[5.8784],[6.4892],[6.727],[6.627],[6.3703],[6.1649],[6.1351],[6.3946],[6.9459],[7.6514],[8.2459],[8.4054],[2.9162],[3.0649],[3.2324],[3.5649],[3.9081],[3.9297],[3.4946],[2.9541],[2.7649],[2.973],[3.2541],[3.2946],[3.2162],[3.3459],[3.8649],[4.5405],[5.0405],[5.1838],[5.0649],[4.9135],[4.9135],[5.1108],[5.5135],[6.0649],[6.7081],[7.2162],[7.3757],[3.5],[3.9622],[4.3378],[4.6189],[4.7568],[4.6784],[4.4297],[4.2622],[4.3784],[4.5595],[4.4135],[3.8514],[3.1703],[2.8459],[2.9676],[3.3],[3.5378],[3.6297],[3.6568],[3.7568],[4.0324],[4.4432],[4.8676],[5.2],[5.3703],[5.3135],[5.0108],[4.2135],[4.7432],[5.0459],[5.0892],[4.9541],[4.7973],[4.7351],[4.8865],[5.1189],[5.1027],[4.5378],[3.5865],[2.7486],[2.3649],[2.3676],[2.4486],[2.4649],[2.4486],[2.5514],[2.7892],[3.1757],[3.6432],[4.0378],[4.2054],[3.9784],[3.3541],[2.4622],[3.8243],[4.1811],[4.2189],[3.8757],[3.3811],[2.9892],[2.8514],[2.9432],[3.1081],[2.9838],[2.4162],[1.7027],[1.3081],[1.3541],[1.5919],[1.6432],[1.5568],[1.4676],[1.5324],[1.6892],[1.9459],[2.2432],[2.4784],[2.4811],[2.1135],[1.3378],[0.2838],[1.2189],[1.3973],[1.2514],[0.8108],[0.3108],[-0.1514],[-0.4405],[-0.5243],[-0.4378],[-0.4081],[-0.5946],[-0.7595],[-0.5838],[-0.127],[0.2892],[0.4568],[0.4459],[0.4757],[0.5811],[0.7135],[0.7892],[0.7892],[0.6297],[0.2892],[-0.2189],[-0.8595],[-1.6432],[-2.9378],[-2.9081],[-3.0297],[-3.1162],[-3.0838],[-3.0838],[-3.2135],[-3.273],[-3.1162],[-2.8378],[-2.5838],[-2.3676],[-2.0351],[-1.6243],[-1.3027],[-1.0865],[-0.8351],[-0.5405],[-0.2486],[-0.0135],[0.0973],[-0.0432],[-0.5946],[-1.4189],[-2.2027],[-2.727],[-3.1432]]},{"header":{"disciplineName":["Meteorological products"],"parameterCategory":[2],"parameterCategoryName":["v-component of wind"],"parameterNumberName":["v-component of wind"],"parameterNumber":[3],"parameterUnits":["m s-1"],"refTime":["2017-03-17T0000:00.000Z"],"numberPoints":[621],"nx":[27],"ny":[23],"lo1":[-20],"la1":[70],"lo2":[45],"la2":[45],"dx":[2.5],"dy":[2.5]},"data":[[-0.3892],[0.1216],[0.5919],[0.9703],[1.2108],[1.3081],[1.2514],[1.0595],[0.7622],[0.3838],[-0.0081],[-0.3892],[-0.7189],[-0.9568],[-1.1054],[-1.1676],[-1.1784],[-1.1703],[-1.1649],[-1.2135],[-1.3378],[-1.5027],[-1.7],[-1.9054],[-2.0432],[-2.1486],[-2.1649],[1.2243],[1.5811],[1.8135],[1.927],[1.9162],[1.8027],[1.6351],[1.3811],[1.073],[0.6973],[0.2622],[-0.1838],[-0.6],[-0.9459],[-1.1973],[-1.3432],[-1.4081],[-1.4432],[-1.4973],[-1.6],[-1.7486],[-1.9297],[-2.1027],[-2.227],[-2.2541],[-2.1703],[-2.0081],[3.173],[3.2541],[3.1459],[2.9081],[2.6378],[2.4],[2.2081],[2.027],[1.7838],[1.4405],[0.9216],[0.3189],[-0.3243],[-0.9135],[-1.3784],[-1.6676],[-1.8324],[-1.9297],[-2.027],[-2.1541],[-2.3027],[-2.4324],[-2.4892],[-2.4189],[-2.2135],[-1.9135],[-1.5486],[4.7135],[4.4568],[3.9838],[3.4324],[2.9649],[2.6784],[2.5622],[2.527],[2.4135],[2.0703],[1.473],[0.6514],[-0.2189],[-0.9946],[-1.5324],[-1.827],[-1.9486],[-2.0027],[-2.0973],[-2.2514],[-2.4432],[-2.5486],[-2.5027],[-2.2541],[-1.8135],[-1.3108],[-0.8459],[5.4351],[4.8676],[4.1],[3.3108],[2.6919],[2.3757],[2.3243],[2.3919],[2.3568],[2.0189],[1.3189],[0.3676],[-0.5811],[-1.3081],[-1.6649],[-1.6892],[-1.5432],[-1.4622],[-1.5514],[-1.8432],[-2.1757],[-2.373],[-2.273],[-1.8595],[-1.2216],[-0.5595],[-0.0649],[5.3892],[4.6595],[3.7189],[2.7811],[2.0378],[1.6189],[1.5243],[1.6027],[1.5757],[1.2514],[0.5081],[-0.4324],[-1.3135],[-1.8135],[-1.827],[-1.4649],[-1.0243],[-0.8027],[-0.9703],[-1.4189],[-1.9135],[-2.1297],[-1.9216],[-1.2973],[-0.4649],[0.3081],[0.7784],[4.8514],[4.1811],[3.2811],[2.2703],[1.3649],[0.7919],[0.5973],[0.6514],[0.6919],[0.4243],[-0.2351],[-1.1324],[-1.9378],[-2.2919],[-2.0865],[-1.5189],[-0.9541],[-0.7486],[-0.9892],[-1.5],[-1.8973],[-1.8514],[-1.2892],[-0.3514],[0.6324],[1.3757],[1.7],[4.1216],[3.6703],[2.9135],[1.9081],[0.9243],[0.2162],[-0.0514],[0.0405],[0.1838],[0.0919],[-0.427],[-1.2649],[-2.0541],[-2.4514],[-2.3189],[-1.8351],[-1.3973],[-1.327],[-1.6243],[-1.9838],[-1.9514],[-1.3243],[-0.2162],[1.0054],[1.9351],[2.3595],[2.3189],[3.4189],[3.1541],[2.5027],[1.5459],[0.5459],[-0.1757],[-0.4378],[-0.3135],[-0.0486],[0.0216],[-0.3081],[-1.0027],[-1.7892],[-2.2622],[-2.2838],[-2.0162],[-1.7892],[-1.8973],[-2.1865],[-2.2757],[-1.7189],[-0.4676],[1.0784],[2.3108],[2.8027],[2.6108],[2.0784],[2.7162],[2.4405],[1.7541],[0.8081],[-0.0784],[-0.6919],[-0.9243],[-0.8243],[-0.5486],[-0.3622],[-0.4541],[-0.8649],[-1.4216],[-1.8162],[-1.873],[-1.6919],[-1.6054],[-1.8135],[-2.1378],[-2.0459],[-1.1297],[0.4946],[2.1486],[3.0486],[2.873],[1.9784],[1.0324],[1.9486],[1.4216],[0.5541],[-0.3703],[-1.073],[-1.4568],[-1.5919],[-1.5351],[-1.3595],[-1.0919],[-0.8919],[-0.8703],[-1.0432],[-1.2324],[-1.2162],[-1.0297],[-0.9703],[-1.1892],[-1.527],[-1.4],[-0.4135],[1.2676],[2.7838],[3.2541],[2.4973],[1.1378],[0.0892],[1.0784],[0.2946],[-0.7568],[-1.6432],[-2.0784],[-2.127],[-2.0459],[-1.9811],[-1.8811],[-1.5676],[-1.0865],[-0.6892],[-0.5649],[-0.6649],[-0.7324],[-0.6405],[-0.5324],[-0.6351],[-0.8784],[-0.7541],[0.173],[1.7405],[3.0757],[3.3054],[2.3432],[0.9432],[0.1162],[0.3243],[-0.5622],[-1.6541],[-2.4189],[-2.5622],[-2.2595],[-1.9054],[-1.7622],[-1.6919],[-1.3973],[-0.8135],[-0.2649],[-0.1243],[-0.4108],[-0.7811],[-0.8811],[-0.727],[-0.5892],[-0.5811],[-0.3486],[0.5027],[1.9135],[3.1216],[3.3568],[2.5703],[1.5324],[1.0486],[-0.1189],[-0.8378],[-1.7324],[-2.2784],[-2.2162],[-1.727],[-1.2405],[-1.0432],[-1.0297],[-0.8838],[-0.4676],[-0.0568],[-0.0676],[-0.5946],[-1.2784],[-1.573],[-1.3486],[-0.8946],[-0.5568],[-0.1919],[0.5541],[1.7216],[2.8297],[3.2378],[2.8486],[2.3],[2.1432],[-0.3811],[-0.7595],[-1.1919],[-1.3973],[-1.2324],[-0.8324],[-0.5027],[-0.3703],[-0.4324],[-0.4622],[-0.3297],[-0.1811],[-0.3514],[-0.9595],[-1.7108],[-2.073],[-1.8189],[-1.1865],[-0.6541],[-0.2676],[0.2757],[1.1919],[2.2432],[2.9297],[3.0514],[2.8973],[2.8459],[-0.6568],[-0.6703],[-0.5351],[-0.3108],[-0.1486],[-0.1405],[-0.1784],[-0.1432],[-0.0865],[-0.0703],[-0.1108],[-0.2324],[-0.5054],[-1.0351],[-1.6459],[-1.9676],[-1.7811],[-1.2622],[-0.8189],[-0.6297],[-0.3324],[0.4459],[1.6622],[2.8108],[3.4324],[3.5],[3.2135],[-0.9351],[-0.7108],[-0.0946],[0.4892],[0.527],[0.0351],[-0.4054],[-0.3486],[0.127],[0.5162],[0.4865],[0.1351],[-0.3243],[-0.7676],[-1.1703],[-1.4],[-1.3649],[-1.1459],[-1.0622],[-1.1649],[-1.0486],[-0.1757],[1.4459],[3.1973],[4.2757],[4.327],[3.5216],[-0.7703],[-0.5405],[0.2378],[0.9027],[0.7405],[-0.1568],[-0.8757],[-0.6838],[0.2676],[1.0946],[1.1324],[0.5189],[-0.1784],[-0.6027],[-0.7622],[-0.8243],[-0.8757],[-0.9946],[-1.2568],[-1.5622],[-1.4216],[-0.2892],[1.7892],[3.9946],[5.2703],[5.0838],[3.7324],[0.1919],[0.2432],[0.7405],[1.1324],[0.7324],[-0.2811],[-1.0378],[-0.7595],[0.3189],[1.2216],[1.1459],[0.3],[-0.5324],[-0.8054],[-0.6459],[-0.4676],[-0.5351],[-0.8541],[-1.2676],[-1.5027],[-1.1027],[0.3081],[2.5486],[4.7135],[5.7351],[5.1514],[3.4514],[1.6514],[1.4135],[1.3541],[1.2378],[0.7568],[-0.0432],[-0.5919],[-0.4],[0.3],[0.7541],[0.3757],[-0.5054],[-1.1324],[-1.0568],[-0.5459],[-0.1973],[-0.3459],[-0.7595],[-1.0486],[-0.9108],[-0.1162],[1.4135],[3.3622],[4.9378],[5.2676],[4.2054],[2.3892],[2.7135],[2.2189],[1.6189],[1.0838],[0.6459],[0.2838],[0.0703],[0.0892],[0.1486],[-0.0514],[-0.6108],[-1.2351],[-1.3649],[-0.8486],[-0.1459],[0.1351],[-0.1757],[-0.5838],[-0.5622],[0.0324],[1.0243],[2.3054],[3.6595],[4.4703],[4.1216],[2.6162],[0.8027],[2.6757],[2.027],[1.1568],[0.4216],[0.073],[0.0946],[0.1811],[0.0649],[-0.3054],[-0.8054],[-1.2486],[-1.3946],[-1.0081],[-0.2135],[0.4757],[0.5541],[0.1378],[-0.1405],[0.1919],[0.9351],[1.6595],[2.3108],[3.0135],[3.4216],[2.8514],[1.1892],[-0.6703],[1.7081],[1.0514],[0.1784],[-0.5703],[-0.8757],[-0.7351],[-0.5622],[-0.6595],[-1.0108],[-1.3135],[-1.3135],[-0.9757],[-0.3514],[0.3919],[0.9081],[0.8919],[0.5703],[0.5027],[0.9459],[1.4],[1.373],[1.2216],[1.5784],[2.1378],[1.8568],[0.2811],[-1.6486]]}]