html/data/WT_pct09_ind_wt_4_5.json
[{"header":{"disciplineName":["Meteorological products"],"parameterCategory":[0],"parameterCategoryName":["Temperature"],"parameterNumberName":["Temperature"],"parameterNumber":[0],"parameterUnits":["K"],"refTime":["2017-03-17T0000:00.000Z"],"numberPoints":[621],"nx":[27],"ny":[23],"lo1":[-20],"la1":[70],"lo2":[45],"la2":[45],"dx":[2.5],"dy":[2.5]},"data":[[-10.6709],[-10.123],[-9.5839],[-9.1117],[-8.6909],[-8.3326],[-8.0457],[-7.8283],[-7.657],[-7.5265],[-7.4335],[-7.3535],[-7.2987],[-7.2596],[-7.243],[-7.2578],[-7.2987],[-7.383],[-7.5074],[-7.65],[-7.83],[-8.0248],[-8.2309],[-8.45],[-8.6813],[-8.9387],[-9.2204],[-8.2161],[-7.8483],[-7.5309],[-7.2552],[-7.0222],[-6.83],[-6.6639],[-6.5248],[-6.4013],[-6.2996],[-6.2065],[-6.1317],[-6.0813],[-6.0604],[-6.0613],[-6.0961],[-6.1796],[-6.3022],[-6.45],[-6.6213],[-6.7987],[-6.9691],[-7.1161],[-7.2509],[-7.3787],[-7.5343],[-7.7161],[-5.8091],[-5.6483],[-5.5413],[-5.4639],[-5.403],[-5.343],[-5.2604],[-5.17],[-5.0657],[-4.9543],[-4.8639],[-4.803],[-4.77],[-4.7691],[-4.8039],[-4.8691],[-4.9813],[-5.1178],[-5.2726],[-5.437],[-5.5865],[-5.6978],[-5.7839],[-5.8457],[-5.8874],[-5.9561],[-6.0552],[-3.877],[-3.7996],[-3.7796],[-3.7987],[-3.8448],[-3.8796],[-3.8787],[-3.8361],[-3.7665],[-3.683],[-3.6126],[-3.5735],[-3.5639],[-3.5822],[-3.6109],[-3.677],[-3.757],[-3.8535],[-3.9509],[-4.0474],[-4.1187],[-4.1422],[-4.123],[-4.0917],[-4.0639],[-4.0752],[-4.1535],[-2.6057],[-2.4396],[-2.3535],[-2.3613],[-2.4561],[-2.5787],[-2.67],[-2.7135],[-2.6996],[-2.6604],[-2.6213],[-2.603],[-2.5987],[-2.6013],[-2.6048],[-2.6039],[-2.6204],[-2.6674],[-2.7291],[-2.7717],[-2.7709],[-2.697],[-2.5709],[-2.4291],[-2.3109],[-2.2691],[-2.3065],[-1.677],[-1.3596],[-1.1648],[-1.143],[-1.2822],[-1.4952],[-1.6961],[-1.8117],[-1.843],[-1.8283],[-1.7996],[-1.7935],[-1.783],[-1.7526],[-1.6926],[-1.6309],[-1.5987],[-1.6222],[-1.7048],[-1.7691],[-1.7604],[-1.643],[-1.4291],[-1.1874],[-0.9909],[-0.8778],[-0.8587],[-0.6726],[-0.3291],[-0.1291],[-0.1448],[-0.3535],[-0.6422],[-0.9065],[-1.057],[-1.0978],[-1.0865],[-1.07],[-1.0813],[-1.0752],[-1.0091],[-0.8743],[-0.7257],[-0.6361],[-0.6457],[-0.7526],[-0.8587],[-0.8648],[-0.7274],[-0.4709],[-0.1917],[0.0152],[0.1387],[0.1848],[0.4317],[0.6204],[0.6961],[0.5917],[0.3413],[0.0343],[-0.223],[-0.3613],[-0.3865],[-0.383],[-0.383],[-0.4152],[-0.4178],[-0.3135],[-0.0978],[0.1622],[0.3517],[0.3857],[0.2978],[0.1917],[0.1874],[0.3361],[0.5935],[0.8265],[0.9717],[1.0309],[1.0639],[1.417],[1.3735],[1.3091],[1.1874],[0.9952],[0.7561],[0.5543],[0.4283],[0.3987],[0.4091],[0.4152],[0.417],[0.4587],[0.6135],[0.8804],[1.2065],[1.4457],[1.5117],[1.4335],[1.3204],[1.3126],[1.4535],[1.6578],[1.8248],[1.8952],[1.9404],[2.0535],[2.2196],[2.0283],[1.9517],[1.9413],[1.9265],[1.8335],[1.6735],[1.5161],[1.4361],[1.4535],[1.5317],[1.6457],[1.7726],[1.9561],[2.1935],[2.4457],[2.6187],[2.6265],[2.5117],[2.3804],[2.3474],[2.4657],[2.6343],[2.7691],[2.8509],[2.9761],[3.2665],[3.0526],[2.8691],[2.8996],[3.0726],[3.2404],[3.2491],[3.0865],[2.8491],[2.7022],[2.7178],[2.89],[3.1109],[3.2926],[3.4083],[3.4961],[3.5691],[3.6291],[3.6335],[3.5778],[3.5291],[3.5648],[3.7265],[3.9457],[4.1152],[4.2526],[4.4396],[4.8074],[4.0222],[3.9561],[4.1013],[4.37],[4.5822],[4.6196],[4.4509],[4.1926],[4.0135],[4.037],[4.2257],[4.4509],[4.5674],[4.5317],[4.4213],[4.3657],[4.4361],[4.6204],[4.8291],[5.0465],[5.2996],[5.6317],[6.0057],[6.3135],[6.517],[6.6665],[6.8665],[5.0578],[5.1143],[5.2726],[5.4735],[5.63],[5.6822],[5.6248],[5.5239],[5.4596],[5.4822],[5.5883],[5.6822],[5.67],[5.5004],[5.2996],[5.2178],[5.4109],[5.8457],[6.3517],[6.8117],[7.2491],[7.7622],[8.3622],[8.9248],[9.3065],[9.4865],[9.5648],[6.05],[6.1674],[6.2752],[6.3874],[6.5526],[6.8013],[7.0891],[7.3378],[7.457],[7.4474],[7.3578],[7.2726],[7.1683],[6.9978],[6.8109],[6.7439],[6.9422],[7.3804],[7.8761],[8.277],[8.6587],[9.223],[10.0526],[10.9822],[11.723],[12.1996],[12.5465],[7.0152],[7.1387],[7.2604],[7.4865],[7.9509],[8.6491],[9.4265],[10.023],[10.2257],[10.0517],[9.7187],[9.4578],[9.3457],[9.27],[9.1257],[8.9743],[8.9483],[9.0909],[9.27],[9.3639],[9.5126],[10.0335],[11.0987],[12.4074],[13.5013],[14.2639],[15.0178],[7.9509],[8.1057],[8.4239],[9.0448],[10.0326],[11.2674],[12.43],[13.1413],[13.2396],[12.837],[12.3065],[11.9691],[11.9048],[11.9083],[11.7526],[11.4291],[11.1196],[10.9543],[10.877],[10.7909],[10.837],[11.4352],[12.7248],[14.2935],[15.43],[15.9709],[16.5335],[8.963],[9.263],[9.8952],[10.9491],[12.383],[13.9222],[15.1491],[15.7552],[15.6961],[15.2561],[14.8196],[14.6109],[14.597],[14.563],[14.3204],[13.8639],[13.3987],[13.1543],[13.1222],[13.1665],[13.3683],[14.103],[15.5657],[17.263],[18.2317],[18.0726],[17.5996],[10.2691],[10.9004],[11.8057],[13.0222],[14.4822],[15.9135],[16.957],[17.41],[17.4387],[17.3683],[17.3978],[17.49],[17.4796],[17.2857],[16.8996],[16.377],[15.8935],[15.6517],[15.7283],[15.97],[16.2996],[17.0109],[18.4378],[20.2187],[21.2491],[20.7439],[19.2743],[12.1865],[13.2135],[14.2509],[15.3004],[16.4074],[17.47],[18.27],[18.7265],[19.077],[19.5813],[20.1883],[20.5126],[20.3474],[19.8778],[19.3683],[18.8848],[18.3839],[17.99],[17.93],[18.1552],[18.4248],[18.8439],[19.8761],[21.5996],[23.097],[23.1978],[21.8239],[14.7778],[16.1004],[17.1509],[17.9083],[18.5961],[19.3213],[19.9909],[20.5213],[21.1143],[21.9535],[22.7665],[23.0074],[22.5022],[21.7552],[21.2752],[21.0117],[20.5517],[19.9135],[19.5596],[19.6743],[19.9013],[19.9717],[20.3709],[21.6561],[23.4674],[24.5683],[24.2257],[17.6717],[19.0283],[20.01],[20.5804],[21.0422],[21.623],[22.2465],[22.7561],[23.2709],[23.9474],[24.5135],[24.4239],[23.6265],[22.7874],[22.563],[22.7074],[22.5109],[21.8126],[21.3083],[21.4778],[21.8909],[21.9204],[21.7561],[22.2361],[23.59],[24.9187],[25.2787],[20.157],[21.3004],[22.1457],[22.6343],[23.0326],[23.5578],[24.1239],[24.51],[24.7543],[25.0483],[25.2613],[25.017],[24.2848],[23.6935],[23.8335],[24.4135],[24.5822],[24.1013],[23.6509],[23.8926],[24.5248],[24.7378],[24.3961],[24.1813],[24.5448],[25.0543],[24.9926],[21.5543],[22.3587],[22.9874],[23.3874],[23.7196],[24.1483],[24.6326],[24.9387],[25.0517],[25.1352],[25.2613],[25.2543],[25.0257],[24.9352],[25.3309],[26.0265],[26.4109],[26.2117],[25.8735],[25.9083],[26.2778],[26.4978],[26.3587],[26.0996],[25.8909],[25.4491],[24.4509]]},{"header":{"disciplineName":["Meteorological products"],"parameterCategory":[2],"parameterCategoryName":["u-component of wind"],"parameterNumberName":["u-component of wind"],"parameterNumber":[2],"parameterUnits":["m s-1"],"refTime":["2017-03-17T0000:00.000Z"],"numberPoints":[621],"nx":[27],"ny":[23],"lo1":[-20],"la1":[70],"lo2":[45],"la2":[45],"dx":[2.5],"dy":[2.5]},"data":[[3.2252],[3.5904],[3.8783],[4.0843],[4.2026],[4.2704],[4.3104],[4.3435],[4.3939],[4.48],[4.58],[4.6757],[4.7504],[4.7957],[4.82],[4.813],[4.8304],[4.8809],[4.9922],[5.1687],[5.3939],[5.66],[5.9252],[6.1617],[6.3487],[6.4774],[6.5461],[3.3104],[3.7339],[4.0391],[4.2209],[4.2983],[4.3148],[4.313],[4.353],[4.46],[4.6157],[4.8061],[4.9896],[5.1165],[5.1574],[5.1096],[5.0139],[4.8939],[4.8243],[4.8348],[4.9522],[5.1539],[5.4417],[5.7504],[6.0435],[6.2957],[6.5026],[6.6609],[3.8948],[4.1852],[4.3557],[4.4209],[4.3965],[4.3417],[4.2913],[4.307],[4.4043],[4.5661],[4.76],[4.9278],[5.0243],[5.0157],[4.8913],[4.6983],[4.4896],[4.3374],[4.2991],[4.3896],[4.6226],[4.9409],[5.32],[5.727],[6.1061],[6.4696],[6.8113],[4.9748],[5.0104],[4.9661],[4.8748],[4.7304],[4.5661],[4.4017],[4.2791],[4.2087],[4.1939],[4.2078],[4.2217],[4.1991],[4.127],[4.0174],[3.8852],[3.7809],[3.7487],[3.8061],[3.9635],[4.2287],[4.5713],[4.9843],[5.4426],[5.9365],[6.4557],[7],[6.3696],[6.1461],[5.9017],[5.6339],[5.3522],[5.0435],[4.7078],[4.3617],[4.0348],[3.747],[3.5104],[3.3235],[3.1965],[3.1339],[3.1391],[3.2174],[3.36],[3.5478],[3.7487],[3.9565],[4.1678],[4.4087],[4.7052],[5.0957],[5.5722],[6.1478],[6.7765],[7.527],[7.1496],[6.7417],[6.3139],[5.8652],[5.3852],[4.8817],[4.3687],[3.887],[3.4748],[3.1417],[2.907],[2.7774],[2.7652],[2.8739],[3.0861],[3.3583],[3.6209],[3.8165],[3.9191],[3.9661],[4.0183],[4.1487],[4.4078],[4.8035],[5.3183],[5.8983],[7.8113],[7.3626],[6.84],[6.2765],[5.687],[5.0965],[4.5374],[4.0452],[3.6426],[3.3583],[3.1713],[3.0817],[3.0557],[3.0861],[3.1791],[3.3174],[3.4574],[3.5365],[3.5278],[3.4243],[3.3],[3.2496],[3.333],[3.5574],[3.8852],[4.2435],[4.6009],[7.0661],[6.5643],[5.9783],[5.3791],[4.7965],[4.2965],[3.8783],[3.567],[3.3574],[3.247],[3.2461],[3.3009],[3.3904],[3.487],[3.5539],[3.5809],[3.5365],[3.3948],[3.1652],[2.92],[2.7417],[2.7191],[2.88],[3.1348],[3.3661],[3.4739],[3.4652],[5.8904],[5.3104],[4.7339],[4.2391],[3.9009],[3.6939],[3.5739],[3.4565],[3.313],[3.1583],[3.0443],[3.0365],[3.153],[3.3513],[3.5565],[3.6774],[3.6817],[3.5591],[3.3374],[3.1174],[2.9922],[3.0339],[3.2165],[3.4174],[3.4617],[3.2548],[2.8461],[5.0261],[4.4209],[3.933],[3.653],[3.5965],[3.7261],[3.8817],[3.8913],[3.6583],[3.2243],[2.7748],[2.5157],[2.533],[2.7939],[3.1704],[3.5174],[3.7591],[3.8643],[3.8626],[3.8261],[3.807],[3.8574],[3.9548],[3.9965],[3.8496],[3.453],[2.8878],[4.6617],[4.1991],[3.8922],[3.7574],[3.8183],[4.0548],[4.3478],[4.4704],[4.2826],[3.7783],[3.1696],[2.713],[2.573],[2.7365],[3.0435],[3.373],[3.6574],[3.9061],[4.1287],[4.2878],[4.373],[4.3957],[4.3765],[4.307],[4.1435],[3.8661],[3.5078],[4.3843],[4.2591],[4.1922],[4.1052],[4.067],[4.2026],[4.5383],[4.9313],[5.1365],[5.033],[4.7113],[4.3661],[4.1426],[4.0357],[3.967],[3.8957],[3.8843],[4.0043],[4.227],[4.4522],[4.5522],[4.5],[4.3652],[4.2861],[4.3017],[4.3791],[4.4443],[3.9391],[4.1443],[4.32],[4.3009],[4.2009],[4.2922],[4.7574],[5.5061],[6.253],[6.7461],[6.9078],[6.8374],[6.6417],[6.3435],[5.9426],[5.4904],[5.127],[4.9843],[5.0252],[5.0774],[4.9896],[4.7391],[4.4783],[4.387],[4.5574],[4.9165],[5.2704],[3.493],[3.7983],[4.1043],[4.2713],[4.4078],[4.7235],[5.4043],[6.347],[7.2843],[7.9713],[8.3113],[8.4183],[8.3565],[8.173],[7.8583],[7.4704],[7.113],[6.853],[6.6548],[6.4087],[6.0139],[5.5191],[5.1165],[4.9739],[5.1583],[5.52],[5.8235],[3.2626],[3.407],[3.7026],[4.1043],[4.6183],[5.2896],[6.0783],[6.8609],[7.4652],[7.82],[7.9887],[8.1148],[8.2817],[8.4643],[8.5965],[8.6357],[8.5661],[8.3896],[8.0809],[7.6235],[7.0591],[6.5087],[6.1165],[5.9939],[6.1226],[6.3313],[6.3878],[3.1113],[3.1583],[3.4661],[4.0357],[4.7748],[5.5174],[6.1191],[6.4687],[6.5922],[6.6043],[6.6652],[6.9026],[7.3026],[7.787],[8.2261],[8.533],[8.6487],[8.5522],[8.2835],[7.9009],[7.5026],[7.1574],[6.9522],[6.9261],[7.0557],[7.2287],[7.2209],[2.9843],[3.347],[3.913],[4.6035],[5.2496],[5.6783],[5.8417],[5.8139],[5.7704],[5.8591],[6.1287],[6.5478],[7.0209],[7.4374],[7.7209],[7.833],[7.7965],[7.6626],[7.4948],[7.3687],[7.2974],[7.2313],[7.1522],[7.1383],[7.3061],[7.6374],[7.9252],[3.3652],[4.3539],[5.3774],[6.1835],[6.5748],[6.5435],[6.2939],[6.1191],[6.22],[6.5809],[7.0243],[7.3983],[7.6009],[7.607],[7.4626],[7.213],[6.9374],[6.6887],[6.5661],[6.6],[6.7087],[6.7235],[6.5913],[6.4722],[6.6226],[7.1383],[7.8026],[4.7009],[6.0739],[7.2878],[8.0383],[8.1696],[7.8165],[7.3843],[7.2322],[7.4574],[7.807],[8.0113],[7.9183],[7.6061],[7.2261],[6.8635],[6.5487],[6.253],[5.9835],[5.8035],[5.7687],[5.8052],[5.7687],[5.5965],[5.4565],[5.5765],[6.0496],[6.6643],[6.393],[7.4035],[8.1278],[8.42],[8.2443],[7.7843],[7.4026],[7.3209],[7.4696],[7.5357],[7.2696],[6.693],[6.0678],[5.6104],[5.4017],[5.3687],[5.3339],[5.173],[4.9096],[4.6983],[4.6252],[4.6365],[4.6583],[4.7139],[4.853],[4.9722],[4.9043],[6.7165],[6.8557],[6.6357],[6.2113],[5.72],[5.2965],[5.073],[5.0487],[5.0957],[4.9826],[4.5983],[4.0548],[3.5783],[3.3357],[3.3957],[3.6783],[3.9426],[3.973],[3.7513],[3.5148],[3.4757],[3.6548],[3.9],[4.1052],[4.147],[3.7774],[2.8704],[4.3043],[3.8009],[2.9443],[2.1278],[1.62],[1.3948],[1.3452],[1.3609],[1.3826],[1.3722],[1.3374],[1.3209],[1.3191],[1.3391],[1.4887],[1.8417],[2.2774],[2.5148],[2.4861],[2.4374],[2.5957],[2.8757],[2.9939],[2.8748],[2.5348],[1.8217],[0.5748],[-0.593],[-1.0261],[-1.6783],[-2.1443],[-2.1948],[-2.0296],[-1.9035],[-1.8983],[-1.9183],[-1.8061],[-1.4774],[-0.9861],[-0.5539],[-0.3496],[-0.2174],[0.067],[0.513],[0.8583],[1.0174],[1.2478],[1.6757],[1.9583],[1.6339],[0.793],[-0.0591],[-0.76],[-1.6191]]},{"header":{"disciplineName":["Meteorological products"],"parameterCategory":[2],"parameterCategoryName":["v-component of wind"],"parameterNumberName":["v-component of wind"],"parameterNumber":[3],"parameterUnits":["m s-1"],"refTime":["2017-03-17T0000:00.000Z"],"numberPoints":[621],"nx":[27],"ny":[23],"lo1":[-20],"la1":[70],"lo2":[45],"la2":[45],"dx":[2.5],"dy":[2.5]},"data":[[-0.2157],[-0.0096],[0.16],[0.2809],[0.3591],[0.4139],[0.4443],[0.4609],[0.4748],[0.4617],[0.4391],[0.4009],[0.3609],[0.3139],[0.2861],[0.2791],[0.28],[0.2783],[0.2383],[0.1496],[-0.0139],[-0.233],[-0.5104],[-0.8217],[-1.1304],[-1.4209],[-1.6852],[0.9235],[0.9913],[0.9565],[0.8574],[0.74],[0.6522],[0.6087],[0.6087],[0.6365],[0.6513],[0.6226],[0.5504],[0.46],[0.3687],[0.3139],[0.3174],[0.3722],[0.453],[0.5226],[0.5322],[0.4565],[0.2809],[0.033],[-0.2652],[-0.5626],[-0.8522],[-1.1104],[1.7287],[1.5904],[1.3539],[1.0826],[0.8583],[0.7235],[0.7026],[0.753],[0.82],[0.8348],[0.753],[0.5713],[0.3322],[0.1148],[-0.027],[-0.04],[0.0817],[0.2922],[0.5357],[0.7357],[0.8504],[0.8548],[0.7565],[0.5983],[0.3974],[0.1835],[-0.0574],[1.7957],[1.5087],[1.1722],[0.8565],[0.6374],[0.5626],[0.607],[0.7304],[0.8426],[0.853],[0.7017],[0.433],[0.0965],[-0.1896],[-0.3374],[-0.293],[-0.0774],[0.2678],[0.6591],[1.0209],[1.313],[1.5226],[1.6548],[1.7078],[1.6991],[1.5913],[1.3661],[1.3896],[1.0313],[0.6826],[0.3861],[0.2096],[0.167],[0.2522],[0.407],[0.5452],[0.5713],[0.4548],[0.2235],[-0.0409],[-0.2035],[-0.2043],[-0.0183],[0.2983],[0.68],[1.047],[1.3783],[1.6922],[2.0087],[2.3391],[2.6522],[2.873],[2.9209],[2.7104],[0.9157],[0.4896],[0.0904],[-0.24],[-0.4748],[-0.5557],[-0.493],[-0.3183],[-0.1191],[0.0087],[0.0226],[-0.0417],[-0.1043],[-0.0365],[0.187],[0.5383],[0.9113],[1.2217],[1.4209],[1.573],[1.7774],[2.1322],[2.6461],[3.2165],[3.6757],[3.8704],[3.7087],[0.4417],[-0.16],[-0.7009],[-1.1478],[-1.473],[-1.5965],[-1.5157],[-1.2417],[-0.8948],[-0.5887],[-0.3922],[-0.3017],[-0.2009],[0.0139],[0.3687],[0.8087],[1.18],[1.3922],[1.4522],[1.4826],[1.6774],[2.1409],[2.8478],[3.6122],[4.227],[4.4974],[4.3461],[-0.1904],[-1.0165],[-1.6991],[-2.1887],[-2.4461],[-2.4574],[-2.2496],[-1.8383],[-1.3426],[-0.887],[-0.567],[-0.38],[-0.2487],[-0.0574],[0.2696],[0.6617],[0.9809],[1.1348],[1.1617],[1.2417],[1.5809],[2.2522],[3.1391],[3.9791],[4.5391],[4.6983],[4.4948],[-0.9687],[-1.9513],[-2.6043],[-2.8704],[-2.8313],[-2.6052],[-2.2809],[-1.8948],[-1.4548],[-1.0078],[-0.6217],[-0.3365],[-0.1409],[0.0296],[0.2713],[0.54],[0.7487],[0.8391],[0.8678],[1.0426],[1.5383],[2.3635],[3.2983],[4.0287],[4.3322],[4.24],[3.9478],[-1.7817],[-2.7409],[-3.1522],[-3.0043],[-2.5617],[-2.1261],[-1.9096],[-1.8617],[-1.7896],[-1.5096],[-1.0296],[-0.4783],[0.0035],[0.3409],[0.5783],[0.7548],[0.8539],[0.8522],[0.8435],[1.0183],[1.5391],[2.3461],[3.1661],[3.6513],[3.6426],[3.3017],[2.9687],[-2.5217],[-3.2939],[-3.407],[-2.9096],[-2.1852],[-1.6957],[-1.7191],[-2.1365],[-2.5087],[-2.4339],[-1.8096],[-0.8783],[-0.0043],[0.5809],[0.8843],[1.0374],[1.1113],[1.113],[1.1035],[1.2348],[1.6687],[2.3557],[3.0043],[3.2765],[3.0696],[2.6209],[2.3235],[-2.9991],[-3.513],[-3.4974],[-2.9278],[-2.1426],[-1.627],[-1.7139],[-2.3009],[-2.8913],[-2.9304],[-2.2461],[-1.1443],[-0.1157],[0.5157],[0.7817],[0.9278],[1.093],[1.26],[1.3765],[1.5383],[1.8887],[2.4591],[3.0096],[3.24],[3.0496],[2.6722],[2.4591],[-3.027],[-3.3383],[-3.373],[-2.9713],[-2.2426],[-1.553],[-1.3235],[-1.6504],[-2.1774],[-2.3617],[-1.9165],[-1.0426],[-0.2322],[0.1939],[0.3078],[0.4183],[0.6887],[1.0365],[1.2835],[1.48],[1.7809],[2.2983],[2.8722],[3.2261],[3.247],[3.0826],[2.9722],[-2.76],[-2.9261],[-3.0357],[-2.7835],[-2.0287],[-1.0157],[-0.3026],[-0.2704],[-0.767],[-1.2748],[-1.3017],[-0.8678],[-0.3548],[-0.1],[-0.0904],[-0.0374],[0.2078],[0.527],[0.713],[0.8122],[1.053],[1.5965],[2.3035],[2.8713],[3.1478],[3.2104],[3.1878],[-2.6557],[-2.6809],[-2.6548],[-2.2661],[-1.3165],[-0.0617],[0.8826],[0.9643],[0.2296],[-0.6887],[-1.1235],[-0.9183],[-0.44],[-0.1304],[-0.0991],[-0.1304],[-0.0687],[0.0009],[-0.0626],[-0.1504],[0.0617],[0.7278],[1.6557],[2.4417],[2.8643],[2.9983],[2.9443],[-2.8626],[-2.6591],[-2.2243],[-1.4417],[-0.2843],[0.9278],[1.6339],[1.4035],[0.3887],[-0.7139],[-1.1678],[-0.8461],[-0.2122],[0.1626],[0.1348],[-0.0722],[-0.2261],[-0.3704],[-0.6348],[-0.8426],[-0.613],[0.2487],[1.4261],[2.407],[2.8704],[2.8635],[2.5861],[-2.8783],[-2.3391],[-1.44],[-0.34],[0.7617],[1.5704],[1.7626],[1.2122],[0.2304],[-0.567],[-0.6878],[-0.1765],[0.4009],[0.5252],[0.1861],[-0.2313],[-0.4522],[-0.5965],[-0.8687],[-1.1278],[-0.92],[0.04],[1.4574],[2.6565],[3.2096],[3.0974],[2.5374],[-2.0887],[-1.2635],[-0.1765],[0.8339],[1.5139],[1.7122],[1.4443],[0.8748],[0.3052],[0.0643],[0.2809],[0.707],[0.8843],[0.5443],[-0.1122],[-0.6009],[-0.7026],[-0.6896],[-0.9409],[-1.3417],[-1.2983],[-0.3722],[1.2183],[2.7643],[3.6391],[3.6757],[3.02],[-0.5861],[0.3087],[1.1661],[1.7009],[1.7965],[1.507],[1.073],[0.7122],[0.5774],[0.6652],[0.8339],[0.8791],[0.6339],[0.1078],[-0.4522],[-0.7243],[-0.6626],[-0.6322],[-1.0043],[-1.62],[-1.7748],[-0.9061],[0.8565],[2.76],[4.0609],[4.427],[3.8791],[1.0478],[1.7235],[2.1017],[2.1209],[1.8539],[1.4704],[1.1261],[0.96],[0.9113],[0.8174],[0.5426],[0.1417],[-0.1861],[-0.34],[-0.3278],[-0.2391],[-0.187],[-0.3878],[-0.9809],[-1.6887],[-1.8487],[-0.9139],[0.9652],[3.0017],[4.4313],[4.9043],[4.427],[2.4104],[2.6652],[2.5591],[2.2635],[2.0122],[1.8539],[1.7357],[1.5687],[1.2722],[0.7191],[-0.0348],[-0.6522],[-0.7296],[-0.2287],[0.4139],[0.7443],[0.5878],[0.0617],[-0.6643],[-1.293],[-1.3261],[-0.3748],[1.3904],[3.2096],[4.3304],[4.4835],[3.8113],[3.3261],[3.1104],[2.6043],[2.1557],[2.0278],[2.1278],[2.1409],[1.8809],[1.3304],[0.5304],[-0.327],[-0.8278],[-0.5557],[0.3965],[1.367],[1.7061],[1.3296],[0.6313],[-0.0965],[-0.6948],[-0.8809],[-0.2435],[1.1487],[2.6252],[3.3609],[3.0791],[2.1104],[3.4304],[2.847],[2.0148],[1.3609],[1.1748],[1.3087],[1.3261],[0.9991],[0.4426],[-0.1478],[-0.6409],[-0.7704],[-0.2478],[0.8043],[1.7583],[2.0096],[1.5843],[0.9235],[0.2148],[-0.567],[-1.2252],[-1.1617],[-0.1235],[1.2661],[1.9591],[1.52],[0.367]]}]