html/data/WT_pct09_ind_wt_6_2.json
[{"header":{"disciplineName":["Meteorological products"],"parameterCategory":[0],"parameterCategoryName":["Temperature"],"parameterNumberName":["Temperature"],"parameterNumber":[0],"parameterUnits":["K"],"refTime":["2017-03-17T0000:00.000Z"],"numberPoints":[621],"nx":[27],"ny":[23],"lo1":[-20],"la1":[70],"lo2":[45],"la2":[45],"dx":[2.5],"dy":[2.5]},"data":[[-0.3983],[-0.4272],[-0.45],[-0.4741],[-0.49],[-0.501],[-0.4859],[-0.439],[-0.3417],[-0.1776],[0.0383],[0.3162],[0.6369],[0.9645],[1.281],[1.5459],[1.7417],[1.8472],[1.8762],[1.8245],[1.7321],[1.6031],[1.4721],[1.3652],[1.2672],[1.181],[1.0907],[0.1086],[0.1638],[0.2183],[0.2838],[0.341],[0.4045],[0.4831],[0.5962],[0.7466],[0.9576],[1.2334],[1.5679],[1.9397],[2.3245],[2.6872],[2.9852],[3.1928],[3.2941],[3.3052],[3.2307],[3.1197],[2.9997],[2.8955],[2.8259],[2.7907],[2.7659],[2.7383],[0.8486],[0.959],[1.0534],[1.1541],[1.261],[1.3797],[1.5162],[1.6728],[1.8762],[2.1266],[2.419],[2.7624],[3.1266],[3.5079],[3.8514],[4.1272],[4.3121],[4.3941],[4.3872],[4.3107],[4.2128],[4.1459],[4.11],[4.1321],[4.1934],[4.2583],[4.2983],[1.77],[1.8514],[1.9093],[1.9755],[2.0769],[2.2072],[2.4003],[2.6334],[2.91],[3.2245],[3.5576],[3.9176],[4.2921],[4.6514],[4.9679],[5.2259],[5.3762],[5.4231],[5.3886],[5.2983],[5.2176],[5.1783],[5.2059],[5.301],[5.4286],[5.559],[5.6576],[2.5762],[2.6003],[2.6183],[2.6472],[2.7079],[2.8452],[3.0672],[3.3686],[3.7245],[4.1121],[4.5121],[4.9086],[5.2886],[5.6445],[5.9472],[6.17],[6.2852],[6.2797],[6.1907],[6.0666],[5.9741],[5.9479],[6.0059],[6.1314],[6.301],[6.4714],[6.6376],[3.2279],[3.2921],[3.3376],[3.3603],[3.4072],[3.5183],[3.7252],[4.0348],[4.4086],[4.8148],[5.2162],[5.5866],[5.9252],[6.2417],[6.5086],[6.6941],[6.7748],[6.7514],[6.6534],[6.5521],[6.4983],[6.5279],[6.6369],[6.7934],[6.9617],[7.1438],[7.3638],[4.0997],[4.2328],[4.3155],[4.3431],[4.341],[4.3886],[4.5376],[4.8024],[5.1479],[5.5272],[5.8748],[6.1597],[6.4086],[6.6217],[6.8259],[6.9859],[7.0872],[7.119],[7.1259],[7.161],[7.2652],[7.4507],[7.6693],[7.8597],[8.0066],[8.1479],[8.3431],[5.3452],[5.45],[5.4907],[5.4431],[5.3755],[5.3348],[5.4224],[5.6617],[6.0183],[6.419],[6.7686],[7.0362],[7.2148],[7.3534],[7.4907],[7.6362],[7.7859],[7.9259],[8.079],[8.2776],[8.5445],[8.8645],[9.1686],[9.3859],[9.5203],[9.621],[9.8093],[6.7003],[6.6472],[6.5748],[6.4748],[6.3741],[6.3203],[6.3872],[6.6362],[7.0514],[7.559],[8.0403],[8.4121],[8.6231],[8.7321],[8.8017],[8.8914],[9.0238],[9.1776],[9.3362],[9.5052],[9.721],[9.9693],[10.2279],[10.4548],[10.6507],[10.8831],[11.2514],[7.799],[7.6341],[7.5603],[7.5707],[7.6121],[7.6541],[7.7424],[7.9652],[8.3783],[8.9548],[9.5672],[10.0748],[10.3693],[10.45],[10.4128],[10.3679],[10.379],[10.419],[10.4231],[10.3555],[10.2659],[10.2383],[10.3479],[10.5941],[10.9576],[11.4617],[12.1466],[8.6286],[8.5397],[8.6776],[8.9714],[9.2928],[9.5079],[9.6252],[9.7679],[10.0534],[10.5348],[11.1403],[11.6948],[12.0107],[12.039],[11.8659],[11.6734],[11.5803],[11.5672],[11.5003],[11.279],[10.9466],[10.7183],[10.7666],[11.1266],[11.6879],[12.3238],[13.0403],[9.4148],[9.499],[9.8528],[10.3859],[10.93],[11.3472],[11.6107],[11.7721],[11.9728],[12.2997],[12.7472],[13.2017],[13.4624],[13.421],[13.1466],[12.8797],[12.83],[12.9962],[13.1555],[13.1086],[12.8962],[12.8003],[13.0997],[13.7686],[14.5252],[15.061],[15.2997],[10.2941],[10.4576],[10.7776],[11.2569],[11.8672],[12.5645],[13.2452],[13.7859],[14.1507],[14.3948],[14.6369],[14.8907],[15.0355],[14.9224],[14.5734],[14.2617],[14.2928],[14.7134],[15.2466],[15.5797],[15.7155],[15.9976],[16.7672],[17.9514],[19.0693],[19.601],[19.4334],[11.2279],[11.2914],[11.359],[11.6272],[12.3272],[13.501],[14.9183],[16.15],[16.8838],[17.1155],[17.0914],[17.0528],[17.0003],[16.7638],[16.2748],[15.8107],[15.7362],[16.181],[16.841],[17.341],[17.6548],[18.2024],[19.3941],[21.1369],[22.8217],[23.8341],[24.0397],[12.0624],[12.0266],[11.9541],[12.261],[13.3334],[15.2059],[17.4134],[19.2534],[20.2183],[20.3169],[19.9562],[19.579],[19.2624],[18.8266],[18.1279],[17.3859],[17.0148],[17.17],[17.6031],[17.9031],[18.0838],[18.6452],[20.0528],[22.181],[24.3493],[25.9921],[27.1238],[12.8052],[12.8555],[13.0314],[13.7928],[15.4948],[18.001],[20.63],[22.5921],[23.4203],[23.2679],[22.6672],[22.0603],[21.5272],[20.8693],[19.9721],[19.0286],[18.4107],[18.2576],[18.3348],[18.3452],[18.3603],[18.9334],[20.5272],[22.8445],[25.0831],[26.73],[28.1314],[13.7576],[14.1493],[14.8238],[16.1666],[18.3341],[20.9969],[23.4445],[25.0079],[25.5128],[25.2769],[24.7845],[24.2466],[23.6203],[22.7734],[21.7631],[20.8183],[20.1776],[19.8921],[19.7645],[19.6479],[19.7445],[20.6017],[22.5376],[25.0603],[27.0817],[27.9962],[28.4052],[15.4528],[16.3024],[17.3969],[18.9555],[21.0107],[23.2355],[25.0659],[26.1066],[26.4514],[26.5079],[26.4852],[26.2321],[25.5466],[24.5038],[23.4141],[22.5638],[22.0121],[21.6659],[21.4438],[21.3748],[21.7141],[22.9238],[25.2045],[27.9734],[29.9672],[30.2886],[29.3976],[18.0328],[19.2631],[20.4686],[21.7376],[23.1652],[24.6383],[25.8514],[26.6072],[27.0962],[27.6121],[28.0776],[28.0355],[27.2286],[25.959],[24.7976],[24.0259],[23.4817],[23.0045],[22.6914],[22.7259],[23.2521],[24.4666],[26.5762],[29.2679],[31.5066],[32.1397],[31.0797],[20.8238],[22.1776],[23.219],[23.9755],[24.6872],[25.5466],[26.4293],[27.1672],[27.8424],[28.6114],[29.2493],[29.2217],[28.3183],[27.0162],[25.9624],[25.2997],[24.73],[24.13],[23.8024],[24.0183],[24.6162],[25.4155],[26.6417],[28.5824],[30.8224],[32.2741],[32.2272],[22.6879],[23.8424],[24.5921],[24.939],[25.2431],[25.81],[26.5907],[27.3148],[27.9597],[28.6224],[29.1645],[29.1666],[28.4955],[27.5762],[26.9328],[26.5514],[26.0769],[25.5245],[25.3548],[25.7997],[26.4093],[26.6948],[26.8886],[27.7203],[29.3866],[31.141],[32.0024],[22.9679],[23.6797],[24.1203],[24.3134],[24.5417],[25.0369],[25.7086],[26.2721],[26.6728],[27.0817],[27.5224],[27.7776],[27.6997],[27.5107],[27.4266],[27.3541],[27.0831],[26.7383],[26.7631],[27.2334],[27.6624],[27.6286],[27.4059],[27.7134],[28.7859],[30.0369],[30.71],[21.8776],[22.1452],[22.3507],[22.5521],[22.8597],[23.3252],[23.819],[24.161],[24.3445],[24.5762],[25.0031],[25.5686],[26.1266],[26.5734],[26.8466],[26.87],[26.7093],[26.6024],[26.6831],[26.7762],[26.6369],[26.41],[26.6052],[27.4686],[28.5997],[29.2417],[29.03]]},{"header":{"disciplineName":["Meteorological products"],"parameterCategory":[2],"parameterCategoryName":["u-component of wind"],"parameterNumberName":["u-component of wind"],"parameterNumber":[2],"parameterUnits":["m s-1"],"refTime":["2017-03-17T0000:00.000Z"],"numberPoints":[621],"nx":[27],"ny":[23],"lo1":[-20],"la1":[70],"lo2":[45],"la2":[45],"dx":[2.5],"dy":[2.5]},"data":[[1.7552],[2.009],[2.2145],[2.3697],[2.511],[2.6386],[2.7862],[2.9717],[3.1993],[3.4621],[3.751],[4.0476],[4.3166],[4.5634],[4.7752],[4.9586],[5.1159],[5.2786],[5.44],[5.6055],[5.7607],[5.8793],[5.9503],[5.9545],[5.8821],[5.7531],[5.5724],[1.1179],[1.5524],[1.9228],[2.2138],[2.4517],[2.6621],[2.8834],[3.1317],[3.4283],[3.7676],[4.1152],[4.4407],[4.6952],[4.8559],[4.9179],[4.9014],[4.8303],[4.7628],[4.7186],[4.7124],[4.7497],[4.8055],[4.8455],[4.8524],[4.8234],[4.749],[4.6731],[0.8359],[1.3566],[1.8262],[2.2276],[2.5662],[2.8545],[3.1338],[3.4221],[3.7469],[4.0903],[4.4283],[4.7028],[4.8628],[4.8731],[4.7386],[4.4828],[4.1545],[3.8331],[3.5607],[3.3724],[3.2697],[3.2421],[3.2407],[3.2469],[3.2662],[3.28],[3.3469],[1.6393],[2.0234],[2.4076],[2.7641],[3.0669],[3.3241],[3.5366],[3.7276],[3.9166],[4.1138],[4.2952],[4.4179],[4.4386],[4.3317],[4.0972],[3.7697],[3.4083],[3.0607],[2.7724],[2.5745],[2.4559],[2.3945],[2.3503],[2.3234],[2.3097],[2.3414],[2.4628],[3.3497],[3.4193],[3.5469],[3.6993],[3.8379],[3.9352],[3.9731],[3.9683],[3.9462],[3.9317],[3.9117],[3.8648],[3.7648],[3.6],[3.3834],[3.16],[2.96],[2.8166],[2.7366],[2.6972],[2.669],[2.6276],[2.56],[2.4669],[2.3814],[2.3372],[2.3876],[5.2041],[4.9752],[4.831],[4.7469],[4.68],[4.5869],[4.4621],[4.3228],[4.1855],[4.0814],[3.9786],[3.8559],[3.6807],[3.4634],[3.2324],[3.0441],[2.9469],[2.9434],[2.9972],[3.069],[3.111],[3.1097],[3.0669],[2.9903],[2.9241],[2.909],[2.9614],[6.7848],[6.4276],[6.1117],[5.8379],[5.591],[5.36],[5.1359],[4.951],[4.8241],[4.76],[4.7166],[4.6283],[4.4469],[4.1579],[3.8034],[3.471],[3.2262],[3.0917],[3.0393],[3.0255],[3.0152],[3.0269],[3.0648],[3.1559],[3.3014],[3.4821],[3.6945],[8.0897],[7.6759],[7.2379],[6.8179],[6.4393],[6.1097],[5.8262],[5.6],[5.4366],[5.3559],[5.3248],[5.2848],[5.1566],[4.8972],[4.511],[4.0821],[3.6759],[3.3441],[3.0779],[2.8731],[2.7372],[2.6993],[2.8076],[3.0662],[3.4262],[3.8172],[4.1924],[8.8007],[8.2469],[7.64],[7.0759],[6.629],[6.2938],[6.0145],[5.7269],[5.4062],[5.1083],[4.8993],[4.7972],[4.7648],[4.7241],[4.5952],[4.3855],[4.1324],[3.8428],[3.549],[3.2538],[3.0083],[2.8986],[2.9683],[3.2241],[3.5945],[3.9883],[4.309],[8.311],[7.5607],[6.7869],[6.1317],[5.7117],[5.5159],[5.4131],[5.2083],[4.8131],[4.2821],[3.8262],[3.5786],[3.6014],[3.7945],[4.0297],[4.1966],[4.269],[4.2179],[4.06],[3.8317],[3.5876],[3.4234],[3.3966],[3.5179],[3.7324],[3.9414],[4.1214],[6.6834],[5.8883],[5.0876],[4.4303],[4.1034],[4.16],[4.4372],[4.6455],[4.5703],[4.1986],[3.7303],[3.4076],[3.3345],[3.469],[3.6814],[3.8703],[3.9641],[3.9641],[3.8566],[3.6786],[3.491],[3.3545],[3.2903],[3.3014],[3.3655],[3.4724],[3.6172],[4.8428],[4.2469],[3.6007],[3.0366],[2.8034],[3.1041],[3.8538],[4.7297],[5.3786],[5.6303],[5.5614],[5.3276],[5.0621],[4.7717],[4.4552],[4.109],[3.7669],[3.4372],[3.1448],[2.9048],[2.7414],[2.6676],[2.6366],[2.6048],[2.5807],[2.6338],[2.8297],[3.5076],[3.1903],[2.7952],[2.4159],[2.3366],[2.8214],[3.9041],[5.2931],[6.5834],[7.4793],[7.9014],[7.8924],[7.5269],[6.8607],[6.0276],[5.1655],[4.4014],[3.7648],[3.2552],[2.8683],[2.6559],[2.5972],[2.5848],[2.509],[2.3559],[2.2331],[2.2579],[2.4683],[2.3683],[2.32],[2.311],[2.5324],[3.1759],[4.2524],[5.5407],[6.7179],[7.6],[8.1352],[8.3145],[8.14],[7.6352],[6.9545],[6.2759],[5.7124],[5.2269],[4.7338],[4.2538],[3.8986],[3.7628],[3.7766],[3.7579],[3.5745],[3.229],[2.8103],[1.4269],[1.6538],[2.111],[2.6931],[3.331],[4],[4.6138],[5.0441],[5.251],[5.329],[5.46],[5.709],[5.9793],[6.1552],[6.2517],[6.3552],[6.4966],[6.511],[6.2483],[5.7372],[5.2372],[5.0214],[5.1703],[5.4979],[5.6848],[5.4634],[4.751],[0.9048],[1.7497],[2.8752],[4.0028],[4.8366],[5.1848],[4.9559],[4.2359],[3.2524],[2.4166],[2.071],[2.3131],[2.9676],[3.7248],[4.4386],[5.0917],[5.6697],[6.0131],[5.9621],[5.5503],[5.0986],[4.9655],[5.369],[6.1786],[7],[7.3379],[6.8317],[1.6676],[3.1834],[4.749],[5.9414],[6.4172],[6.049],[4.9848],[3.551],[2.1021],[1.0214],[0.5662],[0.7628],[1.3731],[2.0572],[2.6152],[3.0393],[3.38],[3.6372],[3.7655],[3.7593],[3.7897],[4.0379],[4.6007],[5.4759],[6.4566],[7.1579],[7.1434],[3.3862],[5],[6.2959],[6.8586],[6.5131],[5.4166],[4.0103],[2.7276],[1.7972],[1.2145],[0.9345],[0.8986],[1.0069],[1.1034],[1.0621],[0.9097],[0.7966],[0.8972],[1.3469],[2.12],[3.0572],[3.871],[4.349],[4.5186],[4.6338],[4.849],[5.0262],[4.4772],[5.3428],[5.6497],[5.2538],[4.2041],[2.8759],[1.7903],[1.2814],[1.2372],[1.2393],[0.9821],[0.5034],[0.0234],[-0.3083],[-0.5331],[-0.7262],[-0.8159],[-0.5614],[0.2883],[1.7662],[3.4979],[4.7786],[4.9986],[4.1262],[2.8207],[1.9145],[1.8034],[3.3372],[3.1193],[2.4186],[1.4345],[0.3607],[-0.5269],[-0.9283],[-0.7324],[-0.28],[-0.1379],[-0.6007],[-1.4248],[-2.0752],[-2.2055],[-1.8938],[-1.4241],[-0.9572],[-0.4083],[0.5262],[1.9972],[3.729],[4.9959],[5.0262],[3.6455],[1.5352],[-0.1586],[-0.6903],[-0.4759],[-1.2669],[-2.2317],[-2.9669],[-3.3731],[-3.5069],[-3.3683],[-2.9959],[-2.6103],[-2.5883],[-3.0586],[-3.689],[-3.9345],[-3.4876],[-2.4986],[-1.3503],[-0.3869],[0.2655],[0.7738],[1.3924],[2.2352],[2.9841],[3.0476],[2.1166],[0.4655],[-1.0917],[-1.8283],[-5.9014],[-6.4786],[-6.869],[-6.7931],[-6.3766],[-5.9828],[-5.7697],[-5.66],[-5.5434],[-5.4497],[-5.4166],[-5.3083],[-4.8924],[-4.0669],[-2.9269],[-1.6966],[-0.6759],[-0.1352],[-0.1441],[-0.4517],[-0.6372],[-0.4938],[-0.2014],[-0.1676],[-0.6241],[-1.4241],[-2.1379],[-10.7697],[-10.8234],[-10.5228],[-9.8069],[-9.0048],[-8.5738],[-8.6317],[-8.8897],[-8.9248],[-8.569],[-7.8655],[-7.0076],[-6.1372],[-5.3324],[-4.5166],[-3.5959],[-2.7055],[-2.1752],[-2.2607],[-2.8034],[-3.2986],[-3.3062],[-2.7545],[-1.9779],[-1.4483],[-1.4979],[-2.0186]]},{"header":{"disciplineName":["Meteorological products"],"parameterCategory":[2],"parameterCategoryName":["v-component of wind"],"parameterNumberName":["v-component of wind"],"parameterNumber":[3],"parameterUnits":["m s-1"],"refTime":["2017-03-17T0000:00.000Z"],"numberPoints":[621],"nx":[27],"ny":[23],"lo1":[-20],"la1":[70],"lo2":[45],"la2":[45],"dx":[2.5],"dy":[2.5]},"data":[[-0.7566],[-0.5952],[-0.3821],[-0.1372],[0.1359],[0.4269],[0.7331],[1.0531],[1.3821],[1.6738],[1.9359],[2.1428],[2.2724],[2.3234],[2.2807],[2.1441],[1.92],[1.611],[1.2359],[0.7903],[0.3255],[-0.1476],[-0.5841],[-0.9579],[-1.2338],[-1.4028],[-1.4703],[0.3186],[0.4152],[0.5048],[0.5979],[0.7159],[0.8883],[1.1152],[1.411],[1.7352],[2.06],[2.3434],[2.5503],[2.6566],[2.6434],[2.5097],[2.2628],[1.9469],[1.5641],[1.1283],[0.671],[0.2041],[-0.2483],[-0.6614],[-1.0028],[-1.2566],[-1.4117],[-1.4731],[1.4483],[1.469],[1.4455],[1.4166],[1.4041],[1.4579],[1.5972],[1.8241],[2.0924],[2.371],[2.5897],[2.6945],[2.6462],[2.4552],[2.1283],[1.7138],[1.2628],[0.8172],[0.3979],[0.0379],[-0.2669],[-0.5159],[-0.711],[-0.8503],[-0.9386],[-0.991],[-1.0007],[2.1779],[2.2014],[2.1662],[2.1007],[2.0497],[2.04],[2.1048],[2.2503],[2.4393],[2.611],[2.7117],[2.68],[2.4828],[2.1297],[1.6476],[1.1041],[0.5683],[0.0876],[-0.2738],[-0.5241],[-0.6428],[-0.6586],[-0.6179],[-0.5448],[-0.4697],[-0.3938],[-0.3283],[2.3621],[2.4455],[2.4869],[2.4848],[2.4497],[2.4117],[2.4117],[2.4614],[2.5352],[2.5938],[2.5766],[2.4448],[2.1855],[1.8034],[1.3331],[0.8179],[0.3145],[-0.1324],[-0.4683],[-0.6738],[-0.7324],[-0.6828],[-0.5724],[-0.4324],[-0.3014],[-0.1655],[-0.0379],[2.1352],[2.2717],[2.3752],[2.3986],[2.3572],[2.2897],[2.2379],[2.2283],[2.24],[2.2145],[2.1097],[1.9124],[1.631],[1.2979],[0.9503],[0.5938],[0.2317],[-0.109],[-0.4041],[-0.62],[-0.7172],[-0.7097],[-0.6462],[-0.5517],[-0.4448],[-0.2993],[-0.0779],[1.6986],[1.7979],[1.8462],[1.8138],[1.729],[1.6579],[1.6607],[1.7379],[1.8248],[1.82],[1.6766],[1.3772],[0.9986],[0.6221],[0.3228],[0.0862],[-0.1248],[-0.3428],[-0.5469],[-0.6986],[-0.7531],[-0.7138],[-0.6166],[-0.511],[-0.3786],[-0.1655],[0.1793],[1.14],[1.0862],[1.0124],[0.9131],[0.8524],[0.9048],[1.0945],[1.3834],[1.6579],[1.7786],[1.6393],[1.2359],[0.68],[0.1324],[-0.2883],[-0.5559],[-0.7248],[-0.8566],[-0.9593],[-0.9766],[-0.8662],[-0.6366],[-0.3593],[-0.0979],[0.1483],[0.4676],[0.9179],[0.3993],[0.169],[0.0186],[0.0028],[0.1497],[0.4269],[0.8021],[1.2138],[1.5931],[1.7848],[1.6986],[1.2924],[0.6628],[-0.0076],[-0.5497],[-0.8979],[-1.1069],[-1.249],[-1.3269],[-1.2717],[-1.0207],[-0.589],[-0.109],[0.331],[0.7048],[1.0897],[1.5545],[-0.5421],[-0.9283],[-1.0234],[-0.7662],[-0.2738],[0.2545],[0.6697],[0.9441],[1.1207],[1.2303],[1.2097],[0.9703],[0.5262],[-0.0014],[-0.4593],[-0.7945],[-1.0317],[-1.2379],[-1.4007],[-1.4069],[-1.1538],[-0.6662],[-0.0779],[0.4738],[0.9345],[1.3538],[1.7697],[-1.5772],[-2.0331],[-2.0069],[-1.4262],[-0.5407],[0.2345],[0.6159],[0.5917],[0.4041],[0.2841],[0.2772],[0.26],[0.0993],[-0.1566],[-0.4317],[-0.6352],[-0.8248],[-1.069],[-1.3117],[-1.4048],[-1.2172],[-0.7441],[-0.1186],[0.52],[1.1166],[1.6621],[2.1062],[-2.4648],[-2.9317],[-2.8214],[-1.9703],[-0.6779],[0.4876],[1.0248],[0.8807],[0.4152],[0.0193],[-0.1414],[-0.1979],[-0.3455],[-0.5938],[-0.8469],[-1.0207],[-1.1379],[-1.2966],[-1.4655],[-1.5103],[-1.2876],[-0.789],[-0.1221],[0.6317],[1.4379],[2.2662],[2.9634],[-3.0621],[-3.4814],[-3.3159],[-2.2545],[-0.5007],[1.2331],[2.2483],[2.3014],[1.7207],[1.0041],[0.4469],[-0.049],[-0.6221],[-1.2766],[-1.8234],[-2.1234],[-2.2097],[-2.2138],[-2.1759],[-2.0076],[-1.6228],[-1.0179],[-0.2924],[0.5152],[1.46],[2.5379],[3.5579],[-3.4621],[-3.7717],[-3.489],[-2.1448],[0.0966],[2.4497],[3.971],[4.2359],[3.4993],[2.3883],[1.311],[0.2683],[-0.8476],[-1.9883],[-2.9103],[-3.4],[-3.5069],[-3.4007],[-3.2048],[-2.8538],[-2.2855],[-1.5221],[-0.6924],[0.0952],[0.9034],[1.82],[2.8041],[-3.7324],[-3.7966],[-3.2193],[-1.569],[1.0083],[3.6276],[5.2455],[5.3455],[4.2834],[2.8221],[1.4855],[0.2841],[-0.9821],[-2.2903],[-3.3648],[-3.9759],[-4.1614],[-4.1434],[-4.0614],[-3.7724],[-3.089],[-1.9979],[-0.8103],[0.0986],[0.54],[0.6966],[0.9124],[-3.5379],[-3.1938],[-2.2752],[-0.5048],[1.9283],[4.1738],[5.2772],[4.8917],[3.5379],[2.0834],[1.0248],[0.22],[-0.7269],[-1.8841],[-2.9586],[-3.6469],[-4.0028],[-4.2966],[-4.5855],[-4.5834],[-3.8179],[-2.189],[-0.2124],[1.1945],[1.3255],[0.3241],[-0.8772],[-2.4124],[-1.6083],[-0.5724],[0.8448],[2.4897],[3.7848],[4.0807],[3.2986],[2.0614],[1.1317],[0.7469],[0.5],[-0.1386],[-1.2497],[-2.4103],[-3.2524],[-3.811],[-4.4097],[-5.0586],[-5.2793],[-4.3862],[-2.1476],[0.7234],[2.8014],[2.8317],[0.7903],[-1.8862],[-0.4972],[0.5124],[1.2455],[1.8379],[2.3676],[2.6379],[2.3669],[1.6503],[0.9821],[0.8117],[1.0014],[0.9628],[0.1959],[-1.1876],[-2.5986],[-3.5945],[-4.2372],[-4.8448],[-5.4448],[-5.5255],[-4.4021],[-1.88],[1.2869],[3.5628],[3.529],[1.0124],[-2.4448],[1.2455],[1.9621],[2.0621],[1.8393],[1.5897],[1.3614],[1.0697],[0.7959],[0.7869],[1.111],[1.4255],[1.1366],[-0.0207],[-1.7138],[-3.28],[-4.2793],[-4.7862],[-5.0759],[-5.1428],[-4.6455],[-3.2503],[-1.0434],[1.3552],[2.909],[2.6386],[0.3434],[-2.829],[1.8855],[1.8766],[1.3993],[0.8924],[0.6483],[0.6331],[0.711],[0.851],[1.1179],[1.4462],[1.511],[0.9414],[-0.3269],[-1.9345],[-3.3145],[-4.1448],[-4.4476],[-4.3345],[-3.7469],[-2.5903],[-1.0697],[0.3372],[1.2062],[1.3855],[0.7897],[-0.6876],[-2.7641],[1.3903],[0.6759],[0.0048],[-0.1938],[0.1131],[0.5972],[0.9566],[1.131],[1.2062],[1.2062],[1.0434],[0.5517],[-0.3021],[-1.3497],[-2.2952],[-2.9117],[-3.1172],[-2.8483],[-1.9931],[-0.631],[0.6621],[1.1297],[0.5586],[-0.4372],[-1.1455],[-1.5724],[-2.3145],[0.5028],[-0.4628],[-0.9628],[-0.7331],[-0.0428],[0.591],[0.8503],[0.749],[0.4738],[0.1903],[-0.0069],[-0.14],[-0.3593],[-0.7793],[-1.3207],[-1.7897],[-2.0103],[-1.8662],[-1.2807],[-0.3669],[0.3407],[0.1352],[-1.0738],[-2.4497],[-2.9448],[-2.5497],[-2.3234],[-0.2145],[-0.9207],[-1.1572],[-0.8738],[-0.4145],[-0.1476],[-0.2069],[-0.4986],[-0.8945],[-1.24],[-1.3931],[-1.3083],[-1.1807],[-1.2738],[-1.6324],[-2.0172],[-2.2497],[-2.3048],[-2.2159],[-1.9731],[-1.8048],[-2.1241],[-3.071],[-4.0883],[-4.3572],[-3.771],[-3.251]]}]