html/data/WT_pct09_ind_wt_8_3.json
[{"header":{"disciplineName":["Meteorological products"],"parameterCategory":[0],"parameterCategoryName":["Temperature"],"parameterNumberName":["Temperature"],"parameterNumber":[0],"parameterUnits":["K"],"refTime":["2017-03-17T0000:00.000Z"],"numberPoints":[621],"nx":[27],"ny":[23],"lo1":[-20],"la1":[70],"lo2":[45],"la2":[45],"dx":[2.5],"dy":[2.5]},"data":[[0.9718],[1.2446],[1.4847],[1.6677],[1.8262],[1.9412],[2.0405],[2.131],[2.2303],[2.3323],[2.4384],[2.5446],[2.648],[2.7255],[2.7752],[2.7983],[2.7847],[2.7514],[2.6949],[2.6446],[2.5969],[2.5629],[2.5439],[2.5323],[2.5303],[2.5221],[2.5071],[1.9548],[2.1405],[2.2867],[2.4071],[2.5105],[2.616],[2.7296],[2.8622],[3.0085],[3.1745],[3.3486],[3.5044],[3.6384],[3.7323],[3.7765],[3.7711],[3.7282],[3.6568],[3.5731],[3.5078],[3.4588],[3.4344],[3.4357],[3.4643],[3.4963],[3.533],[3.55],[3.0446],[3.118],[3.1697],[3.2187],[3.2847],[3.3786],[3.5044],[3.665],[3.8534],[4.0486],[4.2446],[4.4105],[4.5575],[4.6602],[4.7235],[4.7466],[4.7357],[4.7105],[4.6847],[4.6656],[4.6772],[4.7112],[4.7602],[4.8133],[4.865],[4.8888],[4.8854],[3.9609],[3.9432],[3.933],[3.9554],[4.0133],[4.1364],[4.3065],[4.5105],[4.733],[4.9677],[5.1793],[5.3895],[5.5738],[5.7337],[5.8609],[5.9629],[6.0282],[6.0724],[6.1133],[6.1561],[6.2044],[6.2609],[6.3282],[6.3833],[6.4221],[6.4228],[6.3867],[4.5398],[4.5031],[4.4752],[4.5092],[4.6092],[4.7786],[5.0085],[5.2622],[5.5425],[5.8092],[6.0704],[6.3289],[6.5759],[6.8092],[7.0133],[7.1656],[7.2724],[7.3255],[7.3398],[7.3425],[7.35],[7.382],[7.435],[7.5112],[7.5867],[7.6432],[7.6697],[5.1139],[5.1065],[5.1085],[5.1514],[5.2616],[5.4486],[5.6867],[5.9588],[6.2418],[6.5187],[6.7935],[7.069],[7.3486],[7.6235],[7.8439],[8.0092],[8.0963],[8.1003],[8.065],[8.0112],[7.9799],[8.0024],[8.0861],[8.2187],[8.3745],[8.5446],[8.684],[6.0888],[6.1173],[6.1058],[6.1105],[6.1677],[6.3105],[6.5017],[6.7405],[6.9786],[7.2201],[7.4684],[7.7296],[7.9969],[8.2548],[8.4752],[8.6446],[8.7391],[8.7854],[8.7942],[8.8112],[8.8595],[8.9534],[9.118],[9.3187],[9.5248],[9.7092],[9.8391],[7.3949],[7.3738],[7.3024],[7.2357],[7.2262],[7.3099],[7.4684],[7.6827],[7.9146],[8.1575],[8.416],[8.6704],[8.933],[9.1704],[9.382],[9.5561],[9.7214],[9.8765],[10.0248],[10.1724],[10.3323],[10.5214],[10.7493],[10.999],[11.2044],[11.3391],[11.3772],[8.6105],[8.5105],[8.3949],[8.3119],[8.3126],[8.4153],[8.6051],[8.867],[9.1813],[9.5248],[9.8752],[10.2207],[10.5044],[10.7153],[10.8514],[10.9527],[11.0663],[11.2078],[11.3412],[11.4575],[11.5575],[11.7092],[11.9554],[12.2772],[12.5847],[12.801],[12.9276],[9.6153],[9.5126],[9.4779],[9.5167],[9.6452],[9.85],[10.1405],[10.4935],[10.9221],[11.382],[11.8554],[12.2799],[12.5915],[12.7214],[12.6786],[12.5473],[12.4139],[12.3173],[12.2099],[12.0575],[11.9221],[11.9303],[12.2235],[12.752],[13.3405],[13.8276],[14.1765],[10.6541],[10.6861],[10.8412],[11.0956],[11.4105],[11.7745],[12.1983],[12.669],[13.1493],[13.6221],[14.0752],[14.4554],[14.7105],[14.718],[14.4697],[14.0772],[13.6854],[13.3759],[13.099],[12.801],[12.5616],[12.5976],[13.0997],[13.9731],[14.8799],[15.4956],[15.7711],[11.8153],[12.0031],[12.3371],[12.7493],[13.2364],[13.8153],[14.4759],[15.1357],[15.6643],[16.0126],[16.2357],[16.4044],[16.4976],[16.4051],[16.0398],[15.5276],[15.1024],[14.9105],[14.8854],[14.8874],[14.9384],[15.3221],[16.2446],[17.5534],[18.7065],[19.1758],[18.9078],[12.8616],[13.1119],[13.4663],[13.9432],[14.6133],[15.5235],[16.6207],[17.6344],[18.2901],[18.4765],[18.3527],[18.184],[18.0704],[17.8724],[17.4425],[16.8929],[16.5622],[16.701],[17.1942],[17.7677],[18.3337],[19.1575],[20.5378],[22.3031],[23.801],[24.3207],[23.7228],[13.6405],[13.8629],[14.2126],[14.8119],[15.7949],[17.2099],[18.8452],[20.2888],[21.0942],[21.1282],[20.6507],[20.1296],[19.748],[19.3677],[18.7629],[18.048],[17.648],[17.8929],[18.6609],[19.5357],[20.3276],[21.3344],[22.9588],[25.1418],[27.2201],[28.4398],[28.5323],[14.416],[14.7289],[15.2595],[16.2058],[17.6827],[19.5901],[21.6078],[23.2337],[24.0139],[23.8534],[23.1085],[22.2745],[21.5935],[20.9126],[20.0099],[18.9874],[18.2963],[18.301],[18.8466],[19.499],[20.0908],[20.9942],[22.6752],[25.1194],[27.716],[29.8139],[31.2378],[15.6582],[16.2582],[17.1874],[18.6337],[20.5486],[22.6779],[24.6241],[25.9745],[26.4527],[26.0908],[25.2024],[24.2119],[23.284],[22.3058],[21.1364],[19.9303],[19.0752],[18.7854],[18.9037],[19.101],[19.4194],[20.3194],[22.1881],[24.7534],[27.318],[29.4418],[31.3248],[17.5439],[18.5126],[19.7969],[21.5167],[23.5119],[25.4207],[26.8663],[27.6378],[27.7357],[27.3146],[26.565],[25.6337],[24.567],[23.3677],[22.1255],[21.0432],[20.3534],[20.0303],[19.8636],[19.7643],[20.0622],[21.3337],[23.7031],[26.4602],[28.552],[29.6262],[30.3915],[19.8493],[21.0323],[22.3541],[23.8806],[25.4738],[26.8201],[27.6758],[27.9963],[27.9527],[27.7418],[27.3779],[26.6895],[25.6146],[24.2881],[23.0616],[22.2371],[21.8364],[21.6418],[21.3956],[21.2153],[21.6527],[23.3303],[26.1942],[29.2344],[31.0704],[31.1765],[30.3867],[21.9248],[23.1241],[24.1915],[25.1602],[26.0922],[26.8956],[27.4139],[27.6425],[27.7534],[27.9092],[27.9656],[27.5874],[26.601],[25.2684],[24.0963],[23.4133],[23.1541],[23.0078],[22.7833],[22.6337],[23.0595],[24.5922],[27.2765],[30.2942],[32.3752],[32.7112],[31.633],[22.9881],[24.0745],[24.8289],[25.2867],[25.6956],[26.1765],[26.6568],[27.0228],[27.352],[27.7316],[28.0418],[27.9269],[27.2092],[26.1486],[25.2044],[24.6228],[24.35],[24.2024],[24.099],[24.1003],[24.3425],[25.1071],[26.6684],[28.9228],[31.2085],[32.6058],[32.6616],[22.6071],[23.5078],[24.0398],[24.2738],[24.4895],[24.8983],[25.4126],[25.8432],[26.1833],[26.5514],[26.9194],[27.0629],[26.8534],[26.4201],[25.9915],[25.6779],[25.4466],[25.35],[25.4874],[25.7357],[25.833],[25.7568],[25.9289],[26.9139],[28.7718],[30.7684],[31.9473],[21.1241],[21.7221],[22.1105],[22.3323],[22.6017],[23.0248],[23.4799],[23.7935],[23.9874],[24.2337],[24.6085],[25.0214],[25.3874],[25.6697],[25.8493],[25.852],[25.752],[25.7731],[26.0588],[26.4146],[26.4282],[25.9799],[25.5126],[25.6738],[26.7629],[28.3235],[29.4847],[19.3799],[19.6296],[19.833],[20.084],[20.4514],[20.869],[21.2003],[21.3779],[21.4772],[21.6588],[22.0214],[22.5772],[23.2738],[23.9704],[24.4201],[24.5378],[24.5031],[24.6044],[24.8439],[24.9507],[24.718],[24.3582],[24.2895],[24.7078],[25.4663],[26.1888],[26.5398]]},{"header":{"disciplineName":["Meteorological products"],"parameterCategory":[2],"parameterCategoryName":["u-component of wind"],"parameterNumberName":["u-component of wind"],"parameterNumber":[2],"parameterUnits":["m s-1"],"refTime":["2017-03-17T0000:00.000Z"],"numberPoints":[621],"nx":[27],"ny":[23],"lo1":[-20],"la1":[70],"lo2":[45],"la2":[45],"dx":[2.5],"dy":[2.5]},"data":[[0.7327],[0.8429],[0.9238],[1.0014],[1.1075],[1.2707],[1.5068],[1.8354],[2.2286],[2.6483],[3.0653],[3.4184],[3.6837],[3.8395],[3.902],[3.9007],[3.8782],[3.8544],[3.8639],[3.9082],[3.983],[4.0701],[4.132],[4.1619],[4.1333],[4.0653],[3.9633],[0.851],[1.0245],[1.1347],[1.2061],[1.2837],[1.4122],[1.6469],[1.9932],[2.4272],[2.9224],[3.3959],[3.8],[4.0796],[4.2197],[4.2333],[4.1653],[4.0687],[3.9905],[3.9694],[4.0327],[4.1531],[4.3048],[4.4571],[4.5816],[4.6592],[4.6918],[4.683],[1.8537],[2.0116],[2.1075],[2.1673],[2.2163],[2.3122],[2.483],[2.7408],[3.0898],[3.4844],[3.8728],[4.1986],[4.417],[4.5143],[4.5014],[4.419],[4.3245],[4.2585],[4.2503],[4.3034],[4.4197],[4.5673],[4.7395],[4.9163],[5.0891],[5.2633],[5.3952],[3.5347],[3.5626],[3.5925],[3.6279],[3.6714],[3.7027],[3.7429],[3.8],[3.8748],[3.9646],[4.066],[4.1633],[4.2449],[4.3048],[4.3537],[4.4109],[4.4803],[4.568],[4.6667],[4.7626],[4.8469],[4.9231],[5.0177],[5.1361],[5.2993],[5.5143],[5.7463],[5.6136],[5.4605],[5.3925],[5.3816],[5.3701],[5.3054],[5.1687],[4.9429],[4.6789],[4.4136],[4.1912],[4.0476],[3.9721],[3.9952],[4.117],[4.3048],[4.5619],[4.8299],[5.0524],[5.2034],[5.2619],[5.2551],[5.2245],[5.2293],[5.2932],[5.4299],[5.6027],[7.6667],[7.3735],[7.1837],[7.0435],[6.902],[6.6748],[6.3456],[5.9245],[5.4823],[5.0878],[4.7728],[4.5524],[4.419],[4.3673],[4.3973],[4.5218],[4.7095],[4.9367],[5.1333],[5.2592],[5.2986],[5.2714],[5.2279],[5.1993],[5.2102],[5.2503],[5.2952],[9.085],[8.6986],[8.3571],[8.0265],[7.6816],[7.2823],[6.8442],[6.4197],[6.0837],[5.8796],[5.7905],[5.7449],[5.6571],[5.4946],[5.2776],[5.0639],[4.9034],[4.8224],[4.7925],[4.7898],[4.7653],[4.7619],[4.7918],[4.8565],[4.9415],[5.0136],[5.0422],[9.3068],[8.8585],[8.4027],[7.9422],[7.4993],[7.0605],[6.685],[6.4197],[6.3279],[6.4014],[6.5735],[6.7129],[6.6891],[6.4347],[5.9823],[5.4449],[4.9503],[4.5619],[4.2803],[4.0803],[3.9333],[3.8741],[3.9211],[4.0639],[4.2721],[4.4735],[4.6381],[8.4014],[7.9469],[7.4871],[7.066],[6.7102],[6.4551],[6.302],[6.2442],[6.2782],[6.3789],[6.5034],[6.5605],[6.4721],[6.1755],[5.7122],[5.1599],[4.6544],[4.234],[3.8912],[3.5762],[3.2925],[3.0687],[2.9946],[3.0925],[3.3537],[3.6857],[4.0395],[7.117],[6.7381],[6.3388],[5.9918],[5.7966],[5.8061],[5.949],[6.0918],[6.1259],[5.9959],[5.7673],[5.4993],[5.2333],[4.9571],[4.6565],[4.3388],[4.0517],[3.7946],[3.5408],[3.2571],[2.9197],[2.5973],[2.3918],[2.4014],[2.6245],[3.0184],[3.502],[6.0667],[5.7776],[5.3592],[4.951],[4.7925],[5.0027],[5.4694],[5.9245],[6.0973],[5.8925],[5.4224],[4.9068],[4.4857],[4.1986],[3.9735],[3.7361],[3.4565],[3.1755],[2.915],[2.6755],[2.4381],[2.2048],[2.0279],[1.9782],[2.1224],[2.4605],[2.9599],[4.9646],[4.7299],[4.2667],[3.8163],[3.7177],[4.1687],[5.0354],[5.9735],[6.5878],[6.7034],[6.3878],[5.8925],[5.3898],[4.9449],[4.4707],[3.9122],[3.2585],[2.6136],[2.1122],[1.8163],[1.7116],[1.685],[1.6422],[1.5653],[1.517],[1.6061],[1.9415],[3.2728],[3.1571],[2.9741],[2.9265],[3.2796],[4.1429],[5.3891],[6.6653],[7.6381],[8.117],[8.1224],[7.7571],[7.1701],[6.432],[5.568],[4.5925],[3.5483],[2.5626],[1.7891],[1.3612],[1.2884],[1.4068],[1.5204],[1.4456],[1.1639],[0.8429],[0.7265],[1.4497],[1.7476],[2.3245],[3.185],[4.2796],[5.4796],[6.6102],[7.5116],[8.1082],[8.432],[8.4878],[8.2218],[7.6163],[6.7476],[5.7769],[4.8565],[4.0014],[3.2],[2.4701],[1.9497],[1.7735],[1.949],[2.2762],[2.4401],[2.1959],[1.5361],[0.7429],[0.8599],[1.7789],[3.151],[4.7231],[6.1143],[6.9837],[7.1741],[6.8259],[6.2973],[5.9415],[5.834],[5.7483],[5.4374],[4.8864],[4.3612],[4.0973],[4.0551],[3.9673],[3.6279],[3.1429],[2.8531],[3.0694],[3.7599],[4.5163],[4.7605],[4.1272],[2.7265],[1.9143],[3.2048],[4.6898],[5.9565],[6.602],[6.366],[5.2367],[3.598],[2.0741],[1.2007],[1.102],[1.4177],[1.6966],[1.7939],[1.9585],[2.4633],[3.2408],[3.8714],[4.019],[3.7333],[3.498],[3.8129],[4.815],[6.1088],[6.9415],[6.6286],[5.0429],[3.0986],[4.1429],[4.8497],[4.9109],[4.2075],[2.8524],[1.0769],[-0.7585],[-2.215],[-2.919],[-2.785],[-2.1313],[-1.4129],[-0.8374],[-0.2449],[0.5939],[1.6367],[2.5565],[3.0707],[3.2231],[3.3544],[3.8102],[4.698],[5.7803],[6.551],[6.4415],[5.1939],[2.4259],[2.7762],[2.4776],[1.4408],[-0.0891],[-1.6354],[-2.8374],[-3.5925],[-3.9932],[-4.1034],[-3.8823],[-3.4068],[-2.798],[-2.1755],[-1.5129],[-0.7265],[0.1578],[1.0177],[1.8007],[2.5633],[3.319],[3.9034],[4.1367],[4.051],[3.8116],[3.4714],[2.8701],[-0.5272],[-0.8061],[-1.5327],[-2.6755],[-3.9075],[-4.6932],[-4.7075],[-4.1204],[-3.4599],[-3.1422],[-3.1714],[-3.2088],[-2.9878],[-2.4435],[-1.6864],[-0.8619],[-0.0687],[0.7109],[1.6517],[2.8735],[4.1102],[4.7054],[4.1259],[2.5912],[0.9932],[0.1497],[0.1483],[-4.6231],[-5.1156],[-5.5959],[-6.0034],[-6.2517],[-6.1333],[-5.4469],[-4.3497],[-3.3531],[-2.9361],[-3.0592],[-3.2483],[-3.0218],[-2.2728],[-1.1912],[-0.0667],[0.8939],[1.6864],[2.5184],[3.6041],[4.7197],[5.0993],[4.0646],[1.7986],[-0.5245],[-1.6626],[-1.3748],[-8.4014],[-8.8857],[-8.9871],[-8.6116],[-8.0558],[-7.5347],[-6.9857],[-6.2912],[-5.5796],[-5.1082],[-4.8551],[-4.502],[-3.7707],[-2.6687],[-1.3639],[-0.0483],[1.0993],[1.9122],[2.4095],[2.8265],[3.2374],[3.2728],[2.3707],[0.5293],[-1.4224],[-2.4116],[-2.1456],[-10.6857],[-11.1939],[-11.2442],[-10.6442],[-9.8361],[-9.3707],[-9.302],[-9.2837],[-9.0361],[-8.5524],[-7.849],[-6.917],[-5.8068],[-4.7007],[-3.6544],[-2.5497],[-1.402],[-0.5197],[-0.2109],[-0.3667],[-0.5891],[-0.7122],[-0.9905],[-1.6476],[-2.4864],[-2.9925],[-2.8932],[-10.3918],[-10.9912],[-11.2864],[-10.9354],[-10.3245],[-10.0871],[-10.3599],[-10.7755],[-10.9653],[-10.8156],[-10.3156],[-9.5327],[-8.6837],[-8.0116],[-7.4776],[-6.7483],[-5.6646],[-4.6163],[-4.1231],[-4.2259],[-4.4469],[-4.3218],[-3.8435],[-3.3245],[-3.0408],[-2.9456],[-2.8327]]},{"header":{"disciplineName":["Meteorological products"],"parameterCategory":[2],"parameterCategoryName":["v-component of wind"],"parameterNumberName":["v-component of wind"],"parameterNumber":[3],"parameterUnits":["m s-1"],"refTime":["2017-03-17T0000:00.000Z"],"numberPoints":[621],"nx":[27],"ny":[23],"lo1":[-20],"la1":[70],"lo2":[45],"la2":[45],"dx":[2.5],"dy":[2.5]},"data":[[0.2701],[0.4401],[0.6442],[0.8823],[1.1238],[1.3741],[1.5823],[1.7279],[1.7823],[1.732],[1.5857],[1.3592],[1.0891],[0.8109],[0.5565],[0.334],[0.1456],[-0.0238],[-0.1925],[-0.3816],[-0.5939],[-0.815],[-1.015],[-1.1626],[-1.2197],[-1.1585],[-0.9871],[0.8361],[0.9544],[1.0939],[1.2959],[1.5551],[1.851],[2.1381],[2.3578],[2.468],[2.4231],[2.2259],[1.8939],[1.4878],[1.0782],[0.7041],[0.4082],[0.1857],[0.0299],[-0.1034],[-0.2503],[-0.4068],[-0.5912],[-0.7673],[-0.915],[-0.9905],[-0.981],[-0.8871],[1.281],[1.2993],[1.381],[1.5469],[1.8279],[2.183],[2.5422],[2.8401],[2.9918],[2.9456],[2.6966],[2.2823],[1.7714],[1.2442],[0.7714],[0.3939],[0.1231],[-0.0503],[-0.1687],[-0.2361],[-0.2905],[-0.3306],[-0.3599],[-0.3776],[-0.3844],[-0.3973],[-0.4306],[1.2245],[1.2354],[1.3612],[1.617],[1.9707],[2.3755],[2.7646],[3.0517],[3.1714],[3.1075],[2.8537],[2.4646],[1.9918],[1.5143],[1.0585],[0.6694],[0.3367],[0.0769],[-0.1048],[-0.2048],[-0.2054],[-0.1048],[0.0592],[0.2374],[0.3483],[0.3483],[0.1748],[0.7633],[0.9102],[1.2109],[1.6231],[2.0626],[2.4449],[2.7184],[2.8463],[2.8327],[2.7163],[2.5095],[2.2741],[2.0252],[1.7735],[1.5034],[1.2],[0.8524],[0.4789],[0.1388],[-0.0816],[-0.1293],[0.0116],[0.2871],[0.5912],[0.7891],[0.7728],[0.5],[0.2878],[0.5626],[1.0014],[1.4918],[1.9007],[2.149],[2.2245],[2.1605],[2.0231],[1.8728],[1.7735],[1.7259],[1.7252],[1.7259],[1.668],[1.4837],[1.1728],[0.7537],[0.3442],[0.0497],[-0.0367],[0.0966],[0.3857],[0.6871],[0.8517],[0.7803],[0.4558],[-0.132],[0.0803],[0.4728],[0.8871],[1.1891],[1.3327],[1.3333],[1.2605],[1.1959],[1.1626],[1.1939],[1.2524],[1.3156],[1.3422],[1.2973],[1.1497],[0.8789],[0.551],[0.2347],[0.0578],[0.0755],[0.2762],[0.568],[0.7939],[0.8558],[0.7211],[0.4102],[-0.7497],[-0.7054],[-0.4633],[-0.1456],[0.1476],[0.3782],[0.5626],[0.7456],[0.934],[1.117],[1.2286],[1.2204],[1.0925],[0.8905],[0.6503],[0.3952],[0.1544],[-0.0503],[-0.1755],[-0.1401],[0.0735],[0.4109],[0.7626],[0.9912],[1.0238],[0.8735],[0.6374],[-1.5531],[-1.6231],[-1.4327],[-1.0422],[-0.5612],[-0.049],[0.4408],[0.8721],[1.2231],[1.4435],[1.4694],[1.2891],[0.9245],[0.4884],[0.0721],[-0.2469],[-0.4605],[-0.5857],[-0.5973],[-0.4762],[-0.1714],[0.2735],[0.7551],[1.1272],[1.2925],[1.2354],[1.0619],[-2.1918],[-2.2673],[-2.0007],[-1.3993],[-0.5912],[0.2374],[0.8966],[1.283],[1.4061],[1.3211],[1.0932],[0.7653],[0.3755],[-0.019],[-0.3367],[-0.5619],[-0.6837],[-0.7524],[-0.7959],[-0.7544],[-0.5259],[-0.0646],[0.583],[1.2388],[1.7041],[1.8571],[1.7095],[-2.5041],[-2.6347],[-2.3449],[-1.5476],[-0.3857],[0.751],[1.4782],[1.6082],[1.2279],[0.6231],[0.0612],[-0.3218],[-0.5456],[-0.7034],[-0.8395],[-0.9245],[-0.9429],[-0.9211],[-0.9068],[-0.8776],[-0.715],[-0.2714],[0.4973],[1.4578],[2.3245],[2.7993],[2.7558],[-2.6531],[-3.0204],[-2.8612],[-1.9218],[-0.3687],[1.2095],[2.1537],[2.1299],[1.2959],[0.1884],[-0.6925],[-1.1639],[-1.3401],[-1.4837],[-1.7197],[-1.9578],[-2.0027],[-1.7803],[-1.4082],[-1.0456],[-0.7224],[-0.283],[0.4633],[1.5374],[2.7075],[3.6034],[3.9245],[-2.7966],[-3.3755],[-3.3034],[-2.1449],[-0.1075],[2.0279],[3.3279],[3.3156],[2.198],[0.6592],[-0.6088],[-1.3531],[-1.8007],[-2.3279],[-3.0741],[-3.7701],[-3.9789],[-3.4959],[-2.5184],[-1.5136],[-0.7966],[-0.3163],[0.2218],[1.0639],[2.2163],[3.4231],[4.2946],[-2.7265],[-3.2],[-2.8932],[-1.3782],[1.0653],[3.5],[4.9],[4.7524],[3.3293],[1.4136],[-0.2531],[-1.3796],[-2.2422],[-3.2401],[-4.4776],[-5.5823],[-5.9537],[-5.2714],[-3.815],[-2.2163],[-1.0231],[-0.3646],[-0.0034],[0.4061],[1.1014],[2.119],[3.2483],[-2.1415],[-2.1327],[-1.3367],[0.4626],[2.8531],[4.9068],[5.7762],[5.1741],[3.468],[1.3952],[-0.4272],[-1.7769],[-2.8646],[-4.0156],[-5.3088],[-6.4075],[-6.7844],[-6.1558],[-4.6973],[-2.919],[-1.302],[-0.1177],[0.5442],[0.7041],[0.5918],[0.6524],[1.2367],[-1.0293],[-0.466],[0.6673],[2.3224],[4.0014],[5.0075],[4.9218],[3.8408],[2.2238],[0.5469],[-0.9306],[-2.1912],[-3.3075],[-4.3782],[-5.368],[-6.132],[-6.4211],[-6.1027],[-5.1483],[-3.6252],[-1.6503],[0.4707],[2.0667],[2.4231],[1.4068],[-0.1041],[-0.8565],[0.2912],[1.0932],[2.0823],[3.0633],[3.6395],[3.4748],[2.6361],[1.5503],[0.6109],[-0.1231],[-0.9218],[-1.9755],[-3.2088],[-4.3197],[-5.0973],[-5.549],[-5.7748],[-5.8204],[-5.4912],[-4.3592],[-2.1102],[0.9524],[3.6306],[4.3925],[2.6388],[-0.4626],[-2.698],[1.3653],[1.9803],[2.402],[2.5034],[2.1605],[1.3721],[0.4544],[-0.1156],[-0.1347],[0.0565],[-0.181],[-1.1959],[-2.6912],[-4.0429],[-4.8435],[-5.1735],[-5.3735],[-5.5878],[-5.5279],[-4.5925],[-2.2959],[1.0728],[4.1286],[4.9939],[2.8184],[-1.1592],[-4.268],[1.7939],[2.0143],[1.7973],[1.2871],[0.6517],[0.0218],[-0.383],[-0.3361],[0.1673],[0.6755],[0.5422],[-0.5116],[-2.0871],[-3.481],[-4.2565],[-4.5633],[-4.7463],[-4.8748],[-4.6503],[-3.6367],[-1.6088],[1.0721],[3.3408],[3.7789],[1.6701],[-2.0395],[-5.066],[1.468],[1.3537],[0.7687],[0.1231],[-0.2401],[-0.2388],[0.0122],[0.3762],[0.7796],[0.9667],[0.6286],[-0.3293],[-1.5272],[-2.4735],[-2.9769],[-3.2619],[-3.5095],[-3.5408],[-3.002],[-1.8156],[-0.3129],[1.0313],[1.7646],[1.4939],[-0.0041],[-2.3891],[-4.5415],[0.7007],[0.483],[-0.1136],[-0.5735],[-0.5279],[0.0007],[0.6143],[0.9694],[0.9599],[0.6735],[0.1646],[-0.4884],[-1.0721],[-1.4177],[-1.6054],[-1.8993],[-2.3286],[-2.4469],[-1.7932],[-0.5884],[0.3667],[0.3946],[-0.3517],[-1.2041],[-1.8048],[-2.3959],[-3.2769],[0.0272],[-0.1354],[-0.5265],[-0.7694],[-0.5599],[0.0503],[0.6483],[0.851],[0.5816],[0.0864],[-0.4156],[-0.8184],[-1.0721],[-1.1544],[-1.2367],[-1.5864],[-2.1878],[-2.5156],[-2.0483],[-1.0007],[-0.4163],[-1.0898],[-2.6803],[-3.8966],[-3.8633],[-3.0633],[-2.7],[-0.4177],[-0.4912],[-0.6653],[-0.7837],[-0.6646],[-0.3014],[0.0728],[0.1633],[-0.0986],[-0.5272],[-0.9585],[-1.3415],[-1.6803],[-1.8986],[-2.0517],[-2.3667],[-2.9537],[-3.4415],[-3.2571],[-2.4293],[-1.8612],[-2.4905],[-4.1741],[-5.6068],[-5.6163],[-4.4122],[-3.2891]]}]