html/data/WT_pct09_ind_wt_9_1.json
[{"header":{"disciplineName":["Meteorological products"],"parameterCategory":[0],"parameterCategoryName":["Temperature"],"parameterNumberName":["Temperature"],"parameterNumber":[0],"parameterUnits":["K"],"refTime":["2017-03-17T0000:00.000Z"],"numberPoints":[621],"nx":[27],"ny":[23],"lo1":[-20],"la1":[70],"lo2":[45],"la2":[45],"dx":[2.5],"dy":[2.5]},"data":[[-4.0234],[-3.3937],[-2.8297],[-2.3422],[-1.9125],[-1.5266],[-1.1891],[-0.8766],[-0.5891],[-0.3219],[-0.0875],[0.1078],[0.2297],[0.2953],[0.275],[0.2062],[0.0656],[-0.0938],[-0.2594],[-0.4],[-0.5109],[-0.575],[-0.6031],[-0.6109],[-0.6219],[-0.6469],[-0.7063],[-2.2641],[-1.8609],[-1.4984],[-1.1781],[-0.8734],[-0.5719],[-0.2656],[0.0578],[0.3813],[0.6797],[0.9531],[1.1609],[1.2891],[1.3031],[1.2125],[1.0328],[0.7984],[0.525],[0.2703],[0.0609],[-0.0734],[-0.1266],[-0.1188],[-0.0672],[-0.0094],[0.0203],[0.0031],[-0.6],[-0.4484],[-0.2969],[-0.1266],[0.0797],[0.3344],[0.6125],[0.9125],[1.2109],[1.4969],[1.7359],[1.9094],[1.9984],[1.9797],[1.8594],[1.6656],[1.4078],[1.1438],[0.9141],[0.7437],[0.6562],[0.6594],[0.7266],[0.8125],[0.8844],[0.9],[0.8359],[0.725],[0.7141],[0.7875],[0.9031],[1.0969],[1.3344],[1.5703],[1.8266],[2.0594],[2.2594],[2.4266],[2.5547],[2.6063],[2.6047],[2.5266],[2.3859],[2.2094],[2.0203],[1.8625],[1.7625],[1.725],[1.7641],[1.8422],[1.9109],[1.9469],[1.9047],[1.7578],[1.6703],[1.7172],[1.8219],[1.9813],[2.1781],[2.3781],[2.5625],[2.7375],[2.8859],[3.0234],[3.1578],[3.275],[3.3641],[3.3984],[3.3688],[3.2766],[3.1359],[2.9688],[2.8141],[2.6937],[2.6422],[2.65],[2.7094],[2.7875],[2.8344],[2.8125],[2.6891],[2.7687],[2.9094],[3.0672],[3.2172],[3.3453],[3.4531],[3.5469],[3.6516],[3.7625],[3.9062],[4.0469],[4.1875],[4.2937],[4.3313],[4.2828],[4.1469],[3.9625],[3.7391],[3.5406],[3.3828],[3.3203],[3.325],[3.4203],[3.5578],[3.7094],[3.8078],[3.8234],[4.4219],[4.6062],[4.6984],[4.7219],[4.6922],[4.6656],[4.6656],[4.7016],[4.8047],[4.9469],[5.0922],[5.2063],[5.25],[5.2047],[5.0687],[4.8688],[4.6625],[4.4797],[4.3656],[4.3109],[4.3422],[4.4344],[4.6016],[4.8219],[5.0437],[5.2125],[5.2984],[6.4125],[6.5],[6.4672],[6.3469],[6.1953],[6.0672],[5.9797],[5.9766],[6.0484],[6.1453],[6.2172],[6.2422],[6.1656],[5.9859],[5.7797],[5.5859],[5.4766],[5.5078],[5.6312],[5.8],[5.9828],[6.1531],[6.35],[6.5328],[6.7172],[6.8422],[6.8625],[8.1016],[8.075],[8.0141],[7.9219],[7.7797],[7.625],[7.475],[7.4062],[7.3781],[7.4062],[7.4125],[7.3609],[7.2094],[6.9906],[6.7344],[6.5813],[6.6016],[6.7844],[7.0734],[7.3422],[7.5359],[7.6516],[7.7484],[7.8656],[7.9969],[8.0672],[8.0578],[9.2297],[9.2625],[9.3797],[9.4766],[9.4672],[9.3297],[9.1],[8.8844],[8.7516],[8.7141],[8.7219],[8.7203],[8.6406],[8.4453],[8.1969],[7.9844],[7.9313],[8.0516],[8.2484],[8.3813],[8.4047],[8.3844],[8.4641],[8.6656],[8.9141],[9.0703],[9.0969],[10.1078],[10.3562],[10.7563],[11.1109],[11.2312],[11.0688],[10.7437],[10.4],[10.1812],[10.1125],[10.1766],[10.3156],[10.375],[10.2703],[9.9703],[9.6156],[9.3844],[9.3438],[9.4109],[9.4594],[9.4391],[9.4937],[9.8],[10.35],[10.9047],[11.15],[11.0391],[11.0547],[11.5141],[12.1078],[12.5875],[12.7484],[12.5938],[12.2781],[11.9547],[11.7312],[11.6422],[11.7109],[11.8859],[12.0328],[11.9984],[11.6859],[11.2406],[10.9375],[10.9563],[11.2437],[11.575],[11.8719],[12.3078],[13.0859],[14.1453],[15.0375],[15.2688],[14.7219],[12.0031],[12.5063],[13.0688],[13.5063],[13.7281],[13.7484],[13.7172],[13.6578],[13.55],[13.4016],[13.2891],[13.3281],[13.4484],[13.4297],[13.1344],[12.7078],[12.5141],[12.8469],[13.6203],[14.4781],[15.2297],[16.0562],[17.2641],[18.7563],[20.0094],[20.3516],[19.6078],[12.7703],[13.1266],[13.5109],[13.9312],[14.3859],[14.9],[15.4172],[15.7844],[15.8281],[15.5391],[15.1531],[14.9297],[14.9187],[14.8594],[14.5516],[14.1],[13.9719],[14.4812],[15.5172],[16.6141],[17.4953],[18.4031],[19.7484],[21.5469],[23.2406],[24.1375],[24.0109],[13.3547],[13.5297],[13.8422],[14.4781],[15.4563],[16.6453],[17.7563],[18.4562],[18.5453],[18.1125],[17.4875],[17.0406],[16.8609],[16.6797],[16.2469],[15.6484],[15.3188],[15.6078],[16.3813],[17.1672],[17.7578],[18.4937],[19.8875],[21.9359],[24.0609],[25.6391],[26.5672],[13.9859],[14.1625],[14.6719],[15.7688],[17.3484],[19.0781],[20.4688],[21.1984],[21.2281],[20.7391],[20.0859],[19.5625],[19.2266],[18.8531],[18.2266],[17.4266],[16.8406],[16.7031],[16.9297],[17.1797],[17.4625],[18.25],[19.9531],[22.3141],[24.5578],[26.1422],[27.3375],[15.0781],[15.4937],[16.3563],[17.8312],[19.7297],[21.525],[22.7703],[23.2859],[23.2375],[22.8984],[22.4781],[22.0625],[21.5719],[20.9469],[20.1344],[19.2875],[18.6094],[18.2563],[18.0984],[18.0594],[18.3813],[19.5984],[21.9219],[24.6703],[26.6719],[27.3766],[27.4766],[16.9516],[17.7016],[18.7891],[20.2422],[21.8797],[23.2641],[24.1313],[24.4562],[24.5016],[24.5219],[24.4859],[24.2047],[23.55],[22.6328],[21.6781],[20.8828],[20.325],[19.9672],[19.7641],[19.7859],[20.3672],[22.0344],[24.8531],[27.8578],[29.6172],[29.4016],[28.0203],[19.3203],[20.3328],[21.3672],[22.3828],[23.3563],[24.1922],[24.8078],[25.1766],[25.4875],[25.8578],[26.1031],[25.875],[25.05],[23.9125],[22.8563],[22.1141],[21.6156],[21.3188],[21.2406],[21.4797],[22.2516],[23.8984],[26.4781],[29.2906],[31.0297],[30.8],[29.0578],[21.2547],[22.3219],[23.1437],[23.6406],[24.0328],[24.5609],[25.1984],[25.7906],[26.3047],[26.7828],[27.0891],[26.85],[25.9703],[24.8281],[23.8547],[23.1812],[22.6984],[22.3891],[22.4516],[22.9719],[23.7984],[24.9094],[26.4828],[28.4562],[30.1406],[30.6625],[29.8391],[21.8062],[22.7719],[23.4062],[23.6469],[23.8453],[24.375],[25.1516],[25.8484],[26.3078],[26.6516],[26.8719],[26.7281],[26.0984],[25.3109],[24.7219],[24.3234],[23.9125],[23.6141],[23.8031],[24.5562],[25.4],[25.9219],[26.3328],[27.1422],[28.3766],[29.4047],[29.6],[21.0172],[21.7344],[22.2672],[22.5422],[22.8391],[23.4281],[24.1938],[24.7219],[24.9578],[25.1219],[25.3687],[25.4969],[25.3734],[25.1984],[25.1625],[25.1562],[24.9547],[24.7109],[24.9375],[25.6906],[26.4547],[26.6828],[26.5016],[26.5547],[27.1766],[27.9672],[28.2953],[19.675],[20.1078],[20.5531],[20.9312],[21.3391],[21.875],[22.3859],[22.6516],[22.7047],[22.8359],[23.2094],[23.6609],[24.025],[24.3422],[24.6938],[24.9328],[24.9016],[24.775],[24.8844],[25.2984],[25.6906],[25.8047],[25.8047],[26.0156],[26.425],[26.7172],[26.5219]]},{"header":{"disciplineName":["Meteorological products"],"parameterCategory":[2],"parameterCategoryName":["u-component of wind"],"parameterNumberName":["u-component of wind"],"parameterNumber":[2],"parameterUnits":["m s-1"],"refTime":["2017-03-17T0000:00.000Z"],"numberPoints":[621],"nx":[27],"ny":[23],"lo1":[-20],"la1":[70],"lo2":[45],"la2":[45],"dx":[2.5],"dy":[2.5]},"data":[[1.5422],[1.6812],[1.7578],[1.8078],[1.8469],[1.9125],[2.0594],[2.2781],[2.5766],[2.9188],[3.2844],[3.6188],[3.8922],[4.0906],[4.2031],[4.2625],[4.3047],[4.3594],[4.4531],[4.5875],[4.7797],[5.0047],[5.2281],[5.4281],[5.5813],[5.6797],[5.7203],[1.8062],[2.1812],[2.45],[2.6375],[2.7984],[2.9719],[3.2062],[3.5234],[3.9313],[4.3812],[4.8125],[5.1734],[5.4078],[5.4734],[5.4062],[5.25],[5.0703],[4.9172],[4.8484],[4.8719],[4.9891],[5.15],[5.3031],[5.4328],[5.4953],[5.4875],[5.4187],[3.0125],[3.5109],[3.9188],[4.2266],[4.4672],[4.7016],[4.9625],[5.2531],[5.6016],[5.9453],[6.2484],[6.425],[6.4437],[6.2844],[5.9906],[5.6234],[5.275],[5],[4.8656],[4.8594],[4.9531],[5.0922],[5.2344],[5.3203],[5.3375],[5.3016],[5.2094],[4.9797],[5.4344],[5.8641],[6.2391],[6.5484],[6.7812],[6.9313],[7.0312],[7.0703],[7.0687],[7.0031],[6.8625],[6.6281],[6.3016],[5.9453],[5.6062],[5.3453],[5.225],[5.2078],[5.3016],[5.4375],[5.5766],[5.6859],[5.7359],[5.7281],[5.6953],[5.6312],[7.3797],[7.6687],[8.0391],[8.4422],[8.7781],[8.9656],[8.9563],[8.7719],[8.4516],[8.0562],[7.6484],[7.2281],[6.8484],[6.5172],[6.2562],[6.125],[6.1125],[6.1891],[6.3266],[6.4484],[6.5281],[6.5406],[6.5172],[6.4625],[6.4078],[6.3516],[6.3047],[9.6984],[9.8203],[10.1047],[10.4328],[10.6891],[10.7578],[10.5813],[10.1859],[9.6625],[9.1078],[8.6062],[8.1734],[7.8063],[7.5062],[7.3109],[7.225],[7.2484],[7.3219],[7.3781],[7.3531],[7.2391],[7.075],[6.9031],[6.7875],[6.7438],[6.7359],[6.7438],[11.2391],[11.2516],[11.3313],[11.4219],[11.4281],[11.2609],[10.8891],[10.3922],[9.8766],[9.4531],[9.1453],[8.9125],[8.6672],[8.3625],[8.0234],[7.7156],[7.4766],[7.3031],[7.1406],[6.9437],[6.7156],[6.5062],[6.3891],[6.4016],[6.5234],[6.6641],[6.7891],[11.3484],[11.2078],[10.9969],[10.7625],[10.4531],[10.0422],[9.5188],[8.9656],[8.5031],[8.2391],[8.1625],[8.1609],[8.0625],[7.7672],[7.2953],[6.7766],[6.3141],[5.9891],[5.7656],[5.5781],[5.4172],[5.3469],[5.4234],[5.6469],[5.9281],[6.1562],[6.3172],[9.9156],[9.5656],[9.1187],[8.6797],[8.2594],[7.8094],[7.2922],[6.7281],[6.2047],[5.8672],[5.75],[5.7984],[5.8172],[5.6859],[5.3781],[5.0172],[4.7328],[4.6141],[4.6],[4.5984],[4.5687],[4.5719],[4.6766],[4.9047],[5.1547],[5.2969],[5.3234],[7.7047],[7.1984],[6.6547],[6.1953],[5.8922],[5.6656],[5.3875],[4.9297],[4.3234],[3.7172],[3.2922],[3.1531],[3.2203],[3.3391],[3.4328],[3.5156],[3.6844],[3.9594],[4.2562],[4.4359],[4.4406],[4.3313],[4.2562],[4.2953],[4.3891],[4.4141],[4.3297],[5.8016],[5.2375],[4.6594],[4.1937],[3.9594],[3.9734],[4.075],[3.9938],[3.5938],[2.9422],[2.3219],[1.9734],[1.95],[2.1703],[2.4469],[2.7594],[3.1063],[3.5234],[3.9313],[4.1594],[4.1359],[3.9406],[3.7562],[3.7078],[3.7969],[3.8937],[3.9375],[4.5422],[3.9891],[3.3281],[2.6969],[2.3641],[2.5016],[3.0312],[3.6141],[3.8797],[3.7547],[3.3922],[3.0688],[2.9344],[2.95],[2.9688],[2.9484],[2.9406],[3.0234],[3.1672],[3.2969],[3.2812],[3.1672],[3.1016],[3.2109],[3.4641],[3.7625],[4.0359],[3.3203],[2.8016],[2.1625],[1.5312],[1.2359],[1.575],[2.4984],[3.6984],[4.7391],[5.3797],[5.6156],[5.6078],[5.475],[5.2063],[4.7875],[4.2375],[3.6922],[3.2469],[2.9594],[2.7875],[2.6813],[2.6688],[2.8078],[3.1359],[3.5469],[3.8969],[4.1125],[1.7219],[1.3703],[1.1141],[1.0359],[1.2844],[1.9844],[3.075],[4.2953],[5.4125],[6.3078],[6.9547],[7.3328],[7.3812],[7.1156],[6.5859],[5.9547],[5.2875],[4.65],[4.0188],[3.4469],[3.0594],[2.9781],[3.2578],[3.7766],[4.2734],[4.4781],[4.2906],[0.5484],[0.6016],[1.0344],[1.7891],[2.7625],[3.7281],[4.4469],[4.8281],[5.0484],[5.3734],[5.9047],[6.4797],[6.8047],[6.7969],[6.6094],[6.4453],[6.2766],[5.95],[5.2906],[4.4672],[3.8156],[3.6562],[4.0734],[4.8328],[5.5094],[5.6281],[5.0062],[0.9656],[1.5063],[2.3828],[3.5172],[4.6141],[5.2625],[5.1594],[4.3672],[3.4313],[2.9422],[3.1297],[3.7125],[4.1828],[4.4],[4.5594],[4.9156],[5.3625],[5.5312],[5.1922],[4.5297],[4.0312],[4.0734],[4.7063],[5.6172],[6.3375],[6.4094],[5.6188],[2.6484],[3.4125],[4.1453],[4.7547],[5.0859],[4.8969],[4.0656],[2.7687],[1.5016],[0.8297],[0.9],[1.3813],[1.7594],[1.9016],[2.0391],[2.4844],[3.1297],[3.6109],[3.725],[3.6891],[3.8547],[4.3734],[5],[5.4797],[5.6156],[5.3469],[4.5969],[3.6562],[4.2766],[4.4625],[4.1438],[3.4125],[2.4953],[1.5766],[0.8],[0.2969],[0.1594],[0.3609],[0.6531],[0.7703],[0.6734],[0.6094],[0.8187],[1.2672],[1.7797],[2.3187],[3.0391],[3.975],[4.8219],[5.0016],[4.3344],[3.2172],[2.2406],[1.6453],[2.3266],[2.5844],[2.3609],[1.5453],[0.3766],[-0.6516],[-1.1016],[-0.9156],[-0.4156],[0.0234],[0.2453],[0.2906],[0.2156],[0.1141],[0.0687],[0.1656],[0.4562],[0.9406],[1.7188],[2.8406],[4.0906],[4.7891],[4.2734],[2.5047],[0.3172],[-1.1531],[-1.4625],[-1.2625],[-1.3281],[-1.5703],[-2.1063],[-2.8422],[-3.4],[-3.3406],[-2.6484],[-1.7719],[-1.2422],[-1.1734],[-1.2687],[-1.2094],[-0.9359],[-0.6219],[-0.3281],[0.0156],[0.5375],[1.3],[2.2094],[3.0125],[3.1766],[2.2297],[0.2906],[-1.7938],[-2.9984],[-2.9359],[-5.6562],[-5.9344],[-5.9781],[-5.8594],[-5.7609],[-5.7047],[-5.4328],[-4.8797],[-4.2953],[-4.0047],[-4.0047],[-3.9156],[-3.4281],[-2.6547],[-1.9156],[-1.3625],[-0.85],[-0.2984],[0.1969],[0.4563],[0.3766],[-0.0437],[-0.85],[-1.9203],[-2.8719],[-3.2797],[-3.0656],[-9.3109],[-9.7],[-9.6594],[-9.1391],[-8.4578],[-7.9953],[-7.7516],[-7.5719],[-7.4094],[-7.3281],[-7.2297],[-6.8141],[-5.9547],[-4.8688],[-3.9062],[-3.175],[-2.5266],[-1.9969],[-1.8203],[-2.175],[-2.8359],[-3.4203],[-3.6625],[-3.6125],[-3.4328],[-3.2844],[-3.3125],[-10.9047],[-11.3969],[-11.5828],[-11.2234],[-10.5781],[-10.0969],[-9.9438],[-10.0188],[-10.1484],[-10.2422],[-10.1812],[-9.7469],[-8.8906],[-7.8031],[-6.75],[-5.8344],[-5.0641],[-4.5563],[-4.5234],[-4.9172],[-5.3781],[-5.4922],[-5.1125],[-4.4375],[-3.85],[-3.6453],[-3.9141]]},{"header":{"disciplineName":["Meteorological products"],"parameterCategory":[2],"parameterCategoryName":["v-component of wind"],"parameterNumberName":["v-component of wind"],"parameterNumber":[3],"parameterUnits":["m s-1"],"refTime":["2017-03-17T0000:00.000Z"],"numberPoints":[621],"nx":[27],"ny":[23],"lo1":[-20],"la1":[70],"lo2":[45],"la2":[45],"dx":[2.5],"dy":[2.5]},"data":[[-1.7031],[-1.3406],[-0.8609],[-0.2797],[0.3703],[1.0562],[1.7266],[2.3187],[2.7766],[3.0703],[3.175],[3.1031],[2.8766],[2.55],[2.175],[1.8094],[1.4906],[1.2328],[1.0422],[0.9203],[0.8406],[0.8141],[0.8203],[0.8406],[0.8641],[0.8953],[0.8953],[-0.75],[-0.525],[-0.1891],[0.2625],[0.8359],[1.5031],[2.1969],[2.8469],[3.3594],[3.6562],[3.7078],[3.5125],[3.1297],[2.6484],[2.1484],[1.7141],[1.3891],[1.1766],[1.0672],[1.0375],[1.0266],[1.0328],[1.0375],[1.0375],[1.0219],[0.9844],[0.8828],[0.5531],[0.5734],[0.6938],[0.95],[1.3734],[1.9375],[2.5891],[3.2062],[3.6656],[3.8734],[3.7797],[3.3891],[2.7969],[2.1234],[1.5063],[1.0203],[0.7359],[0.6484],[0.6891],[0.7891],[0.9188],[1.0141],[1.0719],[1.1047],[1.0984],[1.0547],[0.925],[1.6094],[1.5469],[1.5484],[1.6781],[1.9391],[2.3297],[2.7812],[3.2078],[3.5063],[3.55],[3.3094],[2.8031],[2.1219],[1.4094],[0.8219],[0.4297],[0.2812],[0.3172],[0.4813],[0.6922],[0.8703],[1.0125],[1.1094],[1.1859],[1.1812],[1.1281],[0.9625],[2.1609],[2.2266],[2.3391],[2.4437],[2.5312],[2.6094],[2.7031],[2.7844],[2.7891],[2.6766],[2.3828],[1.9297],[1.3766],[0.8734],[0.4984],[0.325],[0.3297],[0.45],[0.6047],[0.7563],[0.8734],[0.9766],[1.0625],[1.1344],[1.1531],[1.0719],[0.8484],[2.3734],[2.7188],[2.9969],[3.0703],[2.9344],[2.6188],[2.25],[1.9281],[1.6813],[1.4703],[1.2406],[0.9375],[0.6438],[0.4094],[0.3063],[0.3297],[0.4391],[0.5438],[0.6],[0.6156],[0.6453],[0.7109],[0.8453],[0.9859],[1.0516],[0.9781],[0.7109],[2.4734],[2.925],[3.225],[3.1813],[2.7609],[2.0984],[1.4094],[0.8906],[0.5984],[0.4578],[0.3438],[0.1797],[-0.0141],[-0.1453],[-0.15],[-0.0375],[0.1141],[0.2016],[0.2],[0.1688],[0.2219],[0.4016],[0.6984],[0.9797],[1.1359],[1.1031],[0.8781],[2.3922],[2.6766],[2.7906],[2.55],[1.9547],[1.1766],[0.4844],[0.0719],[-0.0328],[0.0219],[0.0219],[-0.15],[-0.4437],[-0.7],[-0.7937],[-0.675],[-0.4844],[-0.3297],[-0.2781],[-0.2266],[-0.0375],[0.3344],[0.825],[1.2469],[1.4813],[1.4578],[1.2734],[1.9875],[1.9547],[1.8469],[1.5297],[0.9703],[0.3125],[-0.2219],[-0.4484],[-0.3609],[-0.1516],[-0.0688],[-0.25],[-0.6453],[-1.0219],[-1.175],[-1.0422],[-0.7531],[-0.4984],[-0.3625],[-0.2609],[-0.0125],[0.4672],[1.0609],[1.5609],[1.7812],[1.7234],[1.5469],[1.3438],[1.1125],[0.9406],[0.7109],[0.3313],[-0.1703],[-0.6453],[-0.9422],[-0.9656],[-0.8031],[-0.6281],[-0.6219],[-0.8016],[-1.0172],[-1.0594],[-0.8516],[-0.4766],[-0.1672],[-0.0422],[-0.0063],[0.1469],[0.5531],[1.1469],[1.675],[1.9156],[1.8375],[1.6422],[0.7141],[0.4125],[0.2797],[0.2016],[0.0312],[-0.3297],[-0.8844],[-1.4875],[-1.9125],[-1.9875],[-1.7109],[-1.2875],[-0.9391],[-0.7609],[-0.65],[-0.4359],[-0.1],[0.2219],[0.3609],[0.3109],[0.3125],[0.5766],[1.1406],[1.7203],[2.0828],[2.0984],[1.9406],[0.1469],[-0.1922],[-0.3391],[-0.3219],[-0.2266],[-0.3016],[-0.7484],[-1.5484],[-2.3781],[-2.7687],[-2.4891],[-1.7078],[-0.9187],[-0.4969],[-0.4563],[-0.4891],[-0.3234],[0.0703],[0.4125],[0.5234],[0.5156],[0.6781],[1.175],[1.8344],[2.3453],[2.5438],[2.5094],[-0.4719],[-0.8609],[-1.0578],[-0.9234],[-0.4328],[0.0813],[0.1203],[-0.5344],[-1.5844],[-2.3484],[-2.3094],[-1.5719],[-0.775],[-0.5125],[-0.8703],[-1.3375],[-1.3547],[-0.8047],[-0.0563],[0.4312],[0.5891],[0.7594],[1.2109],[1.8766],[2.4469],[2.7094],[2.7812],[-1.1703],[-1.4812],[-1.5688],[-1.1484],[-0.1375],[1.0297],[1.6187],[1.2],[0.0141],[-1.1],[-1.4813],[-1.1281],[-0.7141],[-0.8844],[-1.6688],[-2.4891],[-2.6422],[-1.975],[-0.9703],[-0.1828],[0.2281],[0.6078],[1.2469],[1.9875],[2.4109],[2.3797],[2.2188],[-1.6656],[-1.6391],[-1.3438],[-0.4859],[0.8859],[2.2562],[2.8875],[2.3906],[1.1328],[-0.1063],[-0.7031],[-0.7156],[-0.725],[-1.2469],[-2.2313],[-3.1078],[-3.3281],[-2.8172],[-2.0109],[-1.2875],[-0.5953],[0.4016],[1.7297],[2.7984],[2.9172],[2.0453],[1.05],[-1.5688],[-1.1031],[-0.3219],[0.8188],[2.125],[3.0266],[3.0328],[2.1594],[0.9656],[0.1344],[-0.1656],[-0.25],[-0.5922],[-1.3516],[-2.2891],[-2.9844],[-3.2328],[-3.1266],[-2.9047],[-2.4844],[-1.4641],[0.4859],[2.9047],[4.5],[4.1734],[2.0594],[-0.2344],[-0.7438],[0.0047],[0.9453],[1.9625],[2.7297],[2.7984],[1.9984],[0.8406],[0.0969],[0.1172],[0.4531],[0.4094],[-0.3484],[-1.4531],[-2.3375],[-2.7875],[-2.9984],[-3.2516],[-3.5141],[-3.2719],[-1.8516],[0.9406],[4.1516],[5.9766],[5.0844],[1.875],[-1.4891],[0.4844],[1.2156],[1.8297],[2.2578],[2.3266],[1.7734],[0.6594],[-0.3109],[-0.3703],[0.4594],[1.2219],[0.9672],[-0.3547],[-1.8797],[-2.7906],[-3.0391],[-3.1203],[-3.3937],[-3.6312],[-3.1719],[-1.4141],[1.4891],[4.45],[5.7688],[4.3609],[0.8062],[-2.6562],[1.5422],[2.0609],[2.0531],[1.7203],[1.3125],[0.7328],[-0.0047],[-0.4109],[0.0641],[1.1562],[1.7984],[1.0984],[-0.6656],[-2.3594],[-3.1594],[-3.2359],[-3.1937],[-3.2281],[-2.9953],[-2.0078],[-0.2141],[1.9359],[3.575],[3.7703],[2.1406],[-0.7047],[-3.1828],[1.9391],[2.2531],[1.7422],[0.9094],[0.3875],[0.2359],[0.1953],[0.3297],[0.925],[1.7344],[1.9078],[0.8844],[-0.8297],[-2.1719],[-2.6328],[-2.5906],[-2.5266],[-2.3766],[-1.6766],[-0.3125],[1.2047],[2.1453],[2.1672],[1.3516],[-0.0047],[-1.4969],[-2.6469],[1.6047],[1.8594],[1.2125],[0.2953],[-0.0547],[0.2156],[0.6266],[0.9563],[1.3656],[1.7688],[1.6125],[0.6531],[-0.5938],[-1.3281],[-1.3953],[-1.3188],[-1.3656],[-1.2094],[-0.3953],[0.8656],[1.7656],[1.6562],[0.6719],[-0.4484],[-1.1203],[-1.3609],[-1.6828],[0.9047],[1.2266],[0.7672],[0.0734],[-0.1234],[0.1953],[0.5312],[0.7047],[0.9406],[1.2094],[1.1],[0.4172],[-0.3828],[-0.7156],[-0.6313],[-0.5672],[-0.6547],[-0.5516],[0.0125],[0.6641],[0.7609],[0.0391],[-1.0187],[-1.7078],[-1.675],[-1.3609],[-1.5953],[0.2687],[0.7031],[0.5437],[0.1031],[-0.125],[-0.1422],[-0.2219],[-0.3266],[-0.1188],[0.3031],[0.4125],[-0.05],[-0.7],[-1.0281],[-1.0219],[-0.9797],[-0.9672],[-0.8281],[-0.6125],[-0.7],[-1.3062],[-2.1437],[-2.6937],[-2.6953],[-2.3312],[-2.1641],[-2.7125]]}]