html/data/WT_pct09_ind_wt_6_1.json
[{"header":{"disciplineName":["Meteorological products"],"parameterCategory":[0],"parameterCategoryName":["Temperature"],"parameterNumberName":["Temperature"],"parameterNumber":[0],"parameterUnits":["K"],"refTime":["2017-03-17T0000:00.000Z"],"numberPoints":[621],"nx":[27],"ny":[23],"lo1":[-20],"la1":[70],"lo2":[45],"la2":[45],"dx":[2.5],"dy":[2.5]},"data":[[-0.0611],[-0.1167],[-0.204],[-0.3198],[-0.4627],[-0.6056],[-0.7325],[-0.7992],[-0.7929],[-0.7151],[-0.5484],[-0.3071],[-0.023],[0.2881],[0.5849],[0.8357],[1.0373],[1.1675],[1.2548],[1.2754],[1.2897],[1.3198],[1.3595],[1.4183],[1.5183],[1.6246],[1.7119],[0.5373],[0.5294],[0.4817],[0.4024],[0.2976],[0.2008],[0.1325],[0.1183],[0.1849],[0.3421],[0.5738],[0.8563],[1.1817],[1.531],[1.8405],[2.1087],[2.3214],[2.4706],[2.5722],[2.6627],[2.7437],[2.8516],[2.9802],[3.1563],[3.3548],[3.5548],[3.7198],[1.2151],[1.2294],[1.2119],[1.1595],[1.1103],[1.0944],[1.1198],[1.2071],[1.3516],[1.5643],[1.8119],[2.1008],[2.3754],[2.6468],[2.8865],[3.0929],[3.2738],[3.4373],[3.6087],[3.796],[4.0198],[4.2944],[4.6071],[4.9437],[5.2627],[5.5659],[5.7976],[1.9802],[1.9786],[1.9421],[1.9087],[1.9103],[1.9675],[2.1087],[2.3024],[2.5611],[2.8452],[3.1389],[3.4119],[3.6437],[3.8468],[4.0056],[4.1437],[4.2786],[4.4262],[4.6262],[4.9024],[5.2563],[5.6786],[6.1341],[6.5944],[6.996],[7.3357],[7.5865],[2.7135],[2.7103],[2.6722],[2.6484],[2.6817],[2.7865],[2.9754],[3.25],[3.5722],[3.9119],[4.2325],[4.523],[4.7865],[4.9913],[5.1421],[5.2389],[5.3087],[5.3992],[5.5659],[5.8278],[6.2119],[6.6833],[7.1976],[7.6849],[8.1087],[8.4484],[8.6944],[3.4675],[3.5325],[3.5706],[3.577],[3.6103],[3.7024],[3.8659],[4.0976],[4.3675],[4.6579],[4.9405],[5.2167],[5.4849],[5.7246],[5.9024],[6.0135],[6.0548],[6.0817],[6.1817],[6.3976],[6.7579],[7.2468],[7.7706],[8.2643],[8.6643],[8.9643],[9.2024],[4.4754],[4.6595],[4.7659],[4.796],[4.7976],[4.8294],[4.9135],[5.0373],[5.1817],[5.3389],[5.504],[5.6897],[5.923],[6.1532],[6.3452],[6.4913],[6.5548],[6.6198],[6.7325],[6.9738],[7.377],[7.9135],[8.4929],[8.9913],[9.3484],[9.5849],[9.7627],[5.7627],[5.9611],[6.0532],[6.05],[6.004],[5.9833],[5.996],[6.0468],[6.1405],[6.2468],[6.3595],[6.5087],[6.6865],[6.8675],[7.031],[7.1738],[7.3214],[7.4722],[7.6944],[8.031],[8.4929],[9.0579],[9.6325],[10.1341],[10.477],[10.6786],[10.8262],[6.9627],[7.069],[7.1119],[7.0833],[7.0468],[7.0183],[7.0278],[7.0897],[7.2262],[7.4452],[7.7119],[7.9786],[8.1897],[8.3119],[8.3643],[8.4071],[8.5151],[8.7135],[9.004],[9.3325],[9.7008],[10.096],[10.5532],[10.9976],[11.4008],[11.7183],[12.0056],[7.8341],[7.8897],[8.0151],[8.1643],[8.2881],[8.3468],[8.3532],[8.3929],[8.5548],[8.931],[9.4246],[9.9167],[10.2437],[10.3024],[10.1373],[9.9437],[9.877],[9.996],[10.2135],[10.369],[10.4452],[10.5167],[10.75],[11.1611],[11.6976],[12.2484],[12.7595],[8.5135],[8.7071],[9.1373],[9.669],[10.096],[10.3103],[10.3198],[10.2579],[10.3452],[10.6944],[11.2865],[11.9087],[12.3071],[12.3008],[11.923],[11.4627],[11.204],[11.2468],[11.4087],[11.4468],[11.296],[11.1405],[11.2722],[11.7833],[12.496],[13.1246],[13.5437],[9.3119],[9.7151],[10.45],[11.2897],[12.0087],[12.4278],[12.569],[12.5341],[12.5278],[12.7008],[13.131],[13.669],[14.0373],[13.9913],[13.5405],[12.9722],[12.6881],[12.8119],[13.1516],[13.3389],[13.2833],[13.2341],[13.5849],[14.4087],[15.331],[15.8167],[15.6881],[10.3294],[10.7786],[11.4643],[12.2849],[13.0929],[13.8087],[14.3675],[14.7119],[14.8516],[14.8786],[14.9643],[15.1992],[15.4294],[15.4071],[15.0214],[14.531],[14.331],[14.6563],[15.2675],[15.7802],[16.0135],[16.3262],[17.1262],[18.4548],[19.731],[20.2437],[19.723],[11.4405],[11.677],[12.0167],[12.5373],[13.3738],[14.5389],[15.823],[16.8675],[17.3611],[17.2976],[17.0008],[16.8135],[16.823],[16.7802],[16.4817],[16.0167],[15.8008],[16.0913],[16.7706],[17.4008],[17.8294],[18.4024],[19.596],[21.4325],[23.2579],[24.304],[24.3119],[12.5278],[12.5405],[12.6024],[13.0294],[14.1103],[15.8611],[17.8881],[19.5421],[20.2944],[20.1008],[19.4341],[18.8532],[18.5802],[18.3897],[17.9833],[17.3786],[16.9183],[16.904],[17.2833],[17.6833],[18.0357],[18.6786],[20.0897],[22.2198],[24.4754],[26.2183],[27.3548],[13.6325],[13.7071],[13.923],[14.6754],[16.2611],[18.5373],[20.931],[22.6786],[23.3151],[22.9452],[22.1024],[21.3071],[20.7881],[20.3325],[19.6754],[18.8516],[18.1262],[17.7532],[17.7119],[17.7929],[18.0183],[18.7706],[20.3865],[22.6516],[24.896],[26.6611],[28.2214],[14.9849],[15.423],[16.104],[17.3357],[19.3103],[21.7198],[23.9135],[25.2643],[25.577],[25.1627],[24.4849],[23.8151],[23.1532],[22.3833],[21.4754],[20.5341],[19.7659],[19.2611],[18.977],[18.8992],[19.196],[20.269],[22.2929],[24.7722],[26.731],[27.704],[28.304],[16.8452],[17.7389],[18.7738],[20.1833],[22.0516],[24.0611],[25.6754],[26.531],[26.6881],[26.5452],[26.3484],[25.9833],[25.2627],[24.177],[23.0484],[22.1214],[21.4579],[20.9833],[20.669],[20.6071],[21.0976],[22.5167],[24.9563],[27.7484],[29.6976],[30.0056],[29.204],[19.1357],[20.35],[21.4802],[22.6262],[23.9103],[25.2437],[26.3214],[26.9373],[27.2516],[27.5357],[27.7929],[27.6468],[26.8119],[25.5119],[24.2563],[23.3421],[22.7167],[22.2246],[21.9246],[21.9722],[22.5897],[24.0071],[26.3198],[29.1532],[31.4389],[32.0643],[30.996],[21.3167],[22.6262],[23.6548],[24.396],[25.0595],[25.8103],[26.6008],[27.2405],[27.7627],[28.2913],[28.6929],[28.5595],[27.696],[26.4294],[25.2897],[24.4706],[23.7913],[23.1913],[22.9183],[23.1754],[23.8484],[24.804],[26.2659],[28.4357],[30.8373],[32.3786],[32.3119],[22.6325],[23.7833],[24.6484],[25.1341],[25.4659],[25.9357],[26.5833],[27.2294],[27.75],[28.1913],[28.4833],[28.3643],[27.7706],[26.9802],[26.3294],[25.7897],[25.1675],[24.5468],[24.4024],[24.9008],[25.6008],[26.0151],[26.3849],[27.4167],[29.3071],[31.2373],[32.1437],[22.6992],[23.4865],[24.1214],[24.5024],[24.7643],[25.1357],[25.6532],[26.1373],[26.4484],[26.6516],[26.8437],[26.9627],[26.9643],[26.9151],[26.9135],[26.8056],[26.4151],[25.9944],[26.0024],[26.5214],[27.05],[27.1214],[26.9579],[27.3056],[28.4754],[29.9056],[30.7087],[21.704],[22.0659],[22.4183],[22.7167],[22.9897],[23.3262],[23.6929],[23.9611],[24.0611],[24.1484],[24.3802],[24.823],[25.3754],[25.9214],[26.3167],[26.4421],[26.3389],[26.231],[26.3071],[26.4722],[26.4373],[26.2532],[26.3421],[27.0167],[28.0262],[28.7325],[28.7024]]},{"header":{"disciplineName":["Meteorological products"],"parameterCategory":[2],"parameterCategoryName":["u-component of wind"],"parameterNumberName":["u-component of wind"],"parameterNumber":[2],"parameterUnits":["m s-1"],"refTime":["2017-03-17T0000:00.000Z"],"numberPoints":[621],"nx":[27],"ny":[23],"lo1":[-20],"la1":[70],"lo2":[45],"la2":[45],"dx":[2.5],"dy":[2.5]},"data":[[1.4222],[1.6175],[1.773],[1.8778],[1.9444],[2.0143],[2.1063],[2.2222],[2.3921],[2.5857],[2.7984],[2.9841],[3.1429],[3.2667],[3.3524],[3.427],[3.5222],[3.673],[3.8683],[4.146],[4.4587],[4.7857],[5.1016],[5.3556],[5.5635],[5.7095],[5.8079],[1.2365],[1.4905],[1.6825],[1.7968],[1.8825],[1.9651],[2.0952],[2.3095],[2.5921],[2.9413],[3.3032],[3.627],[3.846],[3.9333],[3.9127],[3.827],[3.7302],[3.7032],[3.7651],[3.9587],[4.2556],[4.6079],[4.9667],[5.2619],[5.4619],[5.5921],[5.6619],[1.0841],[1.319],[1.4714],[1.5667],[1.6349],[1.7254],[1.8921],[2.1508],[2.5127],[2.9317],[3.3556],[3.6921],[3.8921],[3.9095],[3.7603],[3.4937],[3.2079],[2.9937],[2.9349],[3.0587],[3.3444],[3.7254],[4.1286],[4.4841],[4.7397],[4.8937],[4.9937],[1.6524],[1.7429],[1.8175],[1.8952],[1.9952],[2.1222],[2.3079],[2.5619],[2.8556],[3.1651],[3.4508],[3.6571],[3.7365],[3.6651],[3.4508],[3.1508],[2.8508],[2.6317],[2.5365],[2.6349],[2.8794],[3.2127],[3.5587],[3.8571],[4.0794],[4.2206],[4.3159],[3.1524],[3.0603],[3.0286],[3.0952],[3.2571],[3.4651],[3.6984],[3.9127],[4.0651],[4.1651],[4.1968],[4.1524],[4.0619],[3.9349],[3.7619],[3.5952],[3.4508],[3.3556],[3.3317],[3.354],[3.4413],[3.519],[3.5968],[3.6556],[3.6841],[3.7048],[3.7397],[4.9159],[4.6921],[4.6048],[4.6603],[4.8556],[5.1254],[5.3651],[5.5222],[5.5635],[5.481],[5.3222],[5.1222],[4.9143],[4.7444],[4.6254],[4.5762],[4.5587],[4.5746],[4.5508],[4.4571],[4.273],[4.0159],[3.7349],[3.473],[3.2952],[3.2238],[3.2444],[6.2317],[5.9968],[5.8873],[5.9238],[6.0508],[6.2206],[6.3397],[6.3825],[6.3397],[6.2365],[6.0952],[5.9365],[5.7571],[5.5667],[5.3968],[5.2524],[5.1556],[5.1048],[5.0175],[4.8254],[4.4762],[4.0222],[3.5524],[3.1667],[2.9571],[2.9444],[3.0778],[6.9794],[6.7921],[6.6841],[6.6317],[6.6175],[6.5651],[6.4397],[6.2683],[6.1095],[6.019],[6.027],[6.0905],[6.081],[5.9333],[5.6444],[5.2952],[4.9968],[4.8095],[4.6746],[4.5175],[4.2381],[3.8476],[3.4413],[3.1413],[3.0413],[3.1476],[3.3921],[7.3079],[7.0952],[6.9254],[6.7921],[6.6413],[6.4444],[6.1286],[5.7349],[5.3857],[5.1984],[5.2397],[5.4635],[5.6762],[5.6905],[5.454],[5.073],[4.6905],[4.4698],[4.3825],[4.3556],[4.2333],[3.9937],[3.7079],[3.5032],[3.4698],[3.5968],[3.8095],[7.246],[6.9032],[6.5905],[6.327],[6.1429],[5.9333],[5.6683],[5.2683],[4.7984],[4.4302],[4.2937],[4.4397],[4.7302],[4.9444],[4.9667],[4.8079],[4.5889],[4.4381],[4.3968],[4.3667],[4.2619],[4.0444],[3.7778],[3.5571],[3.4794],[3.5524],[3.6794],[6.754],[6.3063],[5.7984],[5.3381],[5.0619],[4.9889],[5.0222],[4.9825],[4.7556],[4.3937],[4.0587],[3.9397],[4.0571],[4.2952],[4.4778],[4.5286],[4.4302],[4.2365],[4.0206],[3.7794],[3.5175],[3.2349],[2.9349],[2.6984],[2.5746],[2.6111],[2.7571],[5.8905],[5.4444],[4.7889],[4.1127],[3.6714],[3.727],[4.2143],[4.854],[5.2825],[5.3317],[5.0873],[4.754],[4.5571],[4.5127],[4.5286],[4.4508],[4.173],[3.6714],[3.0873],[2.5381],[2.1476],[1.9032],[1.7397],[1.5603],[1.3762],[1.2937],[1.446],[4.5667],[4.1937],[3.6111],[2.9127],[2.4794],[2.6635],[3.5333],[4.7873],[5.9111],[6.5508],[6.6381],[6.3651],[5.9667],[5.6111],[5.2651],[4.854],[4.2587],[3.4683],[2.6175],[1.9254],[1.5762],[1.5476],[1.6333],[1.5524],[1.227],[0.8254],[0.6444],[2.8317],[2.6556],[2.4286],[2.1698],[2.0857],[2.473],[3.4175],[4.6667],[5.8254],[6.5889],[6.8825],[6.8381],[6.5984],[6.2524],[5.8651],[5.4254],[4.9016],[4.2667],[3.5651],[2.9762],[2.7238],[2.8413],[3.0968],[3.1397],[2.7286],[2.0016],[1.281],[1.3444],[1.5857],[2.0571],[2.5762],[3.0683],[3.5587],[4.046],[4.4571],[4.7254],[4.8492],[4.9429],[5.0698],[5.2333],[5.3302],[5.3444],[5.3587],[5.4048],[5.4159],[5.2254],[4.8698],[4.5444],[4.5032],[4.754],[5.0587],[5.046],[4.5175],[3.5524],[1.0397],[1.9762],[3.2063],[4.3825],[5.1762],[5.3778],[5],[4.2222],[3.3111],[2.573],[2.2603],[2.427],[2.8778],[3.3556],[3.7635],[4.2048],[4.7889],[5.4032],[5.7349],[5.5857],[5.1508],[4.8698],[5.119],[5.8333],[6.6111],[6.8952],[6.3286],[1.9857],[3.4968],[5.0952],[6.3508],[6.8238],[6.354],[5.173],[3.719],[2.4111],[1.4952],[1.0857],[1.1286],[1.4698],[1.8175],[2.0746],[2.3571],[2.854],[3.5381],[4.1143],[4.3095],[4.1857],[4.1127],[4.4937],[5.4413],[6.6492],[7.5683],[7.6175],[3.0063],[4.4571],[5.7159],[6.3921],[6.1556],[5.0619],[3.6508],[2.5127],[1.9063],[1.6603],[1.5095],[1.3651],[1.2381],[1.0968],[0.8825],[0.6063],[0.5365],[0.8333],[1.4873],[2.3],[3.1127],[3.8413],[4.4873],[5.027],[5.5587],[6.0238],[6.2063],[2.8206],[3.4873],[3.8651],[3.7571],[3.0222],[1.8444],[0.8651],[0.6016],[1.0111],[1.4968],[1.5302],[1.1429],[0.6698],[0.3302],[0.0127],[-0.4143],[-0.8111],[-0.8111],[-0.1175],[1.2857],[3.0857],[4.6952],[5.4206],[5.0254],[3.9635],[3.1111],[2.9127],[1.0524],[0.8111],[0.354],[-0.2127],[-0.873],[-1.527],[-1.8159],[-1.4571],[-0.6683],[-0.119],[-0.2238],[-0.7381],[-1.0698],[-0.9571],[-0.6683],[-0.5746],[-0.6317],[-0.5048],[0.1825],[1.581],[3.4937],[5.1524],[5.6127],[4.3746],[2.0968],[0.1921],[-0.3206],[-2.1032],[-2.7222],[-3.4476],[-3.9143],[-4.0429],[-3.9778],[-3.7651],[-3.3714],[-2.9302],[-2.7778],[-3.0365],[-3.3079],[-3.0667],[-2.2524],[-1.2651],[-0.4508],[0.1651],[0.7095],[1.2762],[1.9317],[2.7635],[3.4984],[3.4825],[2.181],[0.0127],[-1.7794],[-2.1889],[-6.3095],[-6.746],[-7.1952],[-7.2048],[-6.7381],[-6.1921],[-5.8603],[-5.7381],[-5.7],[-5.7095],[-5.681],[-5.3571],[-4.546],[-3.4238],[-2.3048],[-1.2349],[-0.1254],[0.8841],[1.3365],[1.0952],[0.5524],[0.181],[-0.073],[-0.6238],[-1.6079],[-2.4984],[-2.6651],[-10.5762],[-10.7778],[-10.7968],[-10.3413],[-9.5651],[-8.9746],[-8.8127],[-8.8984],[-8.8778],[-8.6],[-8.019],[-7.1254],[-6.1016],[-5.1889],[-4.419],[-3.4889],[-2.1698],[-0.8556],[-0.3444],[-0.8921],[-1.9302],[-2.5889],[-2.5429],[-2.1556],[-1.9444],[-2.0317],[-2.1778]]},{"header":{"disciplineName":["Meteorological products"],"parameterCategory":[2],"parameterCategoryName":["v-component of wind"],"parameterNumberName":["v-component of wind"],"parameterNumber":[3],"parameterUnits":["m s-1"],"refTime":["2017-03-17T0000:00.000Z"],"numberPoints":[621],"nx":[27],"ny":[23],"lo1":[-20],"la1":[70],"lo2":[45],"la2":[45],"dx":[2.5],"dy":[2.5]},"data":[[-1.2873],[-1.3143],[-1.3127],[-1.3063],[-1.2587],[-1.1873],[-1.0698],[-0.9127],[-0.7143],[-0.4905],[-0.2476],[-0.0016],[0.2492],[0.5063],[0.7492],[0.981],[1.1873],[1.3429],[1.4302],[1.4413],[1.3762],[1.2413],[1.0683],[0.8841],[0.7317],[0.6048],[0.5127],[-0.3365],[-0.4429],[-0.554],[-0.654],[-0.7],[-0.6778],[-0.5794],[-0.3968],[-0.1651],[0.0841],[0.3063],[0.4968],[0.6508],[0.7841],[0.9016],[1.0492],[1.2127],[1.3968],[1.546],[1.6397],[1.6587],[1.5857],[1.4381],[1.254],[1.0667],[0.8952],[0.7429],[0.4381],[0.227],[-0.0032],[-0.1905],[-0.2857],[-0.2683],[-0.1206],[0.1206],[0.4016],[0.6651],[0.8381],[0.9048],[0.8698],[0.7778],[0.6889],[0.673],[0.7635],[0.9667],[1.2397],[1.5238],[1.746],[1.854],[1.8429],[1.7302],[1.546],[1.346],[1.127],[0.7111],[0.454],[0.227],[0.0841],[0.0794],[0.1873],[0.4063],[0.6857],[0.9492],[1.1508],[1.2222],[1.1571],[0.9714],[0.7],[0.4429],[0.3111],[0.3444],[0.5873],[0.9984],[1.4937],[1.9603],[2.3032],[2.454],[2.4127],[2.2286],[1.9603],[1.6508],[0.5429],[0.3635],[0.3],[0.3762],[0.5667],[0.8143],[1.0587],[1.2524],[1.3508],[1.3698],[1.2905],[1.1254],[0.8873],[0.6063],[0.3429],[0.1778],[0.1873],[0.4397],[0.8984],[1.5048],[2.1302],[2.6127],[2.8635],[2.854],[2.6254],[2.2635],[1.8524],[0.2206],[0.173],[0.3206],[0.6222],[1.0095],[1.3556],[1.5556],[1.5873],[1.4651],[1.2397],[1],[0.7746],[0.5794],[0.3921],[0.2016],[0.0492],[0.0111],[0.1746],[0.5714],[1.1492],[1.8],[2.3651],[2.6873],[2.7159],[2.4794],[2.0794],[1.6365],[-0.0762],[-0.0619],[0.1683],[0.5667],[1.0413],[1.4444],[1.646],[1.6032],[1.3683],[1.0444],[0.7397],[0.4857],[0.2825],[0.0857],[-0.1206],[-0.3317],[-0.4683],[-0.4302],[-0.1413],[0.381],[1.0381],[1.6889],[2.1238],[2.2889],[2.181],[1.9016],[1.5651],[-0.3794],[-0.381],[-0.2],[0.1841],[0.6714],[1.1143],[1.3841],[1.4524],[1.3444],[1.1444],[0.8841],[0.5984],[0.2746],[-0.119],[-0.5222],[-0.8762],[-1.0889],[-1.0921],[-0.819],[-0.3032],[0.3619],[1.0683],[1.6365],[1.9841],[2.1],[2.0397],[1.8968],[-0.7714],[-0.7841],[-0.5952],[-0.2159],[0.2968],[0.7635],[1.0968],[1.2571],[1.319],[1.3032],[1.1952],[0.9159],[0.4333],[-0.2175],[-0.8429],[-1.2952],[-1.473],[-1.3492],[-0.9921],[-0.4873],[0.1175],[0.7079],[1.2587],[1.7032],[2.0127],[2.1683],[2.1889],[-1.2635],[-1.2587],[-0.9683],[-0.4381],[0.1698],[0.6381],[0.8429],[0.8857],[0.9016],[0.973],[1.0175],[0.8619],[0.3873],[-0.3381],[-1.0413],[-1.4571],[-1.4762],[-1.1746],[-0.7302],[-0.3063],[0.0556],[0.4],[0.7905],[1.2556],[1.7302],[2.0921],[2.2079],[-1.8095],[-1.8333],[-1.4286],[-0.6873],[0.0937],[0.5825],[0.6492],[0.4095],[0.1937],[0.1746],[0.3397],[0.3937],[0.1317],[-0.4587],[-1.1095],[-1.481],[-1.4365],[-1.0667],[-0.6175],[-0.2984],[-0.1556],[-0.0349],[0.2556],[0.8111],[1.5397],[2.1984],[2.4873],[-2.3159],[-2.481],[-2.0857],[-1.2016],[-0.1587],[0.5937],[0.7556],[0.4175],[-0.0302],[-0.2254],[-0.1175],[0.0397],[-0.0698],[-0.5476],[-1.219],[-1.7349],[-1.854],[-1.5937],[-1.1556],[-0.8],[-0.6111],[-0.4714],[-0.1302],[0.5905],[1.6238],[2.6667],[3.3127],[-2.7841],[-3.1206],[-2.8397],[-1.8413],[-0.3746],[0.9524],[1.6159],[1.4841],[0.8905],[0.3444],[0.1063],[0.0524],[-0.1762],[-0.7667],[-1.6524],[-2.481],[-2.9143],[-2.8206],[-2.3143],[-1.6841],[-1.1524],[-0.7651],[-0.3397],[0.3683],[1.4381],[2.6937],[3.7333],[-3.2571],[-3.6159],[-3.3603],[-2.1762],[-0.2111],[1.8206],[3.1016],[3.2254],[2.4286],[1.3825],[0.5857],[0.0857],[-0.4016],[-1.1921],[-2.3079],[-3.4429],[-4.1619],[-4.1857],[-3.5587],[-2.5794],[-1.6365],[-0.9524],[-0.4937],[-0.0302],[0.6302],[1.5603],[2.6333],[-3.5206],[-3.7222],[-3.3397],[-1.9508],[0.3587],[2.7857],[4.3111],[4.3952],[3.2905],[1.8111],[0.6492],[-0.0714],[-0.6476],[-1.4841],[-2.6508],[-3.8889],[-4.7603],[-4.9302],[-4.3508],[-3.281],[-2.1048],[-1.0873],[-0.3968],[-0.0508],[-0.0079],[0.0238],[0.3825],[-3.1206],[-3.046],[-2.5302],[-1.1476],[0.9921],[3.1333],[4.2984],[4.0508],[2.8],[1.3556],[0.3508],[-0.1698],[-0.5905],[-1.2857],[-2.3587],[-3.5619],[-4.5302],[-4.9429],[-4.7238],[-3.9365],[-2.7048],[-1.2032],[0.2],[0.9683],[0.6508],[-0.5286],[-1.5698],[-1.7571],[-1.4413],[-0.9587],[-0.0048],[1.3603],[2.5794],[3.0175],[2.5254],[1.5333],[0.6698],[0.2095],[-0.0079],[-0.3492],[-1.0302],[-2.0571],[-3.1794],[-4.1825],[-4.8429],[-5.0317],[-4.5794],[-3.3254],[-1.2603],[1.0873],[2.6381],[2.2968],[0.0508],[-2.5841],[0.1254],[0.546],[0.7968],[1.0619],[1.3825],[1.5429],[1.3587],[0.9397],[0.581],[0.4397],[0.3794],[0.0873],[-0.5619],[-1.4937],[-2.527],[-3.5492],[-4.4556],[-5.1095],[-5.2952],[-4.7651],[-3.2952],[-0.9127],[1.8254],[3.6746],[3.2968],[0.4524],[-3.246],[1.5349],[1.8794],[1.8571],[1.581],[1.1873],[0.7286],[0.3524],[0.2524],[0.4778],[0.7476],[0.6127],[-0.119],[-1.246],[-2.4127],[-3.4159],[-4.2635],[-4.9762],[-5.3206],[-4.973],[-3.7857],[-1.9079],[0.2905],[2.2889],[3.3651],[2.6365],[-0.1635],[-3.8714],[1.9095],[1.9556],[1.7349],[1.3651],[0.9381],[0.5222],[0.3016],[0.4381],[0.8333],[1.0524],[0.6667],[-0.3254],[-1.5317],[-2.5937],[-3.4397],[-4.1683],[-4.7381],[-4.7254],[-3.6778],[-1.7032],[0.4937],[2],[2.4254],[1.973],[0.8127],[-1.1921],[-3.8159],[1.546],[1.2143],[0.873],[0.7143],[0.6889],[0.6698],[0.6381],[0.7159],[0.8603],[0.827],[0.4032],[-0.2889],[-0.9825],[-1.6079],[-2.2635],[-3.0127],[-3.5619],[-3.3794],[-2.0317],[0.1794],[2.1841],[2.7556],[1.654],[-0.0968],[-1.3238],[-1.9683],[-2.9095],[1.0508],[0.4857],[0.0762],[0.0635],[0.3444],[0.5746],[0.5556],[0.3921],[0.1794],[-0.0619],[-0.3016],[-0.427],[-0.4524],[-0.6556],[-1.2317],[-2.0143],[-2.5127],[-2.2952],[-1.2206],[0.354],[1.5254],[1.2762],[-0.5413],[-2.6635],[-3.4762],[-2.8286],[-2.2397],[0.6063],[0.1032],[-0.381],[-0.5095],[-0.319],[-0.1556],[-0.2429],[-0.5222],[-0.8619],[-1.2016],[-1.3905],[-1.2952],[-1.0651],[-1.119],[-1.6619],[-2.3397],[-2.6254],[-2.3746],[-1.8429],[-1.3254],[-1.1222],[-1.7159],[-3.2365],[-4.8571],[-5.2444],[-4.1048],[-2.8095]]}]