html/data/WT_pct09_ind_wt_6_9.json
[{"header":{"disciplineName":["Meteorological products"],"parameterCategory":[0],"parameterCategoryName":["Temperature"],"parameterNumberName":["Temperature"],"parameterNumber":[0],"parameterUnits":["K"],"refTime":["2017-03-17T0000:00.000Z"],"numberPoints":[621],"nx":[27],"ny":[23],"lo1":[-20],"la1":[70],"lo2":[45],"la2":[45],"dx":[2.5],"dy":[2.5]},"data":[[-1.5515],[-1.5685],[-1.5485],[-1.5131],[-1.4546],[-1.3885],[-1.3069],[-1.1823],[-1.0192],[-0.81],[-0.5408],[-0.2377],[0.0869],[0.4162],[0.7223],[0.9762],[1.1623],[1.2715],[1.3038],[1.2731],[1.1946],[1.0808],[0.9408],[0.8069],[0.6608],[0.5177],[0.3777],[-0.9838],[-0.9531],[-0.9131],[-0.8531],[-0.7777],[-0.6808],[-0.5546],[-0.3823],[-0.1515],[0.1454],[0.5054],[0.9131],[1.3485],[1.77],[2.1592],[2.4885],[2.7269],[2.8762],[2.9562],[2.9623],[2.9162],[2.8515],[2.7654],[2.6531],[2.5392],[2.3946],[2.2331],[-0.0838],[-0.0608],[-0.0423],[-0.0054],[0.0531],[0.15],[0.29],[0.4977],[0.7562],[1.0977],[1.4869],[1.9131],[2.3438],[2.7608],[3.1223],[3.4254],[3.6438],[3.7885],[3.8977],[3.9654],[4.0315],[4.0962],[4.1485],[4.1608],[4.1377],[4.0346],[3.8823],[0.9331],[0.9023],[0.8654],[0.8469],[0.8946],[1.01],[1.2038],[1.4531],[1.79],[2.1546],[2.5562],[2.9592],[3.3392],[3.6746],[3.9515],[4.1485],[4.2777],[4.3762],[4.4777],[4.6038],[4.7838],[5.0208],[5.2515],[5.4362],[5.5469],[5.5392],[5.4208],[1.8069],[1.7346],[1.6808],[1.6592],[1.7223],[1.8946],[2.1438],[2.4731],[2.8285],[3.2069],[3.5792],[3.9285],[4.2362],[4.4977],[4.6808],[4.7885],[4.83],[4.85],[4.8992],[5.0362],[5.2715],[5.6115],[5.9854],[6.3562],[6.6223],[6.77],[6.7808],[2.6962],[2.6531],[2.6423],[2.6777],[2.7915],[2.9792],[3.23],[3.4992],[3.7762],[4.0238],[4.2562],[4.4792],[4.6838],[4.8792],[5.0392],[5.1315],[5.1608],[5.1792],[5.23],[5.3685],[5.6315],[6.0223],[6.4792],[6.9423],[7.3515],[7.6531],[7.8531],[3.9408],[3.9808],[4.0331],[4.0869],[4.1823],[4.31],[4.4577],[4.5546],[4.6269],[4.6608],[4.6885],[4.7485],[4.8762],[5.0315],[5.19],[5.3592],[5.5115],[5.6592],[5.8285],[6.0669],[6.3854],[6.7838],[7.2377],[7.7008],[8.1315],[8.5085],[8.8208],[5.5177],[5.5392],[5.5423],[5.55],[5.5792],[5.6285],[5.6531],[5.6285],[5.5638],[5.4808],[5.4454],[5.4777],[5.5715],[5.7223],[5.9085],[6.1331],[6.4038],[6.7085],[7.0438],[7.3977],[7.7531],[8.1131],[8.4823],[8.8438],[9.2038],[9.5577],[9.9177],[6.9208],[6.8485],[6.7685],[6.7392],[6.7638],[6.7992],[6.8208],[6.7992],[6.7792],[6.81],[6.9269],[7.1208],[7.3038],[7.4546],[7.5546],[7.6777],[7.8777],[8.1762],[8.53],[8.8592],[9.1146],[9.33],[9.5485],[9.8131],[10.1392],[10.5254],[10.9638],[7.8977],[7.81],[7.7915],[7.8854],[8.0346],[8.1762],[8.2577],[8.2962],[8.3762],[8.57],[8.91],[9.2915],[9.5854],[9.6715],[9.59],[9.47],[9.4423],[9.5654],[9.7423],[9.8638],[9.8777],[9.8808],[9.9915],[10.2685],[10.6977],[11.2085],[11.7823],[8.7362],[8.8115],[9.0454],[9.3931],[9.7654],[10.0438],[10.1869],[10.2192],[10.2715],[10.4608],[10.8269],[11.25],[11.5331],[11.5438],[11.2823],[10.9685],[10.7977],[10.8192],[10.89],[10.8423],[10.6731],[10.5746],[10.7485],[11.2254],[11.8592],[12.4362],[12.8885],[9.7315],[10.0515],[10.5177],[11.0562],[11.5546],[11.9485],[12.1777],[12.2869],[12.2977],[12.3608],[12.5315],[12.7869],[12.9469],[12.8931],[12.5946],[12.3023],[12.2069],[12.3792],[12.6023],[12.67],[12.5777],[12.6362],[13.1085],[13.97],[14.8592],[15.3546],[15.3731],[10.8115],[11.2023],[11.6531],[12.0931],[12.59],[13.1638],[13.7669],[14.2454],[14.4808],[14.4869],[14.4269],[14.4054],[14.3962],[14.2669],[13.9885],[13.7438],[13.7962],[14.1838],[14.6792],[15.0223],[15.2223],[15.6162],[16.5408],[17.9023],[19.1608],[19.7392],[19.5146],[11.7254],[11.9485],[12.1269],[12.3838],[12.9592],[13.9915],[15.29],[16.4638],[17.0992],[17.1562],[16.87],[16.5608],[16.3423],[16.0777],[15.6731],[15.2669],[15.1731],[15.51],[16.1023],[16.6085],[17.0177],[17.7054],[19.0177],[20.8592],[22.6115],[23.6992],[23.9854],[12.4223],[12.4562],[12.4808],[12.8269],[13.8331],[15.5685],[17.6515],[19.3823],[20.2485],[20.2085],[19.6623],[19.0885],[18.6377],[18.1408],[17.4515],[16.69],[16.2038],[16.2238],[16.5977],[17.0438],[17.4946],[18.3115],[19.8469],[21.9654],[24.0854],[25.7438],[26.9715],[13.1223],[13.1838],[13.4454],[14.2885],[16.01],[18.4208],[20.8977],[22.6777],[23.33],[22.9992],[22.25],[21.5038],[20.8608],[20.1269],[19.1792],[18.1592],[17.4085],[17.1623],[17.3008],[17.5869],[18.0146],[18.9469],[20.6485],[22.8623],[24.9346],[26.4977],[27.9377],[14.2177],[14.5962],[15.3254],[16.75],[18.9608],[21.6177],[23.9377],[25.2777],[25.5038],[25.0208],[24.3177],[23.6438],[22.8962],[21.9669],[20.8931],[19.91],[19.2423],[18.9854],[19.03],[19.23],[19.7208],[20.8608],[22.8331],[25.1946],[26.9685],[27.7392],[28.1362],[16.1008],[16.9115],[17.9746],[19.5562],[21.6685],[23.95],[25.7254],[26.5792],[26.6408],[26.3946],[26.1331],[25.71],[24.8915],[23.7208],[22.5854],[21.77],[21.3515],[21.1685],[21.1746],[21.3269],[21.8854],[23.2254],[25.4915],[28.0838],[29.8285],[29.9608],[29.0115],[18.7885],[19.9192],[21.0238],[22.2162],[23.6469],[25.1885],[26.4177],[27.0777],[27.3485],[27.6162],[27.8838],[27.6977],[26.7515],[25.3608],[24.1577],[23.4408],[23.0946],[22.8515],[22.7146],[22.8546],[23.4438],[24.7038],[26.8131],[29.4315],[31.4838],[31.89],[30.6746],[21.5115],[22.7838],[23.6992],[24.3254],[24.97],[25.8469],[26.7438],[27.43],[27.9669],[28.5746],[29.0962],[29.0008],[28.05],[26.6808],[25.6038],[24.9854],[24.5592],[24.1115],[23.9085],[24.1362],[24.7392],[25.6115],[26.9454],[28.93],[31.0408],[32.2346],[31.9346],[23.1977],[24.3192],[25.0223],[25.2838],[25.5131],[26.0362],[26.7731],[27.4269],[27.95],[28.5038],[28.9885],[28.9885],[28.3423],[27.49],[26.8885],[26.5269],[26.0838],[25.5746],[25.4362],[25.8715],[26.5069],[26.9269],[27.2962],[28.23],[29.7977],[31.2577],[31.8146],[23.2931],[24.0438],[24.5038],[24.6915],[24.89],[25.3392],[25.9346],[26.3915],[26.6608],[26.9623],[27.3377],[27.5731],[27.5746],[27.5331],[27.5869],[27.5592],[27.2423],[26.85],[26.8731],[27.3762],[27.8515],[27.9285],[27.8531],[28.2208],[29.1608],[30.1438],[30.5254],[22.1054],[22.4131],[22.6331],[22.8577],[23.1885],[23.6454],[24.0623],[24.2792],[24.3515],[24.5038],[24.8577],[25.3469],[25.9346],[26.5423],[27.0162],[27.1362],[26.9392],[26.7808],[26.89],[27.0562],[26.9592],[26.7362],[26.9577],[27.8254],[28.8638],[29.2854],[28.8577]]},{"header":{"disciplineName":["Meteorological products"],"parameterCategory":[2],"parameterCategoryName":["u-component of wind"],"parameterNumberName":["u-component of wind"],"parameterNumber":[2],"parameterUnits":["m s-1"],"refTime":["2017-03-17T0000:00.000Z"],"numberPoints":[621],"nx":[27],"ny":[23],"lo1":[-20],"la1":[70],"lo2":[45],"la2":[45],"dx":[2.5],"dy":[2.5]},"data":[[0.3354],[0.5308],[0.7277],[0.9277],[1.1354],[1.38],[1.6569],[1.98],[2.3415],[2.7092],[3.0785],[3.4062],[3.6923],[3.9369],[4.1477],[4.3585],[4.5831],[4.8585],[5.16],[5.4892],[5.8077],[6.0815],[6.2523],[6.3231],[6.2754],[6.1308],[5.9215],[0.1708],[0.4692],[0.7446],[0.9985],[1.2538],[1.5169],[1.8154],[2.1585],[2.5431],[2.9431],[3.2969],[3.5908],[3.7954],[3.9],[3.9215],[3.94],[3.9769],[4.1046],[4.3277],[4.6585],[5.02],[5.3862],[5.6785],[5.8554],[5.9185],[5.8723],[5.76],[-0.2138],[0.1908],[0.5692],[0.9338],[1.2523],[1.5538],[1.8723],[2.2077],[2.5569],[2.9169],[3.2108],[3.4046],[3.4831],[3.4338],[3.2985],[3.1215],[2.9892],[2.9446],[3.0292],[3.2431],[3.5554],[3.92],[4.2785],[4.5754],[4.8092],[4.98],[5.1169],[0.0015],[0.4569],[0.92],[1.3508],[1.7246],[2.0415],[2.3062],[2.5431],[2.7492],[2.9169],[3.0431],[3.1108],[3.0923],[3.0246],[2.9015],[2.7831],[2.6908],[2.6754],[2.6985],[2.7938],[2.94],[3.1246],[3.36],[3.6154],[3.9262],[4.2446],[4.5954],[1.7892],[2.1554],[2.5462],[2.9354],[3.2538],[3.4954],[3.6354],[3.6723],[3.6277],[3.5123],[3.3677],[3.22],[3.1062],[3.0615],[3.0923],[3.2077],[3.3692],[3.5308],[3.6415],[3.6462],[3.5846],[3.4554],[3.3769],[3.4062],[3.5862],[3.8923],[4.2954],[4.7862],[4.9108],[5.0585],[5.2369],[5.4138],[5.5308],[5.56],[5.4369],[5.2],[4.8815],[4.5154],[4.1862],[3.9431],[3.8262],[3.8538],[4.0185],[4.2846],[4.5477],[4.6877],[4.6446],[4.4031],[4.0308],[3.6769],[3.4631],[3.4538],[3.6615],[4],[7.5369],[7.3477],[7.1954],[7.1369],[7.1615],[7.1892],[7.1585],[7.0308],[6.7677],[6.4554],[6.1277],[5.7985],[5.4892],[5.2062],[4.9723],[4.8323],[4.7846],[4.7969],[4.7708],[4.6277],[4.3246],[3.9215],[3.5354],[3.2923],[3.26],[3.4123],[3.6862],[9.0523],[8.6538],[8.2923],[8.0785],[7.9877],[7.9523],[7.8692],[7.6985],[7.4631],[7.24],[7.0754],[6.9369],[6.7708],[6.4569],[5.9969],[5.4369],[4.9123],[4.4785],[4.1385],[3.8385],[3.5554],[3.2954],[3.0985],[3.0308],[3.0938],[3.2831],[3.5],[9.4954],[9.0292],[8.6031],[8.3077],[8.1077],[7.9462],[7.7],[7.34],[6.9385],[6.6123],[6.4615],[6.4677],[6.5108],[6.4215],[6.0985],[5.5554],[4.9031],[4.2615],[3.7354],[3.3431],[3.0631],[2.9031],[2.8785],[2.9769],[3.1631],[3.3585],[3.5215],[9.2677],[8.8108],[8.3723],[7.9646],[7.6077],[7.2677],[6.8646],[6.36],[5.7831],[5.2292],[4.8446],[4.7215],[4.8292],[5.0077],[5.0923],[4.9892],[4.7062],[4.3],[3.8554],[3.4508],[3.12],[2.9369],[2.9046],[3.0185],[3.2154],[3.3908],[3.5323],[8.3292],[7.9138],[7.4108],[6.8385],[6.2846],[5.8754],[5.6338],[5.4492],[5.1738],[4.7431],[4.2569],[3.8892],[3.7754],[3.9123],[4.1477],[4.3492],[4.3831],[4.2062],[3.8892],[3.5123],[3.1615],[2.9185],[2.7969],[2.7877],[2.8523],[2.9785],[3.1523],[6.8123],[6.4092],[5.8246],[5.0677],[4.4015],[4.1523],[4.4662],[5.1523],[5.8246],[6.1246],[5.9892],[5.5815],[5.1785],[4.9138],[4.7831],[4.6446],[4.3785],[3.9954],[3.5615],[3.1908],[2.9369],[2.7738],[2.6169],[2.4369],[2.2585],[2.1831],[2.3046],[5.1785],[4.7292],[4.0892],[3.3277],[2.7954],[2.9385],[3.9231],[5.4862],[7.0569],[8.1462],[8.5277],[8.3662],[7.9046],[7.3246],[6.6738],[5.9062],[5.0538],[4.2108],[3.5692],[3.2462],[3.1877],[3.2554],[3.1846],[2.8508],[2.3431],[1.8677],[1.6785],[3.7062],[3.1923],[2.6569],[2.2323],[2.18],[2.8],[4.0723],[5.7123],[7.2338],[8.2892],[8.7985],[8.8954],[8.7246],[8.3415],[7.7169],[6.8831],[5.9677],[5.1415],[4.5908],[4.4031],[4.5138],[4.7462],[4.7923],[4.4908],[3.8385],[3.0662],[2.3815],[2.3262],[1.9585],[1.8523],[2.1],[2.7046],[3.5554],[4.4569],[5.1646],[5.5292],[5.6662],[5.7723],[5.9954],[6.3],[6.5138],[6.5431],[6.4231],[6.2615],[6.1262],[6.0446],[5.9938],[6.0385],[6.1877],[6.3631],[6.4031],[6.1662],[5.5646],[4.6415],[1.4477],[1.6262],[2.2569],[3.2154],[4.1462],[4.6908],[4.6015],[3.9338],[2.9738],[2.1877],[1.9415],[2.2938],[2.9769],[3.6646],[4.22],[4.7754],[5.4231],[6.0415],[6.3815],[6.3646],[6.1538],[6.0985],[6.4077],[7.0185],[7.5938],[7.6969],[7.0046],[1.9231],[2.9138],[4.1692],[5.3246],[5.8662],[5.4738],[4.26],[2.6369],[1.1769],[0.3185],[0.2523],[0.8062],[1.5615],[2.1708],[2.5662],[3.0185],[3.6846],[4.3923],[4.8246],[4.8308],[4.6215],[4.6215],[5.0708],[5.9692],[6.9831],[7.6231],[7.4169],[3.72],[5.0862],[6.2677],[6.8431],[6.4077],[4.9908],[3.1323],[1.5231],[0.5569],[0.3123],[0.6077],[1.1615],[1.6723],[1.8646],[1.7431],[1.6015],[1.6769],[2.0031],[2.38],[2.7138],[3.1062],[3.6154],[4.1338],[4.5585],[4.8908],[5.1646],[5.2092],[4.9692],[5.8015],[6.1169],[5.6785],[4.4092],[2.6508],[1.1015],[0.2969],[0.2062],[0.4262],[0.6062],[0.7262],[0.8523],[0.8692],[0.6862],[0.3862],[0.2138],[0.3431],[0.84],[1.7462],[2.9615],[4.0754],[4.4923],[3.9031],[2.7323],[1.8385],[1.6985],[3.3892],[3.2308],[2.5092],[1.4031],[0.14],[-0.9631],[-1.46],[-1.2277],[-0.7262],[-0.5754],[-0.9615],[-1.4508],[-1.5492],[-1.2108],[-0.7954],[-0.4908],[-0.2431],[0.14],[0.8354],[1.9292],[3.3385],[4.5646],[4.7631],[3.4708],[1.2077],[-0.6662],[-1.1462],[-1.3185],[-2.06],[-3.0938],[-3.9462],[-4.3785],[-4.3646],[-3.8754],[-3.0631],[-2.4369],[-2.4923],[-3.1723],[-3.7938],[-3.7369],[-2.9892],[-1.9646],[-1],[-0.1615],[0.5554],[1.1585],[1.6938],[2.3262],[2.98],[3.0892],[2.0646],[0.0815],[-1.7708],[-2.4092],[-7.1815],[-7.72],[-8.1446],[-8.0646],[-7.4985],[-6.7538],[-6.0292],[-5.3831],[-4.9646],[-4.94],[-5.18],[-5.2477],[-4.8385],[-3.9615],[-2.9231],[-1.8538],[-0.8046],[-0.0046],[0.2569],[-0.0662],[-0.4431],[-0.44],[-0.1446],[-0.1369],[-0.8169],[-1.8385],[-2.4462],[-11.7092],[-11.7292],[-11.3308],[-10.4508],[-9.3954],[-8.6277],[-8.3231],[-8.2846],[-8.1985],[-7.9262],[-7.4523],[-6.8169],[-6.1123],[-5.4154],[-4.7077],[-3.8215],[-2.8231],[-2.0923],[-2.0708],[-2.6923],[-3.3138],[-3.3154],[-2.6138],[-1.7323],[-1.2892],[-1.4738],[-1.9262]]},{"header":{"disciplineName":["Meteorological products"],"parameterCategory":[2],"parameterCategoryName":["v-component of wind"],"parameterNumberName":["v-component of wind"],"parameterNumber":[3],"parameterUnits":["m s-1"],"refTime":["2017-03-17T0000:00.000Z"],"numberPoints":[621],"nx":[27],"ny":[23],"lo1":[-20],"la1":[70],"lo2":[45],"la2":[45],"dx":[2.5],"dy":[2.5]},"data":[[-1.0769],[-0.9154],[-0.7138],[-0.5046],[-0.3015],[-0.1046],[0.0769],[0.2231],[0.3431],[0.4277],[0.4892],[0.5477],[0.6077],[0.6769],[0.7646],[0.8415],[0.8969],[0.8862],[0.7877],[0.5815],[0.2831],[-0.0969],[-0.4831],[-0.8338],[-1.1046],[-1.24],[-1.2492],[-0.2492],[-0.0031],[0.2246],[0.4523],[0.6615],[0.86],[1.0246],[1.1554],[1.2277],[1.2431],[1.2077],[1.1369],[1.0938],[1.0862],[1.1338],[1.2215],[1.3323],[1.3892],[1.3692],[1.1954],[0.88],[0.4154],[-0.1015],[-0.6308],[-1.0646],[-1.3492],[-1.4769],[0.5708],[0.8492],[1.08],[1.2692],[1.4338],[1.6015],[1.7308],[1.8169],[1.8292],[1.7292],[1.5631],[1.3431],[1.1415],[1],[0.9692],[1.0523],[1.2154],[1.3954],[1.5092],[1.4892],[1.3169],[0.9585],[0.4708],[-0.0662],[-0.5738],[-0.9785],[-1.2308],[1.2246],[1.5477],[1.7923],[1.9615],[2.0923],[2.2138],[2.2923],[2.3015],[2.2092],[2.0138],[1.72],[1.3877],[1.0908],[0.88],[0.8092],[0.8646],[1.0292],[1.2415],[1.4446],[1.56],[1.5738],[1.4569],[1.1846],[0.8185],[0.3862],[-0.0415],[-0.4323],[1.8277],[2.2015],[2.4646],[2.6262],[2.7215],[2.7554],[2.7123],[2.5662],[2.3231],[1.9985],[1.6308],[1.2938],[1.0585],[0.9508],[0.9538],[1.0369],[1.1554],[1.2615],[1.3631],[1.4477],[1.5338],[1.5985],[1.6092],[1.5108],[1.2708],[0.9092],[0.4754],[2.3538],[2.7031],[2.9338],[3.0646],[3.0908],[3.0092],[2.7892],[2.4462],[1.9831],[1.5046],[1.1031],[0.8554],[0.7969],[0.9169],[1.1154],[1.2954],[1.3662],[1.3092],[1.1862],[1.0738],[1.0769],[1.2277],[1.4677],[1.6554],[1.6846],[1.4785],[1.0815],[2.4969],[2.6985],[2.8508],[2.9462],[2.9492],[2.7985],[2.4508],[1.9477],[1.3431],[0.7908],[0.3815],[0.2262],[0.2938],[0.5477],[0.8738],[1.1246],[1.1923],[1.0431],[0.7646],[0.5108],[0.4431],[0.6262],[1.0231],[1.4538],[1.7538],[1.78],[1.5477],[2.0492],[2.0692],[2.1754],[2.3354],[2.4108],[2.3277],[2],[1.4769],[0.8954],[0.3723],[0.0277],[-0.1092],[-0.0815],[0.0708],[0.2631],[0.4354],[0.4846],[0.3708],[0.1585],[-0.0415],[-0.0415],[0.2246],[0.7292],[1.3154],[1.8092],[2.0508],[2.0277],[1.2477],[1.1631],[1.3246],[1.62],[1.9],[1.9215],[1.6554],[1.16],[0.6369],[0.24],[0.0231],[-0.0569],[-0.1262],[-0.2138],[-0.3031],[-0.3615],[-0.3862],[-0.4154],[-0.4585],[-0.46],[-0.3031],[0.0754],[0.6754],[1.3369],[1.9031],[2.2323],[2.32],[0.4754],[0.4],[0.6369],[1.0708],[1.4462],[1.5231],[1.2031],[0.6415],[0.0954],[-0.2046],[-0.2415],[-0.1569],[-0.1538],[-0.3],[-0.5385],[-0.7585],[-0.8631],[-0.8892],[-0.8631],[-0.7723],[-0.5138],[-0.0369],[0.6354],[1.36],[1.9631],[2.3154],[2.4],[-0.0846],[-0.1738],[0.0538],[0.4631],[0.8215],[0.8877],[0.5492],[-0.0862],[-0.7092],[-1.0308],[-0.9769],[-0.7215],[-0.4754],[-0.4277],[-0.56],[-0.7523],[-0.9092],[-1.0338],[-1.0908],[-1.0385],[-0.7908],[-0.2523],[0.52],[1.3815],[2.1292],[2.6046],[2.7354],[-0.5985],[-0.7123],[-0.6492],[-0.3846],[0.0031],[0.2908],[0.2292],[-0.2277],[-0.86],[-1.3585],[-1.4877],[-1.2815],[-0.9692],[-0.78],[-0.7985],[-0.9708],[-1.1754],[-1.3523],[-1.4523],[-1.3969],[-1.1138],[-0.5323],[0.3308],[1.3462],[2.3369],[3.1138],[3.5431],[-1.1769],[-1.3738],[-1.48],[-1.2308],[-0.5462],[0.3554],[0.9769],[0.9662],[0.3431],[-0.5031],[-1.1292],[-1.3754],[-1.3723],[-1.3938],[-1.6062],[-1.9692],[-2.2892],[-2.4154],[-2.2815],[-1.9292],[-1.4138],[-0.7769],[0.0462],[1.0185],[2.1123],[3.1862],[4.0385],[-1.8985],[-2.1738],[-2.2462],[-1.7],[-0.3723],[1.3554],[2.7077],[3.0169],[2.2185],[0.8538],[-0.3785],[-1.1569],[-1.6015],[-2.0554],[-2.7154],[-3.4477],[-3.9262],[-3.8985],[-3.3446],[-2.5015],[-1.6246],[-0.8846],[-0.2385],[0.4262],[1.2385],[2.2108],[3.2046],[-2.6738],[-2.9015],[-2.6769],[-1.5908],[0.4246],[2.7277],[4.3092],[4.4385],[3.2092],[1.4123],[-0.0954],[-1.0108],[-1.5846],[-2.2923],[-3.2738],[-4.2769],[-4.8662],[-4.7708],[-4.0015],[-2.8815],[-1.7508],[-0.8415],[-0.2],[0.2015],[0.4677],[0.7431],[1.1862],[-3.0215],[-3.0246],[-2.4015],[-0.8938],[1.3292],[3.4908],[4.6031],[4.1815],[2.6246],[0.8954],[-0.2846],[-0.8323],[-1.2492],[-1.9431],[-2.9431],[-3.9277],[-4.5231],[-4.5477],[-4.0415],[-3.1677],[-2.0262],[-0.7754],[0.3431],[0.9508],[0.7431],[-0.1077],[-0.9015],[-2.4231],[-2.0554],[-1.2154],[0.1554],[1.7938],[3.0754],[3.34],[2.5231],[1.2246],[0.2462],[-0.1523],[-0.2923],[-0.7077],[-1.5277],[-2.4785],[-3.2262],[-3.6908],[-3.9708],[-4.04],[-3.7046],[-2.6646],[-0.9092],[1.0692],[2.2923],[1.9015],[-0.0446],[-2.3031],[-0.8323],[-0.2169],[0.4277],[1.0538],[1.5631],[1.6892],[1.2877],[0.6],[0.1923],[0.3554],[0.7338],[0.6169],[-0.3],[-1.6246],[-2.6892],[-3.2431],[-3.5538],[-3.9754],[-4.4292],[-4.3338],[-3.2031],[-1.0169],[1.5154],[3.1231],[2.68],[0.0923],[-3.1662],[0.9015],[1.3554],[1.4523],[1.2354],[0.7831],[0.1923],[-0.3938],[-0.5569],[0.0046],[1.0815],[1.8492],[1.4646],[-0.0692],[-1.9108],[-3.1708],[-3.68],[-3.9523],[-4.3554],[-4.6138],[-4.1415],[-2.6631],[-0.4646],[1.6646],[2.8077],[2.1708],[-0.3446],[-3.6277],[1.7492],[1.5862],[1.1538],[0.5677],[-0.0477],[-0.5846],[-0.8831],[-0.6231],[0.3338],[1.6062],[2.3292],[1.8231],[0.2415],[-1.5431],[-2.7492],[-3.3462],[-3.7369],[-4.02],[-3.7723],[-2.6],[-0.8092],[0.7954],[1.6015],[1.5092],[0.5985],[-1.1369],[-3.4369],[1.4062],[0.5431],[-0.1323],[-0.4677],[-0.5077],[-0.4831],[-0.4062],[-0.1062],[0.5246],[1.3185],[1.7492],[1.4662],[0.5615],[-0.4831],[-1.3585],[-2.0477],[-2.6246],[-2.8462],[-2.2338],[-0.7262],[0.88],[1.5154],[0.8292],[-0.4354],[-1.3754],[-1.9308],[-2.7492],[0.4831],[-0.7554],[-1.3662],[-1.2338],[-0.7092],[-0.2446],[-0.0277],[0.0477],[0.1154],[0.2138],[0.2985],[0.3369],[0.2862],[0.0677],[-0.4169],[-1.1215],[-1.7831],[-1.9846],[-1.4246],[-0.3],[0.5692],[0.3385],[-1.0692],[-2.6462],[-3.2554],[-2.8215],[-2.4523],[-0.3338],[-1.4969],[-1.9262],[-1.6477],[-1.1431],[-0.7877],[-0.6723],[-0.6923],[-0.8692],[-1.1662],[-1.3692],[-1.2585],[-0.8831],[-0.6738],[-0.9769],[-1.6769],[-2.2892],[-2.4677],[-2.2246],[-1.8431],[-1.7246],[-2.2],[-3.2477],[-4.2569],[-4.4938],[-3.8231],[-3.0938]]}]