html/data/WT_pct09_ind_wt_10_6.json
[{"header":{"disciplineName":["Meteorological products"],"parameterCategory":[0],"parameterCategoryName":["Temperature"],"parameterNumberName":["Temperature"],"parameterNumber":[0],"parameterUnits":["K"],"refTime":["2017-03-17T0000:00.000Z"],"numberPoints":[621],"nx":[27],"ny":[23],"lo1":[-20],"la1":[70],"lo2":[45],"la2":[45],"dx":[2.5],"dy":[2.5]},"data":[[-8.6136],[-7.8468],[-7.1649],[-6.5766],[-6.0851],[-5.6584],[-5.2942],[-4.9682],[-4.6682],[-4.3929],[-4.1494],[-3.9442],[-3.7857],[-3.6786],[-3.6351],[-3.6552],[-3.7409],[-3.863],[-4.0266],[-4.2136],[-4.4091],[-4.6136],[-4.8305],[-5.0604],[-5.3162],[-5.6091],[-5.9429],[-5.8818],[-5.3792],[-4.963],[-4.6136],[-4.2935],[-3.9961],[-3.676],[-3.3539],[-3.0312],[-2.7169],[-2.4448],[-2.2273],[-2.0883],[-2.0312],[-2.0721],[-2.1786],[-2.3643],[-2.5974],[-2.8481],[-3.1097],[-3.3617],[-3.6006],[-3.8195],[-4.0351],[-4.2701],[-4.5312],[-4.8305],[-3.3435],[-3.1662],[-3.0201],[-2.8545],[-2.6494],[-2.3857],[-2.063],[-1.7091],[-1.3747],[-1.0779],[-0.8597],[-0.7351],[-0.6987],[-0.7617],[-0.8851],[-1.063],[-1.2786],[-1.524],[-1.7786],[-2.0409],[-2.2922],[-2.5325],[-2.7597],[-2.976],[-3.2058],[-3.4623],[-3.7623],[-1.6844],[-1.674],[-1.6182],[-1.4896],[-1.2623],[-0.9487],[-0.5786],[-0.2136],[0.1065],[0.3286],[0.4396],[0.4377],[0.3494],[0.2214],[0.0799],[-0.063],[-0.1981],[-0.3526],[-0.5273],[-0.7532],[-1.0013],[-1.2779],[-1.5591],[-1.839],[-2.1201],[-2.4071],[-2.7292],[-0.8032],[-0.7364],[-0.6071],[-0.4136],[-0.1461],[0.1922],[0.5708],[0.9305],[1.2318],[1.4182],[1.4818],[1.4435],[1.3351],[1.2188],[1.1201],[1.0552],[0.9903],[0.8929],[0.7253],[0.4636],[0.1273],[-0.2578],[-0.639],[-0.9896],[-1.2955],[-1.5753],[-1.8604],[0.0403],[0.2494],[0.4344],[0.6065],[0.8084],[1.0571],[1.3604],[1.7065],[2.0435],[2.3156],[2.4753],[2.5279],[2.5052],[2.4305],[2.3416],[2.2442],[2.1097],[1.9169],[1.6221],[1.2201],[0.7558],[0.2779],[-0.1474],[-0.4747],[-0.7201],[-0.8851],[-1.0481],[1.3201],[1.5435],[1.6494],[1.6883],[1.7143],[1.8253],[2.0649],[2.4195],[2.8429],[3.2468],[3.5558],[3.7344],[3.7701],[3.6844],[3.5091],[3.2721],[2.9779],[2.6227],[2.2084],[1.7299],[1.2403],[0.7896],[0.4312],[0.187],[0.0461],[-0.0468],[-0.1364],[2.7916],[2.9026],[2.8896],[2.8117],[2.7643],[2.8305],[3.0617],[3.4364],[3.8864],[4.324],[4.6623],[4.8422],[4.8506],[4.7052],[4.4331],[4.0857],[3.7078],[3.3273],[2.9338],[2.5429],[2.15],[1.8045],[1.5214],[1.3162],[1.1727],[1.0429],[0.8851],[4.124],[4.1156],[4.0688],[4.0357],[4.0688],[4.2],[4.4591],[4.7877],[5.1455],[5.4552],[5.6695],[5.761],[5.7097],[5.5292],[5.2357],[4.9],[4.5721],[4.2701],[3.989],[3.7052],[3.4058],[3.1091],[2.8448],[2.613],[2.4052],[2.1825],[1.9604],[5.4019],[5.3357],[5.3312],[5.3877],[5.5201],[5.7162],[5.9442],[6.1825],[6.3929],[6.5565],[6.6682],[6.7078],[6.6708],[6.5175],[6.2636],[5.9597],[5.6513],[5.3721],[5.1045],[4.8175],[4.5149],[4.2494],[4.0474],[3.9058],[3.7773],[3.5994],[3.387],[6.8448],[6.7481],[6.739],[6.789],[6.8968],[7.0396],[7.213],[7.4117],[7.6039],[7.7812],[7.9416],[8.0487],[8.0669],[7.937],[7.6435],[7.2552],[6.8519],[6.487],[6.1617],[5.8519],[5.6058],[5.5104],[5.6169],[5.8617],[6.0494],[6.0383],[5.7955],[8.3104],[8.1727],[8.0812],[8.0253],[8.0084],[8.0851],[8.2877],[8.5929],[8.9584],[9.3117],[9.6143],[9.8208],[9.8597],[9.6669],[9.2305],[8.6701],[8.1442],[7.7597],[7.5175],[7.3714],[7.3773],[7.6416],[8.2377],[9.0091],[9.6234],[9.7682],[9.3701],[9.4506],[9.2818],[9.1104],[8.9779],[8.9455],[9.0948],[9.4649],[9.9929],[10.5617],[11.0649],[11.4396],[11.6591],[11.6714],[11.3974],[10.8513],[10.1792],[9.6409],[9.3851],[9.387],[9.5429],[9.8435],[10.4136],[11.3506],[12.4812],[13.3981],[13.7403],[13.3708],[10.2617],[10.0714],[9.8935],[9.8292],[9.987],[10.3942],[11.024],[11.7331],[12.3688],[12.8149],[13.0818],[13.2214],[13.213],[12.9656],[12.4273],[11.7708],[11.2792],[11.1545],[11.3292],[11.6182],[11.976],[12.55],[13.5],[14.6968],[15.7974],[16.4727],[16.6721],[10.9935],[10.7903],[10.6864],[10.8721],[11.4026],[12.1753],[13.0325],[13.7708],[14.2747],[14.5149],[14.5844],[14.6221],[14.6247],[14.4481],[13.9929],[13.3669],[12.8552],[12.6708],[12.7351],[12.861],[13.0305],[13.4675],[14.3643],[15.5779],[16.7857],[17.8097],[18.7857],[11.7481],[11.6032],[11.7019],[12.2448],[13.1909],[14.2831],[15.2481],[15.9214],[16.2604],[16.3325],[16.2714],[16.2117],[16.1649],[15.9753],[15.5149],[14.8584],[14.2506],[13.889],[13.7162],[13.5942],[13.6344],[14.1656],[15.3545],[16.8571],[18.124],[19.0448],[20.0929],[12.5182],[12.6136],[13.0351],[13.9104],[15.1032],[16.3071],[17.2506],[17.8617],[18.1727],[18.2857],[18.2753],[18.1565],[17.9377],[17.5364],[16.9266],[16.2019],[15.5617],[15.1286],[14.8747],[14.7136],[14.8766],[15.8123],[17.6182],[19.6513],[20.9682],[21.2435],[21.2682],[13.576],[14.0883],[14.8273],[15.8162],[16.9338],[17.9695],[18.7818],[19.3545],[19.7857],[20.1253],[20.287],[20.1455],[19.6682],[18.9584],[18.1409],[17.3747],[16.7857],[16.4532],[16.3429],[16.3896],[16.8136],[18.0935],[20.3344],[22.7942],[24.1883],[23.874],[22.5955],[15.3266],[16.2597],[17.15],[17.9604],[18.7052],[19.4026],[20.0299],[20.5675],[21.1052],[21.6247],[21.913],[21.7065],[20.9773],[19.9981],[19.0792],[18.3416],[17.8214],[17.5844],[17.6831],[18.0649],[18.7214],[19.9416],[21.9513],[24.3052],[25.8273],[25.576],[23.9188],[17.6227],[18.7623],[19.6117],[20.1136],[20.4734],[20.9026],[21.4019],[21.8805],[22.3338],[22.7753],[22.9766],[22.6195],[21.6909],[20.6071],[19.7857],[19.224],[18.7727],[18.5344],[18.774],[19.4981],[20.3753],[21.2831],[22.4883],[24.0955],[25.5032],[25.8149],[24.8234],[19.5987],[20.6916],[21.4045],[21.7078],[21.9195],[22.3065],[22.7948],[23.1584],[23.3779],[23.5422],[23.5143],[22.9831],[21.9857],[21.0221],[20.5266],[20.3299],[20.0506],[19.7636],[20.024],[20.9838],[22.1188],[22.8195],[23.1916],[23.7883],[24.6812],[25.2364],[24.9682],[20.4526],[21.3383],[21.9351],[22.2312],[22.5071],[22.9643],[23.4448],[23.6929],[23.7104],[23.6766],[23.5351],[23.0409],[22.2039],[21.5506],[21.487],[21.7364],[21.7279],[21.4552],[21.576],[22.4844],[23.6838],[24.3662],[24.4039],[24.3558],[24.5857],[24.7721],[24.4182],[20.1688],[20.7994],[21.3019],[21.6591],[21.9955],[22.4292],[22.8156],[22.9818],[22.9883],[23.0052],[23.0305],[22.839],[22.4208],[22.1558],[22.3721],[22.8591],[23.0675],[22.8942],[22.8416],[23.3084],[24.1195],[24.7143],[24.9208],[24.9604],[24.9643],[24.65],[23.6818]]},{"header":{"disciplineName":["Meteorological products"],"parameterCategory":[2],"parameterCategoryName":["u-component of wind"],"parameterNumberName":["u-component of wind"],"parameterNumber":[2],"parameterUnits":["m s-1"],"refTime":["2017-03-17T0000:00.000Z"],"numberPoints":[621],"nx":[27],"ny":[23],"lo1":[-20],"la1":[70],"lo2":[45],"la2":[45],"dx":[2.5],"dy":[2.5]},"data":[[0.7552],[0.9305],[1.0903],[1.25],[1.4039],[1.5649],[1.7526],[1.9812],[2.2565],[2.5669],[2.9175],[3.2708],[3.6156],[3.926],[4.2065],[4.4344],[4.6273],[4.787],[4.9175],[5.0325],[5.1227],[5.1922],[5.2351],[5.2403],[5.2156],[5.1578],[5.0727],[-0.313],[-0.0513],[0.1831],[0.4097],[0.6299],[0.8825],[1.2052],[1.6214],[2.15],[2.7539],[3.4013],[4.0357],[4.6032],[5.0656],[5.3922],[5.6032],[5.7078],[5.7519],[5.774],[5.7955],[5.8461],[5.9221],[6.0227],[6.1253],[6.2234],[6.2987],[6.3403],[-0.7032],[-0.4266],[-0.1604],[0.1104],[0.3916],[0.7377],[1.1851],[1.7604],[2.4649],[3.2506],[4.0662],[4.813],[5.4253],[5.8526],[6.0799],[6.1292],[6.0721],[5.9455],[5.8344],[5.7831],[5.8136],[5.9422],[6.1474],[6.4227],[6.7195],[7.0058],[7.2688],[0.3442],[0.5519],[0.7831],[1.0331],[1.3175],[1.6662],[2.0981],[2.6403],[3.2656],[3.9461],[4.613],[5.1851],[5.6117],[5.8682],[5.9792],[5.9734],[5.9058],[5.8344],[5.7929],[5.8097],[5.8987],[6.0708],[6.3156],[6.6227],[6.9656],[7.3032],[7.5968],[2.9584],[2.9955],[3.1039],[3.2747],[3.4844],[3.7305],[4.0065],[4.3175],[4.661],[5.0006],[5.3052],[5.5383],[5.6844],[5.7649],[5.8214],[5.911],[6.0325],[6.1994],[6.3643],[6.5058],[6.611],[6.6974],[6.7851],[6.8948],[7.0377],[7.1948],[7.3409],[6.174],[6.0208],[5.9825],[6.0455],[6.1571],[6.2805],[6.3883],[6.4766],[6.5591],[6.6182],[6.6409],[6.6052],[6.5117],[6.4195],[6.3922],[6.4786],[6.6812],[6.9351],[7.1396],[7.2325],[7.1909],[7.0526],[6.8961],[6.7721],[6.7084],[6.7058],[6.7513],[8.8721],[8.5864],[8.4487],[8.4364],[8.4727],[8.5045],[8.4916],[8.4688],[8.4435],[8.4409],[8.4117],[8.2929],[8.0578],[7.7597],[7.4844],[7.3299],[7.2864],[7.2987],[7.2506],[7.0786],[6.7974],[6.4805],[6.2299],[6.0922],[6.0701],[6.1188],[6.2325],[10.676],[10.3403],[10.1487],[10.0766],[10.0461],[9.976],[9.8558],[9.7201],[9.6273],[9.5929],[9.5695],[9.45],[9.1416],[8.6701],[8.1448],[7.6838],[7.3357],[7.0422],[6.7201],[6.3234],[5.9013],[5.587],[5.4669],[5.5396],[5.6955],[5.8695],[6.0273],[11.7481],[11.3799],[11.1182],[10.9571],[10.8208],[10.6409],[10.3578],[10.0084],[9.6786],[9.437],[9.2558],[9.0429],[8.7026],[8.213],[7.6695],[7.2013],[6.8494],[6.5532],[6.2292],[5.8221],[5.4584],[5.2903],[5.3942],[5.676],[5.9584],[6.0883],[6.074],[12.0214],[11.5903],[11.1961],[10.887],[10.6286],[10.3519],[9.9604],[9.426],[8.8039],[8.2143],[7.7519],[7.3896],[7.0662],[6.7299],[6.4214],[6.2084],[6.111],[6.0422],[5.8916],[5.6325],[5.4071],[5.3877],[5.6643],[6.0812],[6.3909],[6.4247],[6.2078],[11.3084],[10.8162],[10.2636],[9.7519],[9.361],[9.0851],[8.7877],[8.3305],[7.6721],[6.9532],[6.3383],[5.9383],[5.7045],[5.5422],[5.4188],[5.3442],[5.3409],[5.3461],[5.2688],[5.0851],[4.9429],[5.0117],[5.363],[5.8481],[6.2182],[6.3318],[6.2253],[9.7403],[9.2851],[8.6422],[7.974],[7.5175],[7.3779],[7.4045],[7.3429],[7.0351],[6.5506],[6.0916],[5.8136],[5.6987],[5.6052],[5.4227],[5.1779],[4.9247],[4.7149],[4.4935],[4.263],[4.1117],[4.163],[4.4597],[4.9],[5.3143],[5.6169],[5.8818],[7.7916],[7.4779],[6.9188],[6.3305],[6.011],[6.1338],[6.5636],[6.9675],[7.0961],[6.9552],[6.7435],[6.6344],[6.6071],[6.5097],[6.2149],[5.7474],[5.2494],[4.7974],[4.4123],[4.0792],[3.8338],[3.7468],[3.8506],[4.1097],[4.426],[4.7981],[5.289],[5.7474],[5.6305],[5.4078],[5.2253],[5.3188],[5.7786],[6.426],[6.9604],[7.1682],[7.0955],[6.9545],[6.9143],[6.9506],[6.9494],[6.787],[6.4649],[6.0565],[5.626],[5.1786],[4.7279],[4.339],[4.1071],[4.0922],[4.2656],[4.5468],[4.8649],[5.2032],[3.7032],[3.889],[4.163],[4.6006],[5.2071],[5.8617],[6.3442],[6.4922],[6.3195],[6.0006],[5.7877],[5.7688],[5.9318],[6.1377],[6.3214],[6.4221],[6.3714],[6.1182],[5.6675],[5.1318],[4.7091],[4.5812],[4.813],[5.3201],[5.8812],[6.237],[6.2344],[2.0682],[2.6338],[3.4221],[4.3565],[5.2299],[5.7545],[5.7409],[5.2552],[4.5792],[4.063],[3.8682],[3.9435],[4.1844],[4.4961],[4.8539],[5.1831],[5.3403],[5.2032],[4.8188],[4.4299],[4.3221],[4.6604],[5.4409],[6.4649],[7.3896],[7.8468],[7.5435],[1.474],[2.3916],[3.4344],[4.4597],[5.1916],[5.3214],[4.824],[3.9519],[3.1591],[2.7377],[2.6948],[2.8071],[2.8877],[2.9247],[2.9857],[3.0721],[3.1104],[3.0461],[2.9851],[3.1558],[3.7208],[4.6461],[5.7461],[6.7565],[7.4584],[7.6364],[7.1312],[2.05],[3.0526],[3.9429],[4.6091],[4.876],[4.6721],[4.0604],[3.3617],[2.8786],[2.7136],[2.6968],[2.5623],[2.1929],[1.6786],[1.1851],[0.8273],[0.6844],[0.8247],[1.3506],[2.3006],[3.5123],[4.6747],[5.4383],[5.626],[5.3448],[4.8013],[4.1532],[2.9779],[3.6773],[4.0422],[4.0948],[3.8981],[3.5701],[3.2448],[3.0338],[2.9701],[2.8974],[2.6045],[1.9968],[1.187],[0.3494],[-0.376],[-0.8552],[-0.937],[-0.4799],[0.5461],[1.911],[3.2234],[4.0331],[4.0584],[3.2851],[2.0481],[0.8838],[0.2117],[2.8669],[3.0838],[2.8656],[2.3864],[1.9091],[1.6344],[1.6234],[1.7792],[1.8779],[1.661],[1.037],[0.1799],[-0.6351],[-1.1994],[-1.5169],[-1.6169],[-1.4071],[-0.7597],[0.2481],[1.2877],[1.976],[2.087],[1.6026],[0.6253],[-0.6461],[-1.8097],[-2.4338],[0.7071],[0.6247],[0.1779],[-0.426],[-0.8877],[-1.0539],[-0.9857],[-0.8409],[-0.8344],[-1.1468],[-1.7331],[-2.3461],[-2.6552],[-2.5506],[-2.1695],[-1.7104],[-1.2169],[-0.6487],[-0.113],[0.1494],[-0.0312],[-0.5065],[-1.0149],[-1.4682],[-2.0052],[-2.7065],[-3.3903],[-3.2864],[-3.3104],[-3.5286],[-3.7909],[-3.9435],[-3.9805],[-4.0006],[-4.0591],[-4.1591],[-4.2877],[-4.4149],[-4.4377],[-4.1851],[-3.5968],[-2.7929],[-2.0052],[-1.3974],[-1.0195],[-0.9169],[-1.1636],[-1.7273],[-2.3416],[-2.6786],[-2.6753],[-2.6708],[-3.0604],[-3.8662],[-7.5961],[-7.4851],[-7.3266],[-7.1208],[-6.8935],[-6.7896],[-6.8896],[-7.0721],[-7.1084],[-6.8968],[-6.4942],[-6.0364],[-5.5435],[-4.9377],[-4.1714],[-3.3643],[-2.7649],[-2.4831],[-2.439],[-2.5201],[-2.6987],[-2.9682],[-3.2071],[-3.3351],[-3.4532],[-3.7896],[-4.4357]]},{"header":{"disciplineName":["Meteorological products"],"parameterCategory":[2],"parameterCategoryName":["v-component of wind"],"parameterNumberName":["v-component of wind"],"parameterNumber":[3],"parameterUnits":["m s-1"],"refTime":["2017-03-17T0000:00.000Z"],"numberPoints":[621],"nx":[27],"ny":[23],"lo1":[-20],"la1":[70],"lo2":[45],"la2":[45],"dx":[2.5],"dy":[2.5]},"data":[[-1.0883],[-0.65],[-0.1987],[0.2162],[0.5545],[0.8097],[0.9922],[1.1006],[1.1513],[1.1597],[1.137],[1.0922],[1.0221],[0.9403],[0.8279],[0.6877],[0.5065],[0.274],[-0.0175],[-0.3623],[-0.7474],[-1.1435],[-1.5136],[-1.8331],[-2.0649],[-2.2234],[-2.2773],[-0.2214],[0.1474],[0.4779],[0.7643],[1.0039],[1.2286],[1.4494],[1.6721],[1.8818],[2.0539],[2.1545],[2.1708],[2.1039],[1.9584],[1.7455],[1.4877],[1.1883],[0.8455],[0.4571],[0.0318],[-0.4331],[-0.8948],[-1.3292],[-1.7019],[-1.9727],[-2.1539],[-2.2273],[0.5403],[0.8403],[1.0578],[1.2409],[1.4429],[1.7351],[2.1266],[2.5779],[3.0221],[3.3662],[3.5312],[3.4805],[3.2208],[2.8188],[2.3221],[1.8169],[1.3364],[0.9013],[0.5019],[0.1416],[-0.2065],[-0.5403],[-0.8409],[-1.1039],[-1.3143],[-1.4747],[-1.5942],[0.9818],[1.274],[1.4662],[1.6396],[1.8929],[2.3123],[2.9039],[3.589],[4.2422],[4.7],[4.8422],[4.6409],[4.1318],[3.4221],[2.6448],[1.9136],[1.311],[0.839],[0.4942],[0.2383],[0.0545],[-0.0844],[-0.1896],[-0.2792],[-0.3883],[-0.5221],[-0.7065],[1.1019],[1.4773],[1.7409],[1.9747],[2.2961],[2.8052],[3.4929],[4.2838],[5.0006],[5.4669],[5.5526],[5.2305],[4.5812],[3.7513],[2.8974],[2.1409],[1.5331],[1.0675],[0.7117],[0.4494],[0.2727],[0.1766],[0.1591],[0.176],[0.1682],[0.0844],[-0.1195],[0.9182],[1.4026],[1.7799],[2.1091],[2.4929],[2.9955],[3.6532],[4.3792],[5.0325],[5.4188],[5.424],[5.0474],[4.3909],[3.6273],[2.9104],[2.3084],[1.8052],[1.3455],[0.9045],[0.4942],[0.174],[-0.0006],[-0.0169],[0.0818],[0.2026],[0.2416],[0.1383],[0.3838],[0.9273],[1.4377],[1.8974],[2.3578],[2.8838],[3.5026],[4.1584],[4.7214],[5.0091],[4.9195],[4.4617],[3.7844],[3.0786],[2.4948],[2.0532],[1.6623],[1.213],[0.6721],[0.1286],[-0.289],[-0.4617],[-0.3825],[-0.1312],[0.163],[0.3825],[0.4656],[-0.4312],[0.1234],[0.7396],[1.3734],[2],[2.6468],[3.3344],[4.0325],[4.5955],[4.8461],[4.6448],[4.0422],[3.2201],[2.4325],[1.8545],[1.4695],[1.1195],[0.6649],[0.0896],[-0.4669],[-0.8],[-0.787],[-0.4877],[-0.0364],[0.3896],[0.7091],[0.9097],[-1.2643],[-0.7468],[-0.0338],[0.7623],[1.5649],[2.3675],[3.1656],[3.9318],[4.5494],[4.7987],[4.5552],[3.8247],[2.861],[1.9649],[1.3519],[0.9805],[0.6591],[0.1877],[-0.4084],[-0.9208],[-1.0786],[-0.7968],[-0.2279],[0.3468],[0.7455],[0.9552],[1.0877],[-1.9045],[-1.4149],[-0.6818],[0.1922],[1.0773],[1.913],[2.6799],[3.387],[3.9526],[4.213],[4.0162],[3.3435],[2.4169],[1.5714],[1.0331],[0.7539],[0.4766],[-0.0084],[-0.6442],[-1.1234],[-1.1162],[-0.5792],[0.2019],[0.8169],[1.0416],[0.9864],[0.9058],[-2.3753],[-1.9403],[-1.2552],[-0.4201],[0.4506],[1.2188],[1.8429],[2.3409],[2.7455],[2.9825],[2.9149],[2.4649],[1.7597],[1.0812],[0.6701],[0.4851],[0.2773],[-0.1779],[-0.8006],[-1.2045],[-1.0344],[-0.2747],[0.6701],[1.2916],[1.3721],[1.0922],[0.8299],[-2.8058],[-2.4896],[-1.9331],[-1.1494],[-0.2422],[0.5838],[1.1662],[1.5104],[1.7455],[1.911],[1.9565],[1.7136],[1.1896],[0.5747],[0.1279],[-0.0916],[-0.2773],[-0.6364],[-1.089],[-1.3026],[-0.9227],[-0.0026],[1.0526],[1.6955],[1.7539],[1.4623],[1.2117],[-3.2091],[-3.0812],[-2.6786],[-1.8708],[-0.7299],[0.4201],[1.2318],[1.5779],[1.6364],[1.6519],[1.6494],[1.4539],[0.939],[0.2032],[-0.4617],[-0.8799],[-1.1091],[-1.3162],[-1.5227],[-1.4643],[-0.9123],[0.0896],[1.1474],[1.8331],[2.013],[1.9227],[1.8481],[-3.4468],[-3.4929],[-3.1805],[-2.2364],[-0.7253],[0.8727],[1.9734],[2.3149],[2.1422],[1.8734],[1.6773],[1.4097],[0.8416],[-0.0143],[-0.8838],[-1.4955],[-1.8266],[-1.9818],[-2.0286],[-1.8006],[-1.1448],[-0.0916],[1.0305],[1.8565],[2.2487],[2.3714],[2.426],[-3.3773],[-3.4519],[-3.0812],[-1.9565],[-0.1844],[1.6221],[2.7409],[2.8968],[2.4156],[1.8721],[1.5396],[1.2617],[0.7468],[-0.0701],[-0.9675],[-1.7039],[-2.2149],[-2.5487],[-2.6903],[-2.4448],[-1.6286],[-0.2929],[1.1974],[2.3883],[2.9987],[3.0558],[2.7942],[-2.8857],[-2.776],[-2.2325],[-1.039],[0.6351],[2.1656],[2.8974],[2.7117],[2.0747],[1.5701],[1.3773],[1.2429],[0.824],[0.0773],[-0.8039],[-1.6487],[-2.437],[-3.1383],[-3.5357],[-3.2571],[-2.0643],[-0.1084],[2.0844],[3.7773],[4.4253],[3.9474],[2.7955],[-1.8909],[-1.5006],[-0.8513],[0.163],[1.3448],[2.1981],[2.3292],[1.8903],[1.4455],[1.3857],[1.5942],[1.5981],[1.087],[0.2013],[-0.7851],[-1.7578],[-2.7805],[-3.737],[-4.2273],[-3.7221],[-1.9948],[0.6377],[3.4032],[5.3416],[5.7123],[4.4214],[2.1903],[-0.463],[0.0766],[0.6039],[1.1747],[1.6818],[1.8227],[1.4786],[1.0234],[0.9805],[1.4773],[2.0026],[1.9052],[1.0468],[-0.1701],[-1.3052],[-2.2786],[-3.2286],[-4.0494],[-4.2435],[-3.3013],[-1.1604],[1.661],[4.3253],[5.9305],[5.8208],[3.9506],[1.1558],[1.0701],[1.4623],[1.6188],[1.6844],[1.6805],[1.4539],[0.9974],[0.6682],[0.8981],[1.5786],[2.0201],[1.5864],[0.3286],[-1.1078],[-2.1916],[-2.8909],[-3.4325],[-3.7078],[-3.3039],[-1.9279],[0.226],[2.5422],[4.3623],[5.1909],[4.6747],[2.8526],[0.3591],[2.2325],[2.2338],[1.9455],[1.6766],[1.5643],[1.426],[1.1357],[0.9097],[1.0532],[1.4331],[1.4669],[0.7078],[-0.6422],[-1.9084],[-2.6649],[-2.9623],[-3.0052],[-2.6929],[-1.761],[-0.2143],[1.5286],[2.9305],[3.7058],[3.8],[3.1786],[1.8357],[0.0818],[2.6994],[2.2623],[1.6844],[1.3669],[1.4019],[1.5156],[1.4123],[1.1565],[1.0136],[0.9604],[0.6714],[-0.0792],[-1.0662],[-1.8234],[-2.1584],[-2.1851],[-1.9838],[-1.4169],[-0.3701],[0.9019],[1.9506],[2.5273],[2.6981],[2.5662],[2.0695],[1.089],[-0.2351],[2.4974],[1.8143],[1.1929],[0.9481],[1.0513],[1.1792],[1.0253],[0.6662],[0.3487],[0.1662],[-0.0565],[-0.4409],[-0.8299],[-1.0188],[-1.0325],[-1.0156],[-0.8929],[-0.4649],[0.2422],[0.8662],[1.1578],[1.2701],[1.4747],[1.6519],[1.3377],[0.2805],[-1.2117],[2.0006],[1.3338],[0.8169],[0.5838],[0.487],[0.274],[-0.1409],[-0.5753],[-0.7825],[-0.7558],[-0.6903],[-0.6786],[-0.6078],[-0.4013],[-0.2286],[-0.2597],[-0.3377],[-0.2461],[-0.0675],[-0.1305],[-0.4123],[-0.3981],[0.2234],[0.9],[0.6922],[-0.6968],[-2.5539]]}]