html/data/WT_pct09_ind_wt_5_7.json
[{"header":{"disciplineName":["Meteorological products"],"parameterCategory":[0],"parameterCategoryName":["Temperature"],"parameterNumberName":["Temperature"],"parameterNumber":[0],"parameterUnits":["K"],"refTime":["2017-03-17T0000:00.000Z"],"numberPoints":[621],"nx":[27],"ny":[23],"lo1":[-20],"la1":[70],"lo2":[45],"la2":[45],"dx":[2.5],"dy":[2.5]},"data":[[-5.9161],[-5.7161],[-5.5449],[-5.4093],[-5.3347],[-5.311],[-5.3127],[-5.3347],[-5.3415],[-5.3195],[-5.2686],[-5.1551],[-5.0059],[-4.8347],[-4.6653],[-4.5314],[-4.4517],[-4.4331],[-4.4669],[-4.5585],[-4.6602],[-4.7653],[-4.8297],[-4.8432],[-4.8093],[-4.7263],[-4.6314],[-4.4432],[-4.2754],[-4.1585],[-4.0822],[-4.0466],[-4.05],[-4.0788],[-4.1195],[-4.1347],[-4.1229],[-4.0585],[-3.9568],[-3.8127],[-3.6568],[-3.5059],[-3.3788],[-3.3059],[-3.2941],[-3.3229],[-3.3907],[-3.4585],[-3.4907],[-3.4636],[-3.3805],[-3.2314],[-3.0432],[-2.8653],[-3.0161],[-2.95],[-2.9212],[-2.9127],[-2.9229],[-2.9466],[-2.9686],[-2.9703],[-2.9347],[-2.8975],[-2.828],[-2.75],[-2.6602],[-2.5653],[-2.4754],[-2.3975],[-2.3297],[-2.2958],[-2.2636],[-2.2246],[-2.1619],[-2.0246],[-1.8534],[-1.6297],[-1.3839],[-1.1636],[-0.9839],[-1.7347],[-1.7534],[-1.7941],[-1.8653],[-1.9076],[-1.9263],[-1.9059],[-1.8229],[-1.7008],[-1.572],[-1.4347],[-1.3297],[-1.2314],[-1.1619],[-1.0958],[-1.0212],[-0.9432],[-0.8415],[-0.7263],[-0.5788],[-0.3788],[-0.1297],[0.1331],[0.4042],[0.6178],[0.7415],[0.7381],[-0.728],[-0.7297],[-0.7636],[-0.8263],[-0.9008],[-0.9347],[-0.9059],[-0.7703],[-0.5653],[-0.3161],[-0.0619],[0.15],[0.3144],[0.4449],[0.5737],[0.7008],[0.8415],[0.9975],[1.1602],[1.3585],[1.5686],[1.8178],[2.0619],[2.25],[2.3246],[2.2602],[2.0822],[0.0534],[0.1856],[0.2669],[0.2737],[0.2059],[0.1314],[0.1263],[0.2483],[0.4992],[0.8195],[1.1483],[1.4534],[1.7008],[1.9161],[2.1093],[2.3144],[2.5059],[2.6941],[2.8619],[3.028],[3.2093],[3.3992],[3.5551],[3.6398],[3.5907],[3.4042],[3.1297],[0.8534],[1.1347],[1.3585],[1.4466],[1.4178],[1.3398],[1.3229],[1.4347],[1.6941],[2.0432],[2.4008],[2.7144],[2.9619],[3.1754],[3.3941],[3.6246],[3.8669],[4.072],[4.2517],[4.4025],[4.5483],[4.6873],[4.7856],[4.772],[4.6398],[4.3975],[4.1415],[1.8771],[2.1669],[2.3975],[2.5381],[2.5754],[2.5771],[2.6331],[2.8025],[3.1025],[3.4839],[3.8703],[4.1737],[4.3958],[4.5669],[4.7449],[4.9619],[5.1737],[5.3754],[5.5415],[5.6805],[5.8076],[5.9144],[5.9466],[5.8568],[5.6381],[5.3737],[5.1924],[3.1042],[3.228],[3.3466],[3.4788],[3.6127],[3.7568],[3.9331],[4.1907],[4.5551],[5.0042],[5.4602],[5.828],[6.0856],[6.2568],[6.3839],[6.5331],[6.6653],[6.7653],[6.7975],[6.7975],[6.7856],[6.7771],[6.7008],[6.5263],[6.289],[6.0924],[6.0788],[4.3432],[4.2805],[4.3212],[4.4856],[4.7653],[5.0263],[5.2941],[5.5653],[5.9246],[6.3958],[6.9263],[7.4076],[7.75],[7.9398],[8.0263],[8.0788],[8.0686],[7.9805],[7.7805],[7.5127],[7.25],[7.0347],[6.8534],[6.6856],[6.5381],[6.5178],[6.7653],[5.4297],[5.3669],[5.4653],[5.7653],[6.1754],[6.5568],[6.8161],[7.0314],[7.3059],[7.7246],[8.2398],[8.7347],[9.0653],[9.2042],[9.1924],[9.1381],[9.0381],[8.8686],[8.5517],[8.1331],[7.6907],[7.3856],[7.2347],[7.1992],[7.2347],[7.3585],[7.6975],[6.3686],[6.4737],[6.7144],[7.1263],[7.6144],[8.0534],[8.3636],[8.5992],[8.8381],[9.1771],[9.5873],[9.9466],[10.1025],[10.05],[9.8856],[9.7517],[9.7008],[9.6822],[9.5703],[9.3042],[9.011],[8.8619],[8.9415],[9.1839],[9.4212],[9.5686],[9.711],[7.3263],[7.5653],[7.8364],[8.2059],[8.6771],[9.2331],[9.7653],[10.2212],[10.5992],[10.8839],[11.1263],[11.2432],[11.1992],[10.9636],[10.6534],[10.4466],[10.4771],[10.711],[10.95],[11.0517],[11.1008],[11.2754],[11.7314],[12.3636],[12.8941],[13.1347],[13.1076],[8.3941],[8.6144],[8.75],[9.0127],[9.5636],[10.428],[11.4059],[12.2144],[12.7025],[12.8873],[12.8703],[12.7805],[12.6093],[12.3212],[11.9619],[11.6737],[11.6331],[11.8924],[12.2619],[12.5686],[12.8415],[13.3042],[14.1347],[15.2059],[16.1822],[16.8178],[17.1381],[9.4669],[9.5602],[9.6229],[10.0229],[10.9788],[12.3924],[13.8517],[14.8636],[15.2381],[15.0975],[14.7551],[14.489],[14.311],[14.0958],[13.7483],[13.3517],[13.0754],[13.0924],[13.272],[13.4941],[13.7686],[14.3839],[15.4992],[16.9839],[18.3805],[19.472],[20.4144],[10.3585],[10.4263],[10.7025],[11.5822],[13.1907],[15.1856],[16.9144],[17.8212],[17.8314],[17.3025],[16.7144],[16.35],[16.1737],[15.9924],[15.6415],[15.1822],[14.7585],[14.55],[14.5364],[14.6263],[14.8873],[15.5992],[16.9653],[18.7263],[20.2856],[21.3432],[22.2839],[11.1398],[11.4449],[12.1568],[13.5754],[15.6517],[17.8653],[19.4602],[20.0517],[19.7788],[19.2059],[18.7703],[18.5229],[18.3076],[17.9788],[17.5466],[17.1127],[16.7754],[16.6229],[16.6415],[16.7907],[17.1449],[18.0076],[19.5941],[21.55],[23.0466],[23.5551],[23.5619],[12.3025],[13.0398],[14.1347],[15.7263],[17.6941],[19.5517],[20.7636],[21.1059],[20.9822],[20.9144],[21.0822],[21.172],[20.8703],[20.2432],[19.6449],[19.2805],[19.1314],[19.1127],[19.2331],[19.4856],[19.9415],[20.8415],[22.4636],[24.5602],[26.1703],[26.3907],[25.4093],[14.2737],[15.4703],[16.728],[18.0263],[19.3839],[20.6195],[21.4331],[21.8076],[22.1161],[22.7669],[23.5975],[23.9992],[23.5822],[22.6873],[21.9415],[21.6161],[21.4873],[21.3653],[21.3449],[21.5686],[21.9958],[22.6788],[23.9669],[25.9585],[27.9229],[28.6941],[27.8466],[16.9364],[18.4025],[19.6161],[20.4856],[21.2042],[21.9297],[22.5788],[23.1195],[23.7636],[24.7551],[25.8059],[26.2364],[25.7127],[24.7364],[24.0551],[23.7805],[23.528],[23.0754],[22.7551],[22.8941],[23.2873],[23.6602],[24.272],[25.6788],[27.6975],[29.3144],[29.5449],[19.6059],[21.0297],[22.0653],[22.6381],[23.0195],[23.5415],[24.1873],[24.8076],[25.4314],[26.2059],[26.9703],[27.2144],[26.7161],[25.9517],[25.5585],[25.4924],[25.2008],[24.5246],[24.0381],[24.2178],[24.7653],[25.0466],[25.0907],[25.6008],[26.9805],[28.6314],[29.5517],[21.4924],[22.5636],[23.3517],[23.7703],[24.0619],[24.5059],[25.1093],[25.6347],[26.0076],[26.3805],[26.772],[26.9263],[26.7195],[26.4161],[26.3958],[26.5636],[26.4008],[25.8432],[25.428],[25.6602],[26.3364],[26.7839],[26.7788],[26.8178],[27.3076],[28.0263],[28.4076],[22.1212],[22.7195],[23.1771],[23.4771],[23.7229],[24.0551],[24.5025],[24.8805],[25.089],[25.2551],[25.5263],[25.8483],[26.1059],[26.2992],[26.528],[26.7415],[26.7364],[26.4703],[26.2144],[26.2534],[26.6076],[27.0856],[27.5432],[27.9619],[28.2161],[28.0297],[27.2907]]},{"header":{"disciplineName":["Meteorological products"],"parameterCategory":[2],"parameterCategoryName":["u-component of wind"],"parameterNumberName":["u-component of wind"],"parameterNumber":[2],"parameterUnits":["m s-1"],"refTime":["2017-03-17T0000:00.000Z"],"numberPoints":[621],"nx":[27],"ny":[23],"lo1":[-20],"la1":[70],"lo2":[45],"la2":[45],"dx":[2.5],"dy":[2.5]},"data":[[2.3508],[2.4983],[2.578],[2.6102],[2.6102],[2.6034],[2.6339],[2.722],[2.8678],[3.0983],[3.3644],[3.6695],[3.9508],[4.1932],[4.3966],[4.522],[4.6051],[4.6661],[4.7153],[4.7729],[4.8288],[4.9034],[4.9831],[5.0492],[5.1305],[5.2169],[5.3271],[2.2424],[2.5847],[2.8678],[3.0831],[3.239],[3.3644],[3.5153],[3.7],[3.9407],[4.2424],[4.5576],[4.8593],[5.0966],[5.2322],[5.2746],[5.2475],[5.2034],[5.1712],[5.2102],[5.3508],[5.561],[5.8271],[6.0915],[6.3203],[6.4864],[6.5932],[6.6458],[2.539],[2.9085],[3.2424],[3.5237],[3.7746],[4.0119],[4.2458],[4.5034],[4.8051],[5.1424],[5.4661],[5.7305],[5.9],[5.9424],[5.8746],[5.7322],[5.5949],[5.5288],[5.5932],[5.8186],[6.1831],[6.6203],[7.0492],[7.3915],[7.6051],[7.6593],[7.6],[2.8271],[2.9847],[3.178],[3.3932],[3.6508],[3.9237],[4.1898],[4.4763],[4.7627],[5.0712],[5.378],[5.6407],[5.8593],[5.9915],[6.0492],[6.0729],[6.0763],[6.1559],[6.3424],[6.6339],[7.0068],[7.4102],[7.7441],[7.9458],[7.9678],[7.8288],[7.5678],[2.9864],[2.9034],[2.9119],[3.0356],[3.2593],[3.5305],[3.8068],[4.0644],[4.3068],[4.5186],[4.7475],[5],[5.2746],[5.5661],[5.8644],[6.1797],[6.5102],[6.8441],[7.1797],[7.4915],[7.7407],[7.8627],[7.8373],[7.6458],[7.322],[6.9],[6.4559],[3.2847],[3.0881],[3.0169],[3.0983],[3.3051],[3.5949],[3.9051],[4.1661],[4.3695],[4.5254],[4.6492],[4.7797],[4.9559],[5.1881],[5.5017],[5.8915],[6.3339],[6.8],[7.1864],[7.4627],[7.5424],[7.3881],[7.0305],[6.5186],[5.9525],[5.4203],[5.0068],[3.9492],[3.7373],[3.5881],[3.5864],[3.761],[4.0271],[4.3542],[4.6831],[4.9525],[5.1407],[5.239],[5.2559],[5.2119],[5.1542],[5.1492],[5.239],[5.4271],[5.7],[5.9542],[6.1136],[6.0898],[5.8525],[5.4322],[4.9186],[4.4271],[4.0661],[3.9203],[4.9068],[4.5831],[4.3119],[4.1644],[4.1932],[4.3864],[4.6864],[5.0254],[5.3356],[5.5576],[5.6712],[5.6525],[5.5],[5.2356],[4.9271],[4.6627],[4.4814],[4.3678],[4.3085],[4.2254],[4.0864],[3.861],[3.5881],[3.3085],[3.0966],[3.0288],[3.1763],[5.9458],[5.4542],[5.0424],[4.7797],[4.7119],[4.8169],[4.9966],[5.1475],[5.2576],[5.2881],[5.2508],[5.1712],[5.0407],[4.8661],[4.6593],[4.4068],[4.1271],[3.778],[3.3847],[2.9525],[2.5627],[2.2695],[2.1153],[2.0966],[2.1847],[2.361],[2.6373],[6.7254],[6.2254],[5.8288],[5.5966],[5.5136],[5.5237],[5.5153],[5.4051],[5.1322],[4.7153],[4.278],[3.9559],[3.8153],[3.8508],[3.9763],[4.0525],[3.978],[3.6661],[3.1085],[2.4339],[1.7881],[1.4102],[1.3458],[1.5559],[1.9085],[2.2593],[2.5508],[6.861],[6.5763],[6.3576],[6.1729],[6.0119],[5.8949],[5.778],[5.5593],[5.1322],[4.4898],[3.7695],[3.1763],[2.861],[2.8525],[3.0508],[3.2678],[3.3271],[3.1136],[2.6322],[1.9881],[1.4102],[1.1373],[1.2441],[1.7051],[2.3068],[2.8458],[3.2136],[6.2186],[6.2458],[6.161],[5.8898],[5.5136],[5.2542],[5.2],[5.2797],[5.2627],[4.9729],[4.4441],[3.8542],[3.3847],[3.0932],[2.9305],[2.7881],[2.6085],[2.339],[2.0102],[1.6814],[1.4525],[1.4814],[1.8102],[2.4153],[3.1169],[3.7525],[4.2017],[5.1339],[5.322],[5.2712],[4.9119],[4.4237],[4.1881],[4.4102],[4.9949],[5.5983],[5.9068],[5.8644],[5.5847],[5.2203],[4.8],[4.2898],[3.7153],[3.1627],[2.7356],[2.4864],[2.4169],[2.4932],[2.7339],[3.1153],[3.5881],[4.078],[4.5458],[4.9339],[4.0373],[4.2339],[4.2814],[4.1068],[3.9017],[3.9881],[4.4983],[5.2712],[5.9508],[6.3322],[6.4305],[6.4508],[6.461],[6.4085],[6.1661],[5.7169],[5.2169],[4.8051],[4.5576],[4.4831],[4.5525],[4.7237],[4.9508],[5.1424],[5.2695],[5.4017],[5.5492],[3.1237],[3.3186],[3.5797],[3.8695],[4.2051],[4.6508],[5.1271],[5.4475],[5.4407],[5.1898],[4.9881],[5.1102],[5.5881],[6.2051],[6.7322],[7.0407],[7.1424],[7.061],[6.8627],[6.6102],[6.4712],[6.4898],[6.5983],[6.6746],[6.6712],[6.6339],[6.6068],[2.4169],[2.7237],[3.2492],[3.9136],[4.5356],[4.922],[4.9119],[4.4525],[3.6814],[2.9322],[2.5864],[2.822],[3.5661],[4.5729],[5.6254],[6.5695],[7.2949],[7.6322],[7.5627],[7.2627],[7.0508],[7.1203],[7.3508],[7.561],[7.678],[7.7695],[7.8729],[2.2102],[2.7576],[3.4831],[4.1966],[4.6068],[4.4966],[3.8424],[2.9305],[2.1186],[1.7119],[1.8254],[2.3051],[2.9492],[3.6051],[4.3169],[5.1288],[5.8695],[6.3254],[6.3983],[6.3085],[6.3831],[6.7102],[7.1237],[7.3949],[7.5271],[7.7847],[8.2305],[2.9898],[3.7847],[4.5492],[5.0661],[5.0661],[4.4695],[3.5542],[2.8034],[2.6],[2.9898],[3.6763],[4.2119],[4.3593],[4.1746],[3.9797],[3.9966],[4.2119],[4.4136],[4.5492],[4.7983],[5.339],[6.0017],[6.4339],[6.4271],[6.2627],[6.3627],[6.9729],[4.6949],[5.4644],[5.978],[6.1424],[5.8831],[5.2322],[4.561],[4.2763],[4.561],[5.2136],[5.7814],[5.8932],[5.461],[4.6661],[3.8593],[3.2932],[2.9644],[2.8169],[2.9],[3.4085],[4.2915],[5.1627],[5.5237],[5.2424],[4.6831],[4.4102],[4.7068],[6.1068],[6.4644],[6.3525],[6.0068],[5.561],[5.1373],[4.9],[4.939],[5.1322],[5.2525],[5.0847],[4.6271],[3.9949],[3.3339],[2.7441],[2.2475],[1.8119],[1.4644],[1.4373],[1.9254],[2.8356],[3.7153],[4.078],[3.8559],[3.3068],[2.7492],[2.3508],[5.4746],[5.2729],[4.4915],[3.6068],[2.9814],[2.6966],[2.6898],[2.7593],[2.6373],[2.1983],[1.561],[1.0254],[0.7407],[0.678],[0.6915],[0.6678],[0.5119],[0.2356],[0.0763],[0.2915],[0.861],[1.4831],[1.8373],[1.8915],[1.6864],[1.122],[0.0831],[1.9],[1.4983],[0.5881],[-0.3407],[-0.9644],[-1.2424],[-1.2915],[-1.3254],[-1.5254],[-1.9085],[-2.2254],[-2.2441],[-2.0068],[-1.6627],[-1.3017],[-0.9169],[-0.6373],[-0.622],[-0.8305],[-0.9729],[-0.9153],[-0.761],[-0.6763],[-0.6102],[-0.5949],[-1.0576],[-2.322],[-3.6661],[-3.8068],[-4.0831],[-4.3441],[-4.5254],[-4.7153],[-4.8966],[-5.0593],[-5.1237],[-5.0254],[-4.6678],[-4.1254],[-3.6458],[-3.3542],[-3.0153],[-2.3576],[-1.5746],[-1.1475],[-1.2441],[-1.5729],[-1.8305],[-2.0763],[-2.4814],[-2.8695],[-3.0695],[-3.3576],[-4.2847]]},{"header":{"disciplineName":["Meteorological products"],"parameterCategory":[2],"parameterCategoryName":["v-component of wind"],"parameterNumberName":["v-component of wind"],"parameterNumber":[3],"parameterUnits":["m s-1"],"refTime":["2017-03-17T0000:00.000Z"],"numberPoints":[621],"nx":[27],"ny":[23],"lo1":[-20],"la1":[70],"lo2":[45],"la2":[45],"dx":[2.5],"dy":[2.5]},"data":[[-1.7254],[-2.1627],[-2.539],[-2.8288],[-2.9932],[-2.9932],[-2.8373],[-2.5305],[-2.1068],[-1.6136],[-1.1136],[-0.6763],[-0.3441],[-0.1508],[-0.0949],[-0.1559],[-0.3271],[-0.5458],[-0.7712],[-0.9559],[-1.0458],[-1.0271],[-0.8576],[-0.5441],[-0.1237],[0.3627],[0.861],[-0.6492],[-1.0983],[-1.5424],[-1.9458],[-2.2356],[-2.3458],[-2.2542],[-1.9644],[-1.5237],[-0.9983],[-0.4949],[-0.0797],[0.2],[0.3136],[0.2644],[0.0949],[-0.1424],[-0.4034],[-0.6203],[-0.7695],[-0.7915],[-0.6831],[-0.4492],[-0.0729],[0.3881],[0.9],[1.3797],[0.2576],[-0.1627],[-0.6356],[-1.1],[-1.4763],[-1.6746],[-1.6627],[-1.4508],[-1.0695],[-0.6407],[-0.2305],[0.0678],[0.1847],[0.1441],[-0.0271],[-0.2525],[-0.4881],[-0.6305],[-0.661],[-0.5695],[-0.3627],[-0.078],[0.278],[0.6576],[1.0441],[1.3915],[1.6593],[0.5508],[0.2407],[-0.1237],[-0.4864],[-0.7763],[-0.9373],[-0.9305],[-0.7458],[-0.4576],[-0.1169],[0.178],[0.3458],[0.3475],[0.1949],[-0.0542],[-0.3254],[-0.5068],[-0.5254],[-0.3831],[-0.0797],[0.3068],[0.7119],[1.0797],[1.3339],[1.4915],[1.5441],[1.4763],[0.4576],[0.3153],[0.1746],[0.0475],[-0.0424],[-0.0712],[-0.0102],[0.1322],[0.3729],[0.639],[0.8729],[0.9983],[0.9746],[0.822],[0.5627],[0.322],[0.1576],[0.1288],[0.2661],[0.5271],[0.8441],[1.1288],[1.3017],[1.3271],[1.2068],[0.9763],[0.6576],[0.3661],[0.3627],[0.422],[0.5102],[0.5932],[0.6814],[0.7712],[0.8831],[1.039],[1.2102],[1.3797],[1.4746],[1.4881],[1.4034],[1.261],[1.0831],[0.9322],[0.861],[0.8475],[0.8712],[0.8932],[0.8508],[0.7288],[0.5],[0.2271],[-0.078],[-0.3695],[0.2695],[0.2898],[0.4407],[0.6627],[0.8915],[1.0847],[1.2288],[1.3356],[1.4305],[1.5085],[1.5407],[1.5356],[1.4695],[1.3746],[1.278],[1.2186],[1.1627],[1.1085],[1.0203],[0.8424],[0.5763],[0.2373],[-0.1288],[-0.4678],[-0.7],[-0.7949],[-0.7797],[-0.139],[-0.1695],[0.0424],[0.4237],[0.8678],[1.261],[1.5746],[1.7644],[1.8627],[1.8559],[1.7373],[1.5119],[1.2288],[0.9661],[0.8119],[0.7983],[0.8644],[0.922],[0.8644],[0.6339],[0.2407],[-0.2203],[-0.6695],[-0.9441],[-0.9729],[-0.7441],[-0.3475],[-0.8644],[-0.9153],[-0.5695],[0.0763],[0.822],[1.4983],[1.9661],[2.2237],[2.3085],[2.2407],[2.0322],[1.6627],[1.2034],[0.7729],[0.4966],[0.4356],[0.5034],[0.5729],[0.5051],[0.2458],[-0.1475],[-0.5644],[-0.8864],[-0.9932],[-0.8051],[-0.3119],[0.361],[-1.5915],[-1.5695],[-1.0271],[-0.1203],[0.8814],[1.6831],[2.1458],[2.2695],[2.2],[2.0441],[1.8339],[1.5407],[1.1695],[0.7966],[0.5203],[0.3983],[0.3525],[0.2458],[-0.0051],[-0.3729],[-0.7475],[-0.9814],[-1.0254],[-0.8678],[-0.5],[0.0814],[0.8],[-1.9847],[-1.8661],[-1.2475],[-0.2627],[0.7644],[1.5186],[1.822],[1.7119],[1.4017],[1.1],[0.9254],[0.8339],[0.7271],[0.5915],[0.4678],[0.3898],[0.2424],[-0.0424],[-0.5169],[-1.0169],[-1.3203],[-1.2797],[-0.9441],[-0.4559],[0.0661],[0.6186],[1.2237],[-2.0254],[-1.8424],[-1.3356],[-0.5746],[0.3],[1.0153],[1.3492],[1.2169],[0.761],[0.2881],[0.0373],[-0.0085],[0.0254],[0.0339],[0.0068],[-0.0237],[-0.122],[-0.4068],[-0.8915],[-1.3492],[-1.5],[-1.1593],[-0.4576],[0.3373],[1.0203],[1.5593],[2.039],[-1.8627],[-1.6881],[-1.4186],[-0.9644],[-0.2153],[0.7034],[1.4203],[1.5644],[1.1373],[0.4593],[-0.0729],[-0.3102],[-0.4339],[-0.5949],[-0.7678],[-0.8627],[-0.8831],[-0.9644],[-1.2034],[-1.4407],[-1.3424],[-0.7627],[0.1661],[1.1322],[1.9051],[2.4712],[2.9119],[-1.7492],[-1.5322],[-1.4],[-1.1119],[-0.2949],[0.9797],[2.1576],[2.5797],[2.0678],[1.1051],[0.2814],[-0.1525],[-0.4475],[-0.8525],[-1.3593],[-1.6983],[-1.7542],[-1.6847],[-1.6627],[-1.6169],[-1.2864],[-0.5288],[0.4763],[1.4525],[2.2119],[2.7525],[3.1186],[-1.8119],[-1.4068],[-1.1271],[-0.7085],[0.2542],[1.6932],[2.9424],[3.1898],[2.3525],[1.0915],[0.2525],[-0.0017],[-0.1136],[-0.5525],[-1.2831],[-1.9034],[-2.1712],[-2.1915],[-2.1712],[-2.0153],[-1.4898],[-0.5424],[0.5831],[1.5356],[2.1644],[2.5085],[2.622],[-1.9169],[-1.1475],[-0.4831],[0.1746],[1.1475],[2.3237],[3.0746],[2.778],[1.5356],[0.2627],[-0.2034],[0.1153],[0.4695],[0.2339],[-0.5],[-1.2525],[-1.7508],[-2.1017],[-2.4017],[-2.422],[-1.7983],[-0.5559],[0.8271],[1.8763],[2.3949],[2.4441],[2.0695],[-1.6831],[-0.4949],[0.5051],[1.2424],[1.8661],[2.3831],[2.3949],[1.6254],[0.3847],[-0.4458],[-0.2983],[0.4881],[1.1051],[1.0017],[0.4017],[-0.261],[-0.8525],[-1.5661],[-2.3559],[-2.6881],[-2.0627],[-0.5576],[1.1542],[2.4085],[2.9644],[2.8339],[2.0288],[-0.8576],[0.5542],[1.6017],[2.0729],[2.0966],[1.8373],[1.3017],[0.5271],[-0.1475],[-0.2695],[0.2932],[1.0441],[1.3847],[1.1508],[0.6983],[0.2814],[-0.2695],[-1.2102],[-2.3102],[-2.8322],[-2.1627],[-0.5169],[1.3186],[2.6814],[3.3712],[3.3475],[2.4644],[0.3729],[1.6305],[2.4],[2.4746],[1.961],[1.2],[0.4966],[0.1119],[0.1644],[0.6085],[1.1068],[1.2881],[1.0424],[0.6153],[0.3305],[0.1305],[-0.378],[-1.3593],[-2.3593],[-2.5864],[-1.6729],[-0.0424],[1.5695],[2.7102],[3.3949],[3.6017],[2.9542],[1.5763],[2.2847],[2.622],[2.4508],[1.8458],[1.061],[0.5271],[0.5186],[0.9814],[1.4746],[1.5373],[1.0763],[0.4288],[0.0559],[-0.0288],[-0.1966],[-0.8153],[-1.6729],[-2.1085],[-1.6169],[-0.2949],[1.178],[2.2407],[2.8271],[3.2186],[3.4508],[3.0424],[2.4831],[2.3746],[2.2305],[2.0881],[1.8254],[1.4203],[1.1559],[1.2559],[1.6085],[1.7644],[1.3559],[0.6051],[0.0712],[0.0305],[0.1068],[-0.2593],[-1.0797],[-1.6831],[-1.3898],[-0.1864],[1.278],[2.3322],[2.7542],[2.7898],[2.7763],[2.7746],[2.3339],[2.8983],[1.978],[1.3661],[1.2475],[1.3881],[1.4441],[1.3864],[1.3576],[1.3356],[1.078],[0.4915],[-0.0763],[-0.1458],[0.2559],[0.4017],[-0.2237],[-1.1898],[-1.5153],[-0.7305],[0.6119],[1.6237],[1.9797],[1.978],[1.9],[1.7949],[1.522],[0.9203],[2.6085],[1.1712],[0.1102],[-0.2],[0.0153],[0.3254],[0.3847],[0.2068],[-0.1068],[-0.5492],[-1.0136],[-1.1678],[-0.7441],[-0.039],[0.1102],[-0.6322],[-1.5898],[-1.7169],[-0.8695],[0.022],[0.2119],[-0.0441],[-0.0508],[0.3237],[0.5407],[0.2],[-0.5441]]}]