html/data/WT_pct09_ind_wt_1_9.json
[{"header":{"disciplineName":["Meteorological products"],"parameterCategory":[0],"parameterCategoryName":["Temperature"],"parameterNumberName":["Temperature"],"parameterNumber":[0],"parameterUnits":["K"],"refTime":["2017-03-17T0000:00.000Z"],"numberPoints":[621],"nx":[27],"ny":[23],"lo1":[-20],"la1":[70],"lo2":[45],"la2":[45],"dx":[2.5],"dy":[2.5]},"data":[[-13.75],[-12.7491],[-11.8028],[-10.925],[-10.1611],[-9.5144],[-9.0023],[-8.6273],[-8.3773],[-8.2597],[-8.2468],[-8.3282],[-8.4824],[-8.6889],[-8.9296],[-9.1843],[-9.4431],[-9.6907],[-9.9384],[-10.1727],[-10.4227],[-10.6889],[-10.9843],[-11.3338],[-11.7389],[-12.2093],[-12.7343],[-10.3306],[-9.6282],[-9.0204],[-8.5],[-8.0671],[-7.7037],[-7.4153],[-7.1926],[-7.0477],[-6.9935],[-7.0213],[-7.1343],[-7.3356],[-7.5986],[-7.9148],[-8.2616],[-8.6255],[-8.9912],[-9.3505],[-9.6977],[-10.0329],[-10.3681],[-10.6963],[-11.0546],[-11.4273],[-11.8523],[-12.3171],[-7.037],[-6.7588],[-6.5634],[-6.4153],[-6.2657],[-6.1111],[-5.9523],[-5.8088],[-5.7144],[-5.6921],[-5.7606],[-5.9324],[-6.2014],[-6.5449],[-6.9486],[-7.3981],[-7.8639],[-8.3417],[-8.8185],[-9.2903],[-9.7505],[-10.1856],[-10.5921],[-10.9727],[-11.3245],[-11.6755],[-12.0398],[-4.8116],[-4.8042],[-4.8106],[-4.8037],[-4.7505],[-4.6449],[-4.5287],[-4.4329],[-4.4023],[-4.4713],[-4.6579],[-4.9519],[-5.3167],[-5.7417],[-6.1815],[-6.6222],[-7.0606],[-7.506],[-7.975],[-8.4704],[-8.9819],[-9.4917],[-9.9782],[-10.412],[-10.7944],[-11.1343],[-11.4639],[-3.7194],[-3.6736],[-3.631],[-3.5579],[-3.4505],[-3.3259],[-3.2352],[-3.2148],[-3.3065],[-3.5167],[-3.8454],[-4.2634],[-4.7153],[-5.1597],[-5.5653],[-5.9292],[-6.2593],[-6.6],[-6.9741],[-7.4222],[-7.9273],[-8.4514],[-8.9616],[-9.4157],[-9.8051],[-10.1454],[-10.4759],[-2.9667],[-2.7764],[-2.6097],[-2.4611],[-2.3296],[-2.2481],[-2.2292],[-2.3139],[-2.4958],[-2.7898],[-3.1722],[-3.6023],[-4.0542],[-4.4806],[-4.8708],[-5.2255],[-5.5537],[-5.8991],[-6.2898],[-6.7407],[-7.2259],[-7.7162],[-8.1528],[-8.4991],[-8.7662],[-9.0028],[-9.2759],[-1.8981],[-1.656],[-1.4907],[-1.3972],[-1.3671],[-1.3843],[-1.4699],[-1.6208],[-1.8361],[-2.1134],[-2.4486],[-2.8227],[-3.231],[-3.6644],[-4.1148],[-4.5875],[-5.0662],[-5.5514],[-6.0412],[-6.5315],[-7.0028],[-7.4051],[-7.6944],[-7.8611],[-7.9255],[-7.9741],[-8.1218],[-0.525],[-0.3347],[-0.25],[-0.2588],[-0.3338],[-0.4606],[-0.6181],[-0.8259],[-1.0787],[-1.3829],[-1.7296],[-2.1199],[-2.5505],[-3.038],[-3.587],[-4.181],[-4.7745],[-5.3231],[-5.8079],[-6.219],[-6.5699],[-6.8435],[-7.0227],[-7.094],[-7.0778],[-7.0657],[-7.169],[0.863],[1.0241],[1.0838],[1.0352],[0.9102],[0.7389],[0.5162],[0.2292],[-0.144],[-0.5875],[-1.0769],[-1.5852],[-2.0981],[-2.6375],[-3.2199],[-3.8194],[-4.3824],[-4.8347],[-5.137],[-5.325],[-5.4519],[-5.5852],[-5.7306],[-5.8616],[-5.962],[-6.0769],[-6.2708],[2.156],[2.3264],[2.3829],[2.3227],[2.1602],[1.938],[1.6542],[1.2921],[0.8403],[0.2991],[-0.2796],[-0.8352],[-1.3574],[-1.8727],[-2.4231],[-3.0019],[-3.5421],[-3.9375],[-4.1347],[-4.162],[-4.1208],[-4.1292],[-4.238],[-4.4125],[-4.6116],[-4.8204],[-5.075],[3.3231],[3.438],[3.4338],[3.2907],[3.0366],[2.7278],[2.406],[2.0718],[1.7167],[1.3222],[0.9102],[0.5144],[0.125],[-0.3083],[-0.8458],[-1.5046],[-2.2019],[-2.7847],[-3.1412],[-3.2625],[-3.2287],[-3.169],[-3.1727],[-3.2296],[-3.3056],[-3.394],[-3.5222],[4.2491],[4.2412],[4.1389],[3.913],[3.581],[3.2255],[2.9116],[2.6875],[2.5389],[2.4296],[2.3148],[2.1699],[1.9463],[1.588],[1.0139],[0.2301],[-0.6597],[-1.4755],[-2.0801],[-2.4139],[-2.525],[-2.4977],[-2.4157],[-2.3069],[-2.1847],[-2.0597],[-2.0065],[4.9042],[4.8162],[4.7088],[4.5486],[4.2926],[3.9796],[3.6875],[3.4972],[3.4398],[3.4625],[3.4829],[3.4361],[3.2759],[2.9329],[2.3829],[1.6356],[0.8093],[0.0648],[-0.5185],[-0.9116],[-1.1417],[-1.2495],[-1.2528],[-1.1759],[-1.0546],[-0.912],[-0.7912],[5.4699],[5.4009],[5.4259],[5.4769],[5.4343],[5.2255],[4.8995],[4.5944],[4.3898],[4.287],[4.2125],[4.0991],[3.9051],[3.6069],[3.175],[2.6583],[2.156],[1.7644],[1.4806],[1.2403],[0.987],[0.7662],[0.6056],[0.5014],[0.419],[0.3699],[0.4375],[6.1185],[6.1014],[6.2741],[6.538],[6.675],[6.5306],[6.138],[5.6736],[5.2972],[5.0324],[4.8264],[4.6296],[4.4356],[4.2204],[3.9537],[3.6486],[3.3935],[3.262],[3.2301],[3.1509],[2.9866],[2.8],[2.6847],[2.5894],[2.3991],[2.1713],[2.1806],[6.763],[6.7944],[7.0579],[7.4023],[7.5838],[7.4458],[7.0384],[6.5769],[6.2292],[5.9819],[5.7551],[5.5153],[5.3097],[5.1616],[4.9898],[4.7301],[4.4685],[4.313],[4.294],[4.2912],[4.2727],[4.35],[4.6009],[4.8463],[4.7856],[4.4412],[4.3009],[7.3056],[7.4722],[7.7986],[8.1185],[8.2398],[8.0907],[7.7847],[7.5343],[7.4028],[7.3181],[7.1051],[6.7468],[6.3931],[6.1708],[6.0134],[5.7671],[5.4306],[5.1815],[5.15],[5.2463],[5.4153],[5.7931],[6.4981],[7.2269],[7.4069],[6.8861],[6.3051],[8.0009],[8.4014],[8.8134],[9.0731],[9.0995],[8.9819],[8.8486],[8.8343],[8.931],[8.9625],[8.6907],[8.1019],[7.4523],[7.0569],[6.8963],[6.7435],[6.4829],[6.3236],[6.4556],[6.7963],[7.163],[7.6727],[8.5806],[9.6648],[10.131],[9.5032],[8.3505],[9.2528],[9.9014],[10.375],[10.538],[10.4824],[10.4],[10.4069],[10.5014],[10.6491],[10.6736],[10.3468],[9.5931],[8.7083],[8.1597],[8.0431],[8.025],[7.8801],[7.8231],[8.1667],[8.8069],[9.3551],[9.8097],[10.6292],[11.9032],[12.831],[12.5093],[11.1282],[11.194],[11.975],[12.4218],[12.4667],[12.3194],[12.2648],[12.3065],[12.35],[12.3616],[12.3111],[12.0097],[11.2944],[10.4074],[9.863],[9.8468],[9.9426],[9.7731],[9.5722],[9.8819],[10.6949],[11.4301],[11.8514],[12.4986],[13.8398],[15.2787],[15.6347],[14.5486],[13.5236],[14.2986],[14.6866],[14.6389],[14.4343],[14.3519],[14.3565],[14.2694],[14.087],[13.9282],[13.6847],[13.112],[12.3639],[11.9769],[12.1745],[12.4602],[12.2546],[11.7579],[11.7569],[12.5245],[13.4847],[14.0907],[14.6704],[15.8495],[17.3519],[18.0398],[17.2699],[15.725],[16.4449],[16.8236],[16.7722],[16.5412],[16.4083],[16.3593],[16.1963],[15.9255],[15.6907],[15.4231],[14.9056],[14.2727],[14.0657],[14.5731],[15.2375],[15.2708],[14.6829],[14.3255],[14.8579],[15.9685],[16.9528],[17.6565],[18.4255],[19.2102],[19.2995],[18.2389],[17.375],[18.0287],[18.4523],[18.4894],[18.2764],[18.1014],[18.0282],[17.9301],[17.7472],[17.5324],[17.238],[16.7264],[16.1574],[16.0662],[16.7787],[17.8227],[18.3407],[18.0069],[17.4713],[17.5931],[18.5806],[19.8963],[20.9306],[21.3917],[21.1398],[20.0097],[18.1102]]},{"header":{"disciplineName":["Meteorological products"],"parameterCategory":[2],"parameterCategoryName":["u-component of wind"],"parameterNumberName":["u-component of wind"],"parameterNumber":[2],"parameterUnits":["m s-1"],"refTime":["2017-03-17T0000:00.000Z"],"numberPoints":[621],"nx":[27],"ny":[23],"lo1":[-20],"la1":[70],"lo2":[45],"la2":[45],"dx":[2.5],"dy":[2.5]},"data":[[2.6023],[3.0671],[3.438],[3.7171],[3.9532],[4.1681],[4.3884],[4.6449],[4.9264],[5.2389],[5.5352],[5.8019],[5.9944],[6.0954],[6.0981],[6.0153],[5.8542],[5.6542],[5.4282],[5.2],[4.9884],[4.7954],[4.6204],[4.469],[4.3329],[4.219],[4.131],[3.6384],[4.3204],[4.8338],[5.2014],[5.4569],[5.6625],[5.8565],[6.0782],[6.3444],[6.6449],[6.9491],[7.2106],[7.375],[7.4255],[7.338],[7.1236],[6.8171],[6.4574],[6.0968],[5.7546],[5.4653],[5.2384],[5.0694],[4.9644],[4.906],[4.9005],[4.9569],[4.9977],[5.688],[6.2343],[6.6509],[6.9574],[7.2028],[7.4171],[7.631],[7.8606],[8.1005],[8.3204],[8.4782],[8.5231],[8.4255],[8.1718],[7.7838],[7.3028],[6.7944],[6.3106],[5.9079],[5.6037],[5.4181],[5.3361],[5.3519],[5.444],[5.6088],[5.8366],[6.3685],[6.9125],[7.4144],[7.8593],[8.2417],[8.5407],[8.7537],[8.8903],[8.9708],[9.0074],[9.0116],[8.9671],[8.8468],[8.6301],[8.3051],[7.9037],[7.4556],[7.0167],[6.6324],[6.344],[6.1574],[6.0838],[6.1009],[6.2046],[6.3708],[6.5819],[6.8227],[7.9093],[8.2815],[8.6986],[9.1273],[9.5056],[9.7602],[9.8407],[9.7569],[9.5403],[9.2671],[8.975],[8.6917],[8.4273],[8.162],[7.9148],[7.6815],[7.4833],[7.331],[7.2375],[7.2028],[7.2079],[7.2509],[7.3134],[7.3958],[7.4875],[7.5954],[7.6958],[9.6926],[9.9394],[10.2435],[10.5509],[10.7718],[10.8241],[10.6694],[10.3306],[9.8764],[9.3968],[8.9472],[8.5454],[8.2028],[7.9069],[7.6856],[7.5421],[7.5],[7.5435],[7.6454],[7.7583],[7.85],[7.9176],[7.9542],[7.9829],[7.9977],[8.0106],[8.0245],[11.3514],[11.4551],[11.5583],[11.6069],[11.5384],[11.319],[10.9593],[10.5213],[10.0676],[9.6736],[9.3389],[9.0329],[8.7019],[8.3565],[8.0111],[7.7222],[7.5356],[7.4556],[7.4412],[7.4528],[7.4542],[7.4574],[7.475],[7.5185],[7.5852],[7.6546],[7.7287],[12.3681],[12.2259],[12.0255],[11.7389],[11.3694],[10.9241],[10.4625],[10.0426],[9.7333],[9.531],[9.4106],[9.2741],[9.0523],[8.7153],[8.2917],[7.8523],[7.4579],[7.1403],[6.8866],[6.6866],[6.5551],[6.5194],[6.6065],[6.7931],[7.0028],[7.1773],[7.2991],[12.5],[12.0449],[11.538],[10.9968],[10.4426],[9.906],[9.3986],[8.9676],[8.6051],[8.3407],[8.162],[8.0356],[7.9097],[7.7435],[7.512],[7.2417],[6.9588],[6.6662],[6.3889],[6.1606],[6.0481],[6.1208],[6.3694],[6.7218],[7.0352],[7.1931],[7.1838],[11.8468],[11.1519],[10.463],[9.8083],[9.2264],[8.706],[8.2102],[7.6755],[7.081],[6.4718],[5.9472],[5.6065],[5.4796],[5.5171],[5.6574],[5.7968],[5.8843],[5.8843],[5.837],[5.8],[5.8926],[6.1759],[6.6194],[7.0917],[7.3981],[7.4278],[7.2005],[10.638],[9.8546],[9.0954],[8.3972],[7.8106],[7.3454],[6.9264],[6.4394],[5.8037],[5.0523],[4.3287],[3.8083],[3.5991],[3.6847],[3.9653],[4.2884],[4.5769],[4.7852],[4.9421],[5.1273],[5.4324],[5.8847],[6.4431],[6.9403],[7.2144],[7.1843],[6.919],[9.0412],[8.294],[7.5287],[6.7819],[6.1389],[5.6861],[5.4204],[5.2426],[5.0171],[4.6662],[4.2523],[3.8718],[3.6296],[3.5431],[3.5593],[3.6324],[3.738],[3.8755],[4.0574],[4.3222],[4.6926],[5.162],[5.6685],[6.0986],[6.3569],[6.4329],[6.3995],[7.1546],[6.5282],[5.8824],[5.2056],[4.5944],[4.1968],[4.0931],[4.2486],[4.5449],[4.8287],[4.9991],[5.0227],[4.8861],[4.6287],[4.3208],[4.0611],[3.9241],[3.9333],[4.0676],[4.288],[4.5676],[4.8671],[5.1759],[5.4569],[5.6917],[5.8903],[6.0944],[5.0944],[4.6681],[4.3259],[4.0153],[3.7481],[3.5829],[3.5787],[3.7843],[4.163],[4.6639],[5.1708],[5.5403],[5.6782],[5.5685],[5.3231],[5.125],[5.0708],[5.1551],[5.2968],[5.4287],[5.5241],[5.5958],[5.6727],[5.7755],[5.9306],[6.1144],[6.2986],[3.0796],[2.881],[2.9218],[3.1426],[3.4324],[3.6463],[3.706],[3.6394],[3.5991],[3.7685],[4.2097],[4.8],[5.3333],[5.7009],[5.9556],[6.2023],[6.5083],[6.7782],[6.9301],[6.9403],[6.8782],[6.8111],[6.7764],[6.7972],[6.8856],[6.9866],[6.9884],[1.4394],[1.4065],[1.6458],[2.1602],[2.7898],[3.2653],[3.3523],[3.0569],[2.6319],[2.4634],[2.7958],[3.5644],[4.4917],[5.3569],[6.081],[6.7222],[7.2736],[7.6218],[7.7037],[7.6324],[7.5731],[7.5944],[7.6653],[7.769],[7.9199],[8.0829],[8.0838],[0.4259],[0.512],[0.6926],[1.0644],[1.5602],[1.9815],[2.1157],[1.9282],[1.637],[1.5898],[2.0333],[2.925],[3.9806],[4.9236],[5.6824],[6.3231],[6.8421],[7.1412],[7.2171],[7.2356],[7.4051],[7.7264],[8.0523],[8.3199],[8.6398],[9.0806],[9.4407],[0.1671],[0.3829],[0.4875],[0.5949],[0.7551],[0.9644],[1.1833],[1.3968],[1.6343],[2.0051],[2.5963],[3.3509],[4.0755],[4.6023],[4.9722],[5.319],[5.7005],[6.0245],[6.262],[6.5481],[7.0384],[7.6657],[8.1894],[8.5634],[8.9972],[9.6995],[10.4778],[0.6861],[1.0407],[1.2222],[1.3157],[1.3653],[1.5056],[1.85],[2.4245],[3.1009],[3.7245],[4.2093],[4.5319],[4.6727],[4.6491],[4.6014],[4.7227],[5.0736],[5.531],[5.9634],[6.4259],[7.0218],[7.6759],[8.1861],[8.5204],[8.9213],[9.6009],[10.3843],[1.8259],[2.1801],[2.4778],[2.7417],[2.9481],[3.1694],[3.5574],[4.1903],[4.9093],[5.4472],[5.6773],[5.6282],[5.4148],[5.1551],[5.0014],[5.1102],[5.5176],[6.0491],[6.5014],[6.8417],[7.1421],[7.4444],[7.7046],[7.9079],[8.1903],[8.5949],[8.9185],[3.0074],[3.1856],[3.3843],[3.6574],[3.9319],[4.1412],[4.381],[4.75],[5.2014],[5.5528],[5.6852],[5.644],[5.5329],[5.4454],[5.4537],[5.6546],[6.0704],[6.5574],[6.8852],[6.9338],[6.7778],[6.5704],[6.4667],[6.5301],[6.7037],[6.787],[6.5315],[3.2343],[3.25],[3.1926],[3.2208],[3.2944],[3.3333],[3.3181],[3.3426],[3.487],[3.7273],[3.9736],[4.181],[4.3491],[4.4903],[4.6389],[4.8773],[5.2602],[5.7069],[5.9972],[5.9505],[5.5838],[5.0852],[4.719],[4.6139],[4.6384],[4.4699],[3.8301],[1.7394],[1.7588],[1.5833],[1.381],[1.2736],[1.2139],[1.1102],[0.975],[0.975],[1.1694],[1.4935],[1.8185],[2.0468],[2.1745],[2.2676],[2.4505],[2.8037],[3.2884],[3.6926],[3.8324],[3.6532],[3.2736],[2.8847],[2.6134],[2.3745],[1.9273],[1.1245]]},{"header":{"disciplineName":["Meteorological products"],"parameterCategory":[2],"parameterCategoryName":["v-component of wind"],"parameterNumberName":["v-component of wind"],"parameterNumber":[3],"parameterUnits":["m s-1"],"refTime":["2017-03-17T0000:00.000Z"],"numberPoints":[621],"nx":[27],"ny":[23],"lo1":[-20],"la1":[70],"lo2":[45],"la2":[45],"dx":[2.5],"dy":[2.5]},"data":[[-0.2667],[-0.0356],[0.2884],[0.675],[1.0745],[1.4347],[1.7204],[1.8727],[1.8792],[1.7245],[1.4236],[1.0088],[0.5333],[0.0477],[-0.3995],[-0.7713],[-1.0634],[-1.2681],[-1.4236],[-1.5315],[-1.6218],[-1.6977],[-1.7537],[-1.7745],[-1.7412],[-1.6468],[-1.4894],[1.5833],[1.5556],[1.5667],[1.6329],[1.744],[1.8917],[2.0255],[2.1069],[2.0792],[1.9056],[1.588],[1.1333],[0.6037],[0.0514],[-0.4583],[-0.887],[-1.2144],[-1.4569],[-1.6329],[-1.7796],[-1.9069],[-2.0264],[-2.0991],[-2.1074],[-2.019],[-1.8176],[-1.5125],[3.3907],[3.0958],[2.7995],[2.5542],[2.4009],[2.3412],[2.3444],[2.3449],[2.2787],[2.0787],[1.7088],[1.1792],[0.5403],[-0.1426],[-0.7782],[-1.3042],[-1.6968],[-1.9528],[-2.0986],[-2.1838],[-2.2181],[-2.2213],[-2.1574],[-2.0097],[-1.7625],[-1.4097],[-0.9727],[4.5213],[4.0995],[3.6546],[3.2463],[2.9273],[2.7009],[2.5444],[2.431],[2.2755],[2.0111],[1.5898],[1.0069],[0.2935],[-0.4634],[-1.1875],[-1.794],[-2.2403],[-2.5088],[-2.6301],[-2.6282],[-2.5194],[-2.3176],[-2.0218],[-1.6403],[-1.1866],[-0.6986],[-0.2208],[5.0625],[4.6528],[4.2],[3.7403],[3.2731],[2.8338],[2.431],[2.0731],[1.7491],[1.3931],[0.9718],[0.4546],[-0.1528],[-0.8046],[-1.4278],[-1.9704],[-2.3977],[-2.7042],[-2.8681],[-2.8819],[-2.7269],[-2.3903],[-1.9079],[-1.3083],[-0.6935],[-0.1236],[0.3264],[5.3194],[4.9579],[4.5463],[4.0259],[3.3935],[2.687],[1.9787],[1.344],[0.825],[0.3958],[0.0083],[-0.3796],[-0.7815],[-1.1796],[-1.5477],[-1.8903],[-2.2032],[-2.5102],[-2.7653],[-2.9056],[-2.8245],[-2.4727],[-1.8634],[-1.1171],[-0.3644],[0.2407],[0.6361],[5.2926],[4.9218],[4.4875],[3.9079],[3.1546],[2.2852],[1.419],[0.6606],[0.0787],[-0.3611],[-0.7352],[-1.0926],[-1.4333],[-1.7074],[-1.9005],[-2.0278],[-2.1769],[-2.4083],[-2.6903],[-2.906],[-2.8736],[-2.4815],[-1.7565],[-0.869],[-0.0449],[0.5671],[0.9153],[4.825],[4.3569],[3.8565],[3.2528],[2.5106],[1.688],[0.9065],[0.269],[-0.1917],[-0.5495],[-0.9306],[-1.3995],[-1.9162],[-2.3426],[-2.594],[-2.6588],[-2.6644],[-2.7444],[-2.9222],[-3.0324],[-2.8745],[-2.3139],[-1.4153],[-0.4213],[0.394],[0.8991],[1.1356],[4.0037],[3.4056],[2.8546],[2.2806],[1.6491],[0.9611],[0.3185],[-0.1699],[-0.4681],[-0.6704],[-0.9681],[-1.4755],[-2.1449],[-2.7963],[-3.2139],[-3.3417],[-3.2954],[-3.2435],[-3.2361],[-3.1329],[-2.7088],[-1.8824],[-0.7963],[0.2116],[0.8528],[1.0824],[1.0685],[3.0481],[2.3861],[1.8356],[1.3597],[0.8366],[0.1954],[-0.4949],[-1.0537],[-1.3681],[-1.444],[-1.4833],[-1.7116],[-2.1986],[-2.7921],[-3.2593],[-3.4565],[-3.4361],[-3.3611],[-3.244],[-2.9546],[-2.2884],[-1.231],[-0.0458],[0.8532],[1.1972],[1.0356],[0.706],[2.0245],[1.3602],[0.8755],[0.5264],[0.1296],[-0.4968],[-1.3389],[-2.1736],[-2.6894],[-2.7426],[-2.4847],[-2.2255],[-2.2222],[-2.4662],[-2.7759],[-2.9782],[-3.0361],[-3.0097],[-2.8907],[-2.5134],[-1.7144],[-0.5519],[0.6185],[1.3375],[1.3912],[0.944],[0.4181],[0.9269],[0.2782],[-0.1667],[-0.3921],[-0.5963],[-1.0449],[-1.8333],[-2.7773],[-3.4903],[-3.6685],[-3.3194],[-2.7662],[-2.3644],[-2.2699],[-2.3843],[-2.5324],[-2.6199],[-2.6333],[-2.4875],[-2.0435],[-1.1764],[-0.0028],[1.062],[1.6176],[1.5227],[1.0315],[0.5375],[-0.0486],[-0.6944],[-1.1606],[-1.3426],[-1.3269],[-1.4139],[-1.8213],[-2.5324],[-3.2366],[-3.5977],[-3.4819],[-3.0755],[-2.6801],[-2.4931],[-2.4917],[-2.5532],[-2.5694],[-2.4935],[-2.2398],[-1.6833],[-0.7583],[0.3579],[1.2968],[1.7278],[1.6333],[1.3005],[1.0287],[-0.688],[-1.2412],[-1.7042],[-1.8935],[-1.7903],[-1.5907],[-1.5778],[-1.8981],[-2.4269],[-2.9148],[-3.1597],[-3.1426],[-3.0074],[-2.9005],[-2.8468],[-2.7843],[-2.6644],[-2.4509],[-2.0806],[-1.4329],[-0.4986],[0.5407],[1.3528],[1.7157],[1.6917],[1.563],[1.5023],[-1.069],[-1.3495],[-1.6301],[-1.7856],[-1.7537],[-1.6046],[-1.5037],[-1.6097],[-1.9463],[-2.3833],[-2.7472],[-2.9468],[-2.9935],[-2.9597],[-2.8829],[-2.7542],[-2.5713],[-2.3296],[-1.9685],[-1.3755],[-0.5264],[0.4278],[1.2023],[1.5875],[1.6667],[1.6468],[1.6315],[-1.3815],[-1.2995],[-1.2421],[-1.2588],[-1.3625],[-1.5287],[-1.7009],[-1.8625],[-2.0375],[-2.1977],[-2.3139],[-2.3681],[-2.4028],[-2.4403],[-2.4681],[-2.4509],[-2.3741],[-2.2426],[-2.0264],[-1.6028],[-0.9065],[-0.0023],[0.8616],[1.4486],[1.6912],[1.7],[1.537],[-1.5204],[-1.2319],[-0.9097],[-0.7856],[-0.9856],[-1.4505],[-1.9444],[-2.2394],[-2.2565],[-2.0361],[-1.7306],[-1.4972],[-1.4704],[-1.6611],[-1.9491],[-2.1977],[-2.3222],[-2.3301],[-2.2315],[-1.9514],[-1.3694],[-0.4667],[0.5907],[1.5134],[2.0546],[2.1194],[1.7347],[-1.2356],[-0.9773],[-0.6657],[-0.5204],[-0.7565],[-1.3167],[-1.9194],[-2.2449],[-2.1523],[-1.7181],[-1.1625],[-0.7787],[-0.7713],[-1.1208],[-1.6301],[-2.0551],[-2.2903],[-2.3435],[-2.2657],[-2.0065],[-1.4657],[-0.5435],[0.6931],[1.9565],[2.8593],[3.0778],[2.5301],[-0.5491],[-0.4185],[-0.2741],[-0.2417],[-0.4833],[-0.9616],[-1.4741],[-1.7694],[-1.7227],[-1.3727],[-0.9292],[-0.6477],[-0.6884],[-0.994],[-1.3731],[-1.6796],[-1.8731],[-1.9421],[-1.8727],[-1.5968],[-1.0292],[-0.0907],[1.1991],[2.6338],[3.7653],[4.1204],[3.5139],[0.2606],[0.3111],[0.3181],[0.2435],[0.0097],[-0.3532],[-0.7463],[-1.0477],[-1.1699],[-1.1259],[-1.0102],[-0.9676],[-1.0079],[-1.0236],[-0.9375],[-0.8639],[-0.9384],[-1.1204],[-1.1977],[-0.9648],[-0.3736],[0.562],[1.8032],[3.1593],[4.2218],[4.5005],[3.7861],[0.9815],[0.95],[0.9093],[0.7917],[0.5611],[0.2449],[-0.1042],[-0.4449],[-0.7282],[-0.9056],[-1.0319],[-1.1509],[-1.1435],[-0.8236],[-0.2426],[0.2273],[0.2236],[-0.1662],[-0.5056],[-0.4292],[0.1069],[1.0069],[2.156],[3.3231],[4.0481],[3.9296],[2.9227],[1.5935],[1.3796],[1.2556],[1.0852],[0.8056],[0.4495],[0.0676],[-0.2986],[-0.5778],[-0.7227],[-0.7903],[-0.8361],[-0.719],[-0.2102],[0.6222],[1.2657],[1.2685],[0.7319],[0.1833],[0.0338],[0.3593],[1.1019],[2.1491],[3.1449],[3.487],[2.8051],[1.3801],[1.9667],[1.5352],[1.2407],[0.9495],[0.5736],[0.1491],[-0.2597],[-0.6102],[-0.794],[-0.7301],[-0.4935],[-0.2282],[0.1042],[0.7005],[1.5009],[2.0769],[2.0403],[1.5144],[0.9458],[0.6019],[0.5648],[0.9477],[1.7921],[2.6477],[2.6995],[1.5884],[-0.1069]]}]