html/data/WT_pct09_ind_wt_2_2.json
[{"header":{"disciplineName":["Meteorological products"],"parameterCategory":[0],"parameterCategoryName":["Temperature"],"parameterNumberName":["Temperature"],"parameterNumber":[0],"parameterUnits":["K"],"refTime":["2017-03-17T0000:00.000Z"],"numberPoints":[621],"nx":[27],"ny":[23],"lo1":[-20],"la1":[70],"lo2":[45],"la2":[45],"dx":[2.5],"dy":[2.5]},"data":[[-13.5116],[-12.6279],[-11.8523],[-11.1872],[-10.643],[-10.2093],[-9.8674],[-9.6233],[-9.4337],[-9.3209],[-9.2488],[-9.2407],[-9.2965],[-9.4093],[-9.5814],[-9.8198],[-10.1116],[-10.4442],[-10.7942],[-11.1605],[-11.514],[-11.8709],[-12.2267],[-12.5872],[-12.9837],[-13.4326],[-13.9605],[-10.4302],[-9.9337],[-9.5674],[-9.2907],[-9.0907],[-8.9209],[-8.7674],[-8.6244],[-8.5047],[-8.3942],[-8.3442],[-8.3419],[-8.4128],[-8.5814],[-8.8337],[-9.1907],[-9.6198],[-10.093],[-10.5826],[-11.0535],[-11.4849],[-11.85],[-12.1512],[-12.4163],[-12.6767],[-12.9849],[-13.3581],[-7.6349],[-7.564],[-7.5756],[-7.5988],[-7.5977],[-7.5465],[-7.4616],[-7.364],[-7.2663],[-7.2163],[-7.2407],[-7.3512],[-7.5709],[-7.8837],[-8.2919],[-8.7791],[-9.3442],[-9.9267],[-10.5105],[-11.064],[-11.5395],[-11.9198],[-12.2023],[-12.4047],[-12.5593],[-12.7291],[-12.9686],[-5.7791],[-5.8977],[-6.0198],[-6.0837],[-6.0791],[-6.0163],[-5.9256],[-5.864],[-5.8605],[-5.9593],[-6.164],[-6.4849],[-6.8802],[-7.3372],[-7.8337],[-8.3488],[-8.8709],[-9.4023],[-9.9256],[-10.4279],[-10.8907],[-11.2884],[-11.6116],[-11.8698],[-12.0814],[-12.2895],[-12.5209],[-4.7093],[-4.7151],[-4.7128],[-4.6721],[-4.6163],[-4.5477],[-4.5174],[-4.5593],[-4.7023],[-4.9593],[-5.3186],[-5.7616],[-6.2372],[-6.7198],[-7.1849],[-7.6174],[-8.0465],[-8.4465],[-8.8488],[-9.264],[-9.7],[-10.1349],[-10.5651],[-10.9616],[-11.3279],[-11.6523],[-11.9465],[-3.7547],[-3.5884],[-3.4907],[-3.4453],[-3.4512],[-3.5081],[-3.6186],[-3.7756],[-3.9942],[-4.2616],[-4.5721],[-4.9279],[-5.3012],[-5.7058],[-6.1221],[-6.5663],[-7.0128],[-7.4535],[-7.8872],[-8.3279],[-8.7849],[-9.2605],[-9.7465],[-10.2198],[-10.6442],[-10.9837],[-11.25],[-2.4674],[-2.3023],[-2.2907],[-2.4],[-2.5988],[-2.843],[-3.0849],[-3.2942],[-3.4651],[-3.6105],[-3.7442],[-3.9023],[-4.1244],[-4.4581],[-4.9163],[-5.4837],[-6.1209],[-6.7663],[-7.3558],[-7.8826],[-8.3535],[-8.8035],[-9.25],[-9.664],[-10.0081],[-10.2465],[-10.3779],[-0.9267],[-0.8942],[-1.0198],[-1.2686],[-1.5907],[-1.9186],[-2.214],[-2.4279],[-2.5849],[-2.7],[-2.8128],[-2.95],[-3.1651],[-3.5256],[-4.043],[-4.7233],[-5.4884],[-6.2163],[-6.8407],[-7.3128],[-7.6814],[-8.0221],[-8.3686],[-8.7221],[-9.0174],[-9.2093],[-9.2605],[0.5965],[0.5721],[0.4523],[0.2535],[-0.0128],[-0.2988],[-0.5721],[-0.8372],[-1.1163],[-1.4233],[-1.7733],[-2.1349],[-2.5244],[-2.9733],[-3.507],[-4.1395],[-4.8081],[-5.3884],[-5.8198],[-6.0686],[-6.2291],[-6.4267],[-6.7221],[-7.0953],[-7.4663],[-7.7093],[-7.8047],[1.9058],[1.9756],[1.9849],[1.9337],[1.7988],[1.5965],[1.3395],[1.0279],[0.6372],[0.1302],[-0.457],[-1.0581],[-1.6198],[-2.1465],[-2.6628],[-3.1953],[-3.7256],[-4.1581],[-4.4116],[-4.4837],[-4.5058],[-4.5977],[-4.8523],[-5.2186],[-5.5884],[-5.85],[-5.986],[3.0035],[3.1372],[3.2372],[3.2395],[3.1233],[2.9128],[2.6849],[2.436],[2.1337],[1.7151],[1.1826],[0.5826],[0.0012],[-0.5477],[-1.1012],[-1.6895],[-2.2721],[-2.7756],[-3.0977],[-3.2372],[-3.2826],[-3.3279],[-3.443],[-3.614],[-3.7698],[-3.8535],[-3.9128],[3.9802],[4.064],[4.1058],[4.0395],[3.8407],[3.5895],[3.3872],[3.2826],[3.2395],[3.1116],[2.8523],[2.4453],[1.9477],[1.4023],[0.757],[0.0326],[-0.7349],[-1.4116],[-1.9198],[-2.2326],[-2.3721],[-2.4081],[-2.3616],[-2.2326],[-2.05],[-1.8895],[-1.8442],[4.9291],[4.9384],[4.9198],[4.8279],[4.6174],[4.3628],[4.1907],[4.1628],[4.2337],[4.2698],[4.15],[3.8616],[3.4419],[2.9023],[2.2453],[1.4977],[0.7279],[0.0663],[-0.4267],[-0.7802],[-0.9884],[-1.0384],[-0.9047],[-0.6151],[-0.2674],[-0.0093],[0.0721],[5.8779],[5.8884],[5.943],[5.9884],[5.9453],[5.8128],[5.6419],[5.5326],[5.4628],[5.3442],[5.1047],[4.75],[4.3233],[3.8512],[3.3047],[2.7116],[2.1535],[1.7186],[1.4174],[1.186],[1.0023],[0.9488],[1.1],[1.3814],[1.6407],[1.7895],[1.8826],[6.7709],[6.8372],[7.0337],[7.3209],[7.5442],[7.5733],[7.4256],[7.1837],[6.8953],[6.5302],[6.0674],[5.5616],[5.114],[4.7453],[4.3593],[3.9395],[3.5372],[3.2512],[3.0849],[2.9674],[2.8779],[2.9453],[3.2221],[3.5302],[3.6407],[3.5698],[3.6779],[7.5767],[7.6942],[8.0093],[8.4651],[8.8698],[9.0198],[8.9105],[8.6535],[8.3023],[7.8593],[7.2826],[6.6802],[6.1826],[5.85],[5.5453],[5.1616],[4.75],[4.4279],[4.2488],[4.1779],[4.2349],[4.5826],[5.2349],[5.8128],[5.886],[5.4988],[5.3802],[8.4128],[8.6105],[8.9814],[9.464],[9.8756],[10.057],[10.007],[9.843],[9.6302],[9.2942],[8.7384],[8.0442],[7.4081],[6.9477],[6.6151],[6.2302],[5.7849],[5.4442],[5.3105],[5.3488],[5.5942],[6.2198],[7.2872],[8.3221],[8.5686],[7.8709],[7.143],[9.4535],[9.8314],[10.2488],[10.6488],[10.943],[11.0779],[11.0767],[11.0256],[10.9756],[10.8047],[10.3244],[9.5244],[8.6465],[7.9826],[7.5581],[7.1919],[6.8279],[6.6314],[6.7547],[7.057],[7.4349],[8.1198],[9.3523],[10.8186],[11.5477],[10.9279],[9.6221],[10.8407],[11.4116],[11.8581],[12.1326],[12.2802],[12.3628],[12.3872],[12.3965],[12.4058],[12.3337],[11.9535],[11.1279],[10.0872],[9.2512],[8.757],[8.4349],[8.1453],[8.0919],[8.4523],[9.0512],[9.5174],[9.9953],[11.05],[12.8081],[14.357],[14.5186],[13.3],[12.5605],[13.2442],[13.6767],[13.8453],[13.8884],[13.9291],[13.9453],[13.893],[13.8372],[13.7709],[13.4953],[12.7849],[11.7686],[10.9314],[10.5209],[10.3093],[10.014],[9.836],[10.1721],[10.9314],[11.5395],[11.8488],[12.564],[14.3326],[16.5826],[17.857],[17.3895],[14.5767],[15.2477],[15.6884],[15.8209],[15.7953],[15.7593],[15.6849],[15.4919],[15.2721],[15.1186],[14.8965],[14.2872],[13.4221],[12.7965],[12.7163],[12.857],[12.6628],[12.2512],[12.2756],[12.9907],[13.8558],[14.3267],[14.8221],[16.2],[18.3779],[20.086],[20.1802],[16.7174],[17.3674],[17.8384],[18.0093],[17.936],[17.7744],[17.5651],[17.2593],[16.9233],[16.6744],[16.3744],[15.7942],[15.0337],[14.6756],[15.0919],[15.8349],[16.0767],[15.636],[15.2826],[15.7605],[16.8326],[17.7616],[18.3372],[19.0767],[20.2395],[21.1221],[20.8628],[18.5035],[19.1279],[19.6709],[19.9105],[19.8279],[19.5942],[19.3337],[19.0651],[18.8105],[18.5628],[18.2128],[17.6174],[16.964],[16.8186],[17.5616],[18.8163],[19.6151],[19.457],[18.8721],[18.8872],[19.8453],[21.1605],[22.0895],[22.4395],[22.3616],[21.7826],[20.4965]]},{"header":{"disciplineName":["Meteorological products"],"parameterCategory":[2],"parameterCategoryName":["u-component of wind"],"parameterNumberName":["u-component of wind"],"parameterNumber":[2],"parameterUnits":["m s-1"],"refTime":["2017-03-17T0000:00.000Z"],"numberPoints":[621],"nx":[27],"ny":[23],"lo1":[-20],"la1":[70],"lo2":[45],"la2":[45],"dx":[2.5],"dy":[2.5]},"data":[[0.9326],[1.2593],[1.5023],[1.6802],[1.8163],[1.9535],[2.107],[2.3233],[2.5988],[2.9163],[3.2581],[3.5907],[3.8698],[4.0826],[4.2012],[4.236],[4.2081],[4.1419],[4.0733],[4.0349],[4.0302],[4.0698],[4.1279],[4.2058],[4.2616],[4.3047],[4.3174],[2.0756],[2.8942],[3.5198],[3.9802],[4.2977],[4.5384],[4.7419],[4.9523],[5.1953],[5.4779],[5.7605],[5.9977],[6.1395],[6.143],[6],[5.7279],[5.3593],[4.9698],[4.6163],[4.364],[4.2279],[4.2023],[4.264],[4.3674],[4.4826],[4.5651],[4.6372],[3.5965],[4.5721],[5.336],[5.8965],[6.2826],[6.5407],[6.7349],[6.8953],[7.0616],[7.2244],[7.3744],[7.4616],[7.4326],[7.2581],[6.9105],[6.4279],[5.8709],[5.3186],[4.8593],[4.5547],[4.4221],[4.4488],[4.5791],[4.7384],[4.8895],[4.9953],[5.0593],[5.0826],[5.8116],[6.3977],[6.8535],[7.2012],[7.436],[7.5826],[7.6547],[7.6581],[7.6035],[7.5267],[7.3977],[7.2128],[6.9384],[6.5837],[6.1651],[5.7395],[5.3477],[5.0744],[4.9593],[4.9791],[5.0953],[5.2628],[5.3965],[5.4523],[5.4395],[5.3884],[6.5453],[6.836],[7.1093],[7.3977],[7.657],[7.843],[7.9047],[7.8244],[7.6105],[7.2977],[6.9453],[6.5919],[6.2616],[5.9709],[5.7291],[5.5302],[5.3826],[5.3186],[5.3267],[5.4116],[5.5384],[5.6674],[5.7384],[5.7186],[5.6047],[5.4372],[5.2837],[8.2802],[8.2372],[8.2523],[8.3291],[8.4128],[8.4302],[8.3337],[8.0709],[7.6849],[7.2233],[6.7384],[6.3093],[5.9512],[5.6849],[5.5151],[5.4209],[5.4],[5.4442],[5.5093],[5.5733],[5.6012],[5.5733],[5.464],[5.3128],[5.1314],[4.9872],[4.9267],[10.4698],[10.2779],[10.0977],[9.8942],[9.6453],[9.3349],[8.943],[8.514],[8.0744],[7.6826],[7.3442],[7.0686],[6.8221],[6.6023],[6.3919],[6.1953],[6.0256],[5.8663],[5.7081],[5.5209],[5.314],[5.1093],[4.9395],[4.8384],[4.807],[4.8523],[4.9977],[12.6163],[12.3535],[11.9884],[11.5128],[10.9349],[10.2756],[9.6523],[9.1151],[8.707],[8.4372],[8.293],[8.2012],[8.064],[7.8442],[7.536],[7.1826],[6.7977],[6.4233],[6.05],[5.7023],[5.4023],[5.2128],[5.1837],[5.3279],[5.5523],[5.7872],[5.9674],[13.6826],[13.3151],[12.8558],[12.2849],[11.6291],[10.9372],[10.286],[9.7372],[9.3081],[8.9849],[8.7233],[8.4814],[8.2093],[7.8826],[7.5465],[7.1942],[6.8802],[6.6163],[6.3709],[6.1779],[6.0605],[6.1116],[6.3663],[6.7814],[7.1872],[7.4384],[7.4512],[13.086],[12.6081],[12.1663],[11.7116],[11.2384],[10.7547],[10.2953],[9.8314],[9.3267],[8.7267],[8.0523],[7.3593],[6.7337],[6.2674],[5.9802],[5.8814],[5.9291],[6.0756],[6.2593],[6.4349],[6.6407],[6.9465],[7.4],[7.9372],[8.3837],[8.5477],[8.3733],[11.3872],[10.8512],[10.414],[10.0047],[9.6314],[9.307],[9.0267],[8.7105],[8.2488],[7.557],[6.6581],[5.7],[4.8744],[4.3256],[4.1337],[4.2674],[4.6384],[5.1267],[5.6314],[6.0779],[6.4477],[6.8151],[7.2419],[7.7151],[8.1116],[8.2651],[8.1651],[9.5419],[8.9337],[8.3698],[7.8128],[7.3244],[6.9686],[6.7837],[6.6953],[6.5709],[6.257],[5.7244],[5.036],[4.3686],[3.8977],[3.7128],[3.8035],[4.1279],[4.5791],[5.0651],[5.4651],[5.7628],[5.9802],[6.2093],[6.5058],[6.8291],[7.0907],[7.2523],[7.7209],[7.0047],[6.3058],[5.693],[5.243],[5.0012],[4.9872],[5.1721],[5.4686],[5.7337],[5.8581],[5.7837],[5.5419],[5.243],[4.9872],[4.857],[4.857],[5.0116],[5.2209],[5.4105],[5.4895],[5.4814],[5.4884],[5.6116],[5.8802],[6.2093],[6.5407],[5.5733],[4.8012],[4.2233],[3.9779],[4.0535],[4.3174],[4.607],[4.9],[5.2407],[5.6802],[6.164],[6.5512],[6.7628],[6.7733],[6.636],[6.4558],[6.3163],[6.2523],[6.236],[6.207],[6.0767],[5.8802],[5.7337],[5.7616],[5.9837],[6.2849],[6.5093],[3.3756],[2.7372],[2.5116],[2.8628],[3.6372],[4.414],[4.8326],[4.8512],[4.7174],[4.7756],[5.1453],[5.7605],[6.436],[6.9837],[7.3337],[7.5279],[7.5977],[7.586],[7.4965],[7.3058],[7.0291],[6.707],[6.5],[6.536],[6.8128],[7.1221],[7.2081],[1.8884],[1.5895],[1.6965],[2.3442],[3.2791],[4.0209],[4.164],[3.7035],[3.0302],[2.664],[2.9035],[3.7244],[4.8849],[6.0442],[7.007],[7.6721],[8.0581],[8.1779],[8.0744],[7.85],[7.5465],[7.2721],[7.1535],[7.3],[7.7733],[8.3337],[8.6081],[1.214],[1.3081],[1.5767],[2.0558],[2.5733],[2.793],[2.5349],[1.9047],[1.2593],[1.0221],[1.4314],[2.4442],[3.8058],[5.1826],[6.3023],[7.0686],[7.4907],[7.6267],[7.5733],[7.4686],[7.4384],[7.4919],[7.6465],[8.0128],[8.7105],[9.6337],[10.4151],[0.7651],[1.1372],[1.4942],[1.7919],[1.9128],[1.8],[1.5186],[1.2779],[1.2651],[1.5779],[2.193],[3.0826],[4.0895],[5.0058],[5.686],[6.1291],[6.4047],[6.5488],[6.664],[6.8779],[7.314],[7.8779],[8.4198],[8.9407],[9.6314],[10.6512],[11.7419],[0.5953],[1.0419],[1.4767],[1.8442],[2.0221],[2.0233],[2.0837],[2.4302],[3.0674],[3.7512],[4.3012],[4.6884],[4.9779],[5.1965],[5.3616],[5.5698],[5.8826],[6.2558],[6.6349],[7.1198],[7.8302],[8.6884],[9.4279],[9.8849],[10.2558],[10.814],[11.5221],[1.5872],[1.9256],[2.2709],[2.6488],[2.9081],[3.0419],[3.2698],[3.8267],[4.6174],[5.2756],[5.5756],[5.5605],[5.443],[5.3826],[5.4977],[5.9058],[6.586],[7.3326],[7.8977],[8.2837],[8.7209],[9.293],[9.8],[10.0174],[9.9616],[9.8105],[9.6221],[3.4988],[3.6977],[3.7163],[3.7209],[3.6581],[3.5163],[3.4791],[3.7953],[4.3686],[4.8837],[5.1267],[5.2012],[5.2884],[5.5023],[5.9],[6.6116],[7.5919],[8.5256],[9.0198],[9.0081],[8.7953],[8.6628],[8.6523],[8.5907],[8.3337],[7.7802],[6.8779],[4.1953],[4.3791],[4.1012],[3.6628],[3.1733],[2.6919],[2.3895],[2.457],[2.8547],[3.3372],[3.7709],[4.2081],[4.6965],[5.1593],[5.607],[6.2116],[7.0163],[7.7605],[8.0477],[7.7616],[7.1488],[6.5395],[6.107],[5.8558],[5.6384],[5.1244],[4.0837],[1.7977],[2.0663],[1.8779],[1.5116],[1.1709],[0.9105],[0.7953],[0.9267],[1.2756],[1.7302],[2.2419],[2.8105],[3.3453],[3.6442],[3.714],[3.8047],[4.1209],[4.507],[4.6779],[4.5372],[4.2047],[3.7756],[3.3256],[2.9674],[2.7047],[2.2953],[1.4]]},{"header":{"disciplineName":["Meteorological products"],"parameterCategory":[2],"parameterCategoryName":["v-component of wind"],"parameterNumberName":["v-component of wind"],"parameterNumber":[3],"parameterUnits":["m s-1"],"refTime":["2017-03-17T0000:00.000Z"],"numberPoints":[621],"nx":[27],"ny":[23],"lo1":[-20],"la1":[70],"lo2":[45],"la2":[45],"dx":[2.5],"dy":[2.5]},"data":[[-0.7],[-0.3849],[0.0198],[0.4802],[0.9291],[1.3291],[1.6326],[1.8419],[1.9256],[1.8698],[1.6884],[1.4198],[1.0709],[0.6837],[0.3105],[-0.036],[-0.3186],[-0.5349],[-0.7105],[-0.8453],[-0.9802],[-1.1326],[-1.2872],[-1.4547],[-1.6244],[-1.7407],[-1.8151],[1.114],[1.2151],[1.3314],[1.4733],[1.6326],[1.8012],[1.9628],[2.0884],[2.1465],[2.0988],[1.914],[1.5907],[1.143],[0.6302],[0.1035],[-0.3581],[-0.7116],[-0.9337],[-1.0407],[-1.0698],[-1.064],[-1.0849],[-1.1488],[-1.2663],[-1.3919],[-1.5174],[-1.5977],[3.5535],[3.3093],[2.9953],[2.7012],[2.4535],[2.3023],[2.25],[2.2535],[2.2523],[2.1686],[1.9372],[1.4988],[0.8686],[0.1198],[-0.636],[-1.2953],[-1.7419],[-1.9314],[-1.8802],[-1.643],[-1.3256],[-1.0535],[-0.8698],[-0.8221],[-0.8884],[-0.9977],[-1.0849],[5.4279],[4.8791],[4.2291],[3.5814],[3.014],[2.5953],[2.336],[2.2012],[2.1174],[1.9907],[1.7174],[1.2081],[0.4942],[-0.3884],[-1.2814],[-2.0372],[-2.5],[-2.6151],[-2.3756],[-1.893],[-1.3128],[-0.786],[-0.4337],[-0.2907],[-0.3419],[-0.4988],[-0.6581],[6.2779],[5.6023],[4.8209],[4.0256],[3.3058],[2.6942],[2.207],[1.8616],[1.6174],[1.3872],[1.0942],[0.6326],[0.0047],[-0.757],[-1.5244],[-2.1547],[-2.5221],[-2.5395],[-2.2326],[-1.6988],[-1.0814],[-0.557],[-0.2302],[-0.1372],[-0.2477],[-0.4547],[-0.6256],[6.3256],[5.6326],[4.864],[4.0779],[3.3012],[2.5465],[1.8488],[1.2616],[0.8081],[0.4581],[0.1465],[-0.1895],[-0.6256],[-1.1302],[-1.6209],[-2.0116],[-2.2],[-2.15],[-1.8942],[-1.5093],[-1.0674],[-0.7],[-0.486],[-0.4488],[-0.5616],[-0.7035],[-0.7523],[5.8244],[5.0442],[4.2837],[3.536],[2.7907],[2.0198],[1.2581],[0.5872],[0.0605],[-0.2942],[-0.5663],[-0.8477],[-1.1721],[-1.557],[-1.8988],[-2.1267],[-2.193],[-2.1233],[-1.9512],[-1.7047],[-1.4093],[-1.0988],[-0.8488],[-0.6942],[-0.6535],[-0.6256],[-0.5035],[4.9221],[3.9698],[3.1233],[2.4233],[1.8035],[1.1837],[0.5756],[0.036],[-0.3337],[-0.5488],[-0.7198],[-0.9872],[-1.4023],[-1.893],[-2.3407],[-2.6047],[-2.6756],[-2.5826],[-2.4163],[-2.1593],[-1.793],[-1.3023],[-0.7814],[-0.3686],[-0.1419],[-0.0384],[0.1186],[3.886],[2.7651],[1.8826],[1.2779],[0.8395],[0.4093],[-0.0407],[-0.436],[-0.6802],[-0.7547],[-0.807],[-1.0419],[-1.5186],[-2.1651],[-2.7523],[-3.0895],[-3.1465],[-3.0047],[-2.7605],[-2.3895],[-1.8233],[-1.0523],[-0.2279],[0.3884],[0.6279],[0.5581],[0.4616],[2.9756],[1.8558],[1.0302],[0.5523],[0.2465],[-0.1209],[-0.6163],[-1.1674],[-1.5442],[-1.6744],[-1.6488],[-1.7058],[-2.0081],[-2.4953],[-2.9442],[-3.1593],[-3.0895],[-2.8384],[-2.5174],[-2.0802],[-1.4128],[-0.4907],[0.45],[1.05],[1.0698],[0.6465],[0.2],[2.1988],[1.2198],[0.4535],[0.0163],[-0.2616],[-0.6465],[-1.2977],[-2.1244],[-2.8442],[-3.2058],[-3.1872],[-3.0209],[-2.914],[-2.9256],[-2.9395],[-2.8047],[-2.4953],[-2.1314],[-1.7826],[-1.3895],[-0.7628],[0.1],[0.9465],[1.3709],[1.1384],[0.4477],[-0.1895],[1.4465],[0.5616],[-0.257],[-0.7849],[-1.0628],[-1.3395],[-1.8895],[-2.7477],[-3.6558],[-4.2814],[-4.4465],[-4.2128],[-3.7965],[-3.3547],[-2.9081],[-2.4314],[-1.9058],[-1.4442],[-1.0779],[-0.7081],[-0.1709],[0.5698],[1.2686],[1.5337],[1.2],[0.5221],[-0.0244],[0.6977],[-0.1581],[-1.0814],[-1.7012],[-1.8826],[-1.8395],[-1.9628],[-2.464],[-3.2953],[-4.1384],[-4.6616],[-4.7012],[-4.3314],[-3.7465],[-3.0721],[-2.3977],[-1.7674],[-1.2267],[-0.8012],[-0.3744],[0.1651],[0.8349],[1.443],[1.6605],[1.4023],[0.9221],[0.6314],[-0.0384],[-0.7709],[-1.5802],[-2.0663],[-2.0512],[-1.6988],[-1.4221],[-1.5686],[-2.264],[-3.2651],[-4.1837],[-4.6512],[-4.557],[-4.057],[-3.3779],[-2.6674],[-2],[-1.393],[-0.8919],[-0.4233],[0.1314],[0.7895],[1.3767],[1.6302],[1.507],[1.2209],[1.1],[-0.7826],[-1.1674],[-1.5407],[-1.65],[-1.4465],[-1.0756],[-0.8535],[-1.0047],[-1.6709],[-2.7058],[-3.7314],[-4.3698],[-4.4512],[-4.1023],[-3.5453],[-2.9035],[-2.2442],[-1.6093],[-1.114],[-0.7105],[-0.2628],[0.3465],[1.0198],[1.4314],[1.457],[1.2314],[1.0605],[-1.4012],[-1.3919],[-1.2128],[-0.914],[-0.6651],[-0.6244],[-0.85],[-1.3],[-1.9512],[-2.714],[-3.3802],[-3.7558],[-3.7965],[-3.6395],[-3.3837],[-2.9907],[-2.4035],[-1.7826],[-1.364],[-1.1709],[-0.9337],[-0.3523],[0.536],[1.3174],[1.6174],[1.4291],[1.057],[-1.593],[-1.3105],[-0.8209],[-0.3349],[-0.2047],[-0.5802],[-1.2884],[-1.9895],[-2.4953],[-2.7477],[-2.7779],[-2.7012],[-2.6849],[-2.8616],[-3.1198],[-3.1128],[-2.6674],[-2.0477],[-1.6826],[-1.6872],[-1.6384],[-0.9977],[0.2698],[1.6116],[2.3756],[2.3756],[1.857],[-1.2628],[-0.8791],[-0.3163],[0.1267],[0.0698],[-0.5744],[-1.5221],[-2.2965],[-2.6163],[-2.4733],[-2.0384],[-1.6849],[-1.736],[-2.2698],[-2.9616],[-3.2605],[-2.9116],[-2.2919],[-1.9547],[-2.0314],[-1.9849],[-1.164],[0.493],[2.3465],[3.6012],[3.914],[3.4291],[-0.7628],[-0.2756],[0.2779],[0.6523],[0.4965],[-0.2372],[-1.2093],[-1.9965],[-2.307],[-2.1221],[-1.6756],[-1.357],[-1.493],[-2.0744],[-2.7151],[-2.9163],[-2.5814],[-2.0872],[-1.8826],[-1.943],[-1.7244],[-0.65],[1.2081],[3.2163],[4.6523],[5.1605],[4.7791],[-0.3349],[0.1988],[0.7849],[1.1442],[0.9942],[0.3012],[-0.6558],[-1.4826],[-1.914],[-1.9279],[-1.7337],[-1.6186],[-1.7337],[-1.9384],[-1.9651],[-1.6849],[-1.3256],[-1.1791],[-1.3198],[-1.4326],[-0.9907],[0.2663],[2.0767],[3.8279],[4.9814],[5.3163],[4.85],[0.2674],[0.65],[1.1314],[1.4174],[1.2547],[0.6198],[-0.2663],[-1.0826],[-1.5523],[-1.6779],[-1.6593],[-1.693],[-1.7081],[-1.3872],[-0.6628],[0.143],[0.4884],[0.1733],[-0.4233],[-0.7244],[-0.2512],[0.9849],[2.5733],[3.9174],[4.5674],[4.3767],[3.5047],[1.3047],[1.2849],[1.3837],[1.4116],[1.1547],[0.5919],[-0.1442],[-0.8081],[-1.1326],[-1.1419],[-1.0837],[-1.1128],[-1],[-0.343],[0.8186],[1.8477],[2.0826],[1.4733],[0.5674],[0.007],[0.1663],[1.0674],[2.3686],[3.4733],[3.7442],[2.9849],[1.5744],[2.2895],[1.8512],[1.4942],[1.157],[0.7721],[0.3105],[-0.207],[-0.643],[-0.7907],[-0.6407],[-0.3965],[-0.2209],[0.1081],[0.8988],[2.014],[2.8709],[2.9674],[2.3686],[1.4895],[0.7198],[0.3221],[0.6035],[1.607],[2.6721],[2.8035],[1.6372],[-0.1953]]}]