html/data/WT_pct09_ind_wt_11_5.json
[{"header":{"disciplineName":["Meteorological products"],"parameterCategory":[0],"parameterCategoryName":["Temperature"],"parameterNumberName":["Temperature"],"parameterNumber":[0],"parameterUnits":["K"],"refTime":["2017-03-17T0000:00.000Z"],"numberPoints":[621],"nx":[27],"ny":[23],"lo1":[-20],"la1":[70],"lo2":[45],"la2":[45],"dx":[2.5],"dy":[2.5]},"data":[[-9.9217],[-9.1478],[-8.4761],[-7.887],[-7.3783],[-6.9348],[-6.5696],[-6.2457],[-5.9913],[-5.8],[-5.6848],[-5.6478],[-5.6826],[-5.7957],[-5.9478],[-6.1522],[-6.3891],[-6.6283],[-6.8783],[-7.1478],[-7.4109],[-7.7217],[-8.0565],[-8.4565],[-8.9174],[-9.4239],[-9.9761],[-6.9804],[-6.6239],[-6.3696],[-6.1848],[-6.0152],[-5.8065],[-5.5457],[-5.25],[-4.9391],[-4.6413],[-4.4152],[-4.2739],[-4.25],[-4.3391],[-4.5283],[-4.7978],[-5.1239],[-5.4717],[-5.85],[-6.2283],[-6.6174],[-7.0304],[-7.4565],[-7.9261],[-8.4348],[-8.9957],[-9.5935],[-4.6217],[-4.6717],[-4.8022],[-4.9],[-4.9217],[-4.8022],[-4.5652],[-4.2283],[-3.8391],[-3.4717],[-3.1891],[-3.037],[-3.0413],[-3.2022],[-3.4783],[-3.8522],[-4.2739],[-4.7217],[-5.1804],[-5.6457],[-6.1087],[-6.5935],[-7.0848],[-7.5826],[-8.1109],[-8.6652],[-9.2435],[-3.2174],[-3.3761],[-3.5109],[-3.5935],[-3.5565],[-3.4109],[-3.1348],[-2.813],[-2.4739],[-2.1891],[-2.0217],[-2.0239],[-2.2],[-2.4913],[-2.8826],[-3.3109],[-3.7326],[-4.1543],[-4.5652],[-5.0065],[-5.4696],[-5.9652],[-6.4696],[-6.9848],[-7.4935],[-8.0152],[-8.5435],[-2.4109],[-2.3196],[-2.187],[-2.0196],[-1.85],[-1.687],[-1.4957],[-1.3152],[-1.1565],[-1.0717],[-1.1065],[-1.3022],[-1.6304],[-2.037],[-2.4848],[-2.8804],[-3.2348],[-3.5413],[-3.863],[-4.2391],[-4.6783],[-5.1804],[-5.6957],[-6.2087],[-6.6717],[-7.1261],[-7.5696],[-1.6022],[-1.213],[-0.837],[-0.5391],[-0.3739],[-0.3239],[-0.3239],[-0.3391],[-0.3239],[-0.3543],[-0.4457],[-0.6783],[-1.0152],[-1.4348],[-1.8435],[-2.2109],[-2.5],[-2.7717],[-3.0761],[-3.4652],[-3.9457],[-4.4848],[-5.0152],[-5.487],[-5.8804],[-6.213],[-6.5478],[-0.5848],[-0.1348],[0.25],[0.4826],[0.4783],[0.3565],[0.1978],[0.1022],[0.1022],[0.1587],[0.1413],[0.0239],[-0.2391],[-0.5804],[-0.9543],[-1.287],[-1.5652],[-1.8587],[-2.1957],[-2.6391],[-3.1826],[-3.7413],[-4.2565],[-4.65],[-4.9565],[-5.2065],[-5.4652],[0.55],[0.8696],[1.1109],[1.1891],[1.0804],[0.8674],[0.6891],[0.6239],[0.6739],[0.7783],[0.8174],[0.7348],[0.5283],[0.237],[-0.0848],[-0.3674],[-0.613],[-0.8587],[-1.1804],[-1.587],[-2.0674],[-2.5565],[-2.9935],[-3.3478],[-3.6304],[-3.9109],[-4.2283],[1.7826],[1.9717],[2.1239],[2.1522],[2.0413],[1.8565],[1.7043],[1.6435],[1.6543],[1.6717],[1.6348],[1.4935],[1.2826],[1.0261],[0.7717],[0.5543],[0.3783],[0.1826],[-0.0391],[-0.3065],[-0.6326],[-0.9565],[-1.2913],[-1.6348],[-2.0087],[-2.4217],[-2.887],[3.2043],[3.3348],[3.4522],[3.4826],[3.3935],[3.2304],[3.0674],[2.9391],[2.8435],[2.7543],[2.6522],[2.537],[2.3913],[2.2283],[2.0435],[1.8174],[1.5565],[1.3065],[1.0652],[0.8652],[0.713],[0.5717],[0.3717],[0.0783],[-0.3609],[-0.8957],[-1.4696],[4.7304],[4.787],[4.8261],[4.7891],[4.6478],[4.4478],[4.2174],[4.0413],[3.9391],[3.9],[3.9348],[4.0174],[4.0783],[4.037],[3.8435],[3.4761],[3.0022],[2.5174],[2.1152],[1.8913],[1.8174],[1.8457],[1.8457],[1.7174],[1.3848],[0.8696],[0.3152],[6.0804],[6.0174],[5.9413],[5.8],[5.5891],[5.3261],[5.0978],[4.9761],[4.9761],[5.1478],[5.4087],[5.7065],[5.9217],[5.9435],[5.687],[5.1957],[4.55],[3.937],[3.4609],[3.2196],[3.2022],[3.3522],[3.5435],[3.6391],[3.537],[3.2348],[2.8196],[7.1739],[7.0283],[6.8783],[6.7022],[6.4957],[6.2935],[6.1413],[6.113],[6.2435],[6.5087],[6.837],[7.1587],[7.3652],[7.3478],[7.0783],[6.6261],[6.1217],[5.687],[5.3913],[5.2609],[5.2913],[5.4587],[5.6913],[5.8957],[5.987],[5.9674],[5.8435],[8.1326],[8.0043],[7.8913],[7.7913],[7.7152],[7.6304],[7.5826],[7.6043],[7.7043],[7.8565],[8.0413],[8.2196],[8.3217],[8.3217],[8.1761],[7.9457],[7.7565],[7.637],[7.6065],[7.6109],[7.6587],[7.7565],[7.8957],[8.037],[8.1717],[8.4065],[8.75],[9.1326],[9.0413],[8.9761],[8.9978],[9.0761],[9.1522],[9.1739],[9.1587],[9.1152],[9.0761],[9.0565],[9.113],[9.2457],[9.3761],[9.4391],[9.413],[9.3761],[9.3761],[9.4065],[9.463],[9.5087],[9.6196],[9.7761],[9.8891],[9.9543],[10.2217],[10.9457],[10.0674],[9.9674],[9.9587],[10.087],[10.3174],[10.5326],[10.6043],[10.5348],[10.387],[10.2196],[10.1304],[10.2087],[10.4543],[10.7761],[10.9913],[10.9957],[10.8587],[10.7261],[10.6587],[10.6609],[10.7804],[11.1217],[11.6],[11.9348],[11.95],[11.9087],[12.4783],[10.8326],[10.7957],[10.8783],[11.1152],[11.4522],[11.75],[11.8783],[11.8239],[11.687],[11.587],[11.5826],[11.7239],[12.0283],[12.3783],[12.5478],[12.4435],[12.1565],[11.9043],[11.8196],[11.8761],[12.1391],[12.7696],[13.737],[14.5543],[14.6543],[14.1043],[13.8109],[11.6826],[11.8674],[12.1196],[12.4109],[12.7283],[13.013],[13.163],[13.2109],[13.2587],[13.3674],[13.5522],[13.7304],[13.8696],[13.9652],[13.9109],[13.6413],[13.2739],[13.0957],[13.2217],[13.5],[13.8674],[14.5783],[15.8],[17.0957],[17.513],[16.6891],[15.3783],[12.9565],[13.5413],[13.9761],[14.2087],[14.3587],[14.513],[14.6848],[14.8326],[15.0652],[15.4435],[15.7913],[15.8957],[15.7022],[15.3761],[15.0196],[14.5913],[14.1826],[14.0978],[14.5],[15.0804],[15.5457],[16.0696],[17.1196],[18.6],[19.4935],[18.9435],[17.287],[14.7804],[15.7152],[16.2761],[16.3978],[16.3196],[16.3674],[16.5043],[16.6522],[16.9261],[17.3413],[17.6891],[17.5957],[17.0326],[16.3652],[15.8717],[15.4239],[14.9761],[14.8391],[15.3565],[16.2587],[16.95],[17.3391],[17.9804],[19.1913],[20.3457],[20.3717],[19.1087],[16.7565],[17.8261],[18.4304],[18.4761],[18.3565],[18.3674],[18.4978],[18.5457],[18.5783],[18.7543],[18.8478],[18.4848],[17.6739],[16.9543],[16.663],[16.5261],[16.1913],[15.9283],[16.3261],[17.4196],[18.4913],[19.0196],[19.3239],[19.9848],[20.8043],[21],[20.1978],[18.3217],[19.3],[19.8783],[19.9891],[19.9696],[20.0891],[20.2043],[20.1065],[19.8587],[19.6978],[19.4957],[18.9478],[18.1326],[17.6283],[17.7783],[18.1913],[18.2152],[17.9391],[18.0935],[19.0804],[20.3348],[21.1261],[21.3804],[21.5109],[21.5913],[21.2522],[20.3109],[19.0978],[19.8565],[20.3848],[20.6283],[20.7696],[20.9587],[21.0543],[20.9283],[20.6217],[20.3652],[20.1],[19.637],[19.0565],[18.8565],[19.3348],[20.1174],[20.513],[20.4],[20.3283],[20.813],[21.7348],[22.5804],[23.0413],[23.0739],[22.6261],[21.5609],[19.987]]},{"header":{"disciplineName":["Meteorological products"],"parameterCategory":[2],"parameterCategoryName":["u-component of wind"],"parameterNumberName":["u-component of wind"],"parameterNumber":[2],"parameterUnits":["m s-1"],"refTime":["2017-03-17T0000:00.000Z"],"numberPoints":[621],"nx":[27],"ny":[23],"lo1":[-20],"la1":[70],"lo2":[45],"la2":[45],"dx":[2.5],"dy":[2.5]},"data":[[1.4022],[1.8674],[2.2543],[2.5435],[2.7804],[2.9783],[3.2022],[3.463],[3.7761],[4.163],[4.5761],[4.9978],[5.3848],[5.7152],[5.9391],[6.0913],[6.1304],[6.1087],[6.0196],[5.8978],[5.7522],[5.6109],[5.4783],[5.3543],[5.2435],[5.1478],[5.0717],[2.0196],[2.7935],[3.437],[3.8935],[4.25],[4.5261],[4.7913],[5.0826],[5.4217],[5.813],[6.2261],[6.637],[6.9913],[7.25],[7.4087],[7.4435],[7.387],[7.2261],[6.9978],[6.7348],[6.4543],[6.1783],[5.9326],[5.7587],[5.6478],[5.6065],[5.6413],[3.5],[4.2543],[4.913],[5.4652],[5.9304],[6.3239],[6.687],[7.0261],[7.3283],[7.5891],[7.7848],[7.8761],[7.8848],[7.7957],[7.6478],[7.4435],[7.2326],[7.0239],[6.8043],[6.5717],[6.3587],[6.1543],[5.9935],[5.8957],[5.8848],[5.9826],[6.1609],[5.4587],[5.8413],[6.2217],[6.6109],[6.9957],[7.3609],[7.6761],[7.9],[8.013],[7.9652],[7.7609],[7.3978],[6.9457],[6.4674],[6.0543],[5.7761],[5.6543],[5.6674],[5.7717],[5.9],[6.0087],[6.0826],[6.1391],[6.1957],[6.3],[6.4587],[6.6696],[7.7761],[7.6565],[7.5913],[7.5587],[7.587],[7.6109],[7.5957],[7.5],[7.2957],[6.95],[6.463],[5.8652],[5.2304],[4.663],[4.2891],[4.1739],[4.35],[4.7435],[5.2717],[5.7848],[6.2087],[6.5174],[6.7261],[6.8717],[6.9957],[7.1174],[7.2196],[9.9022],[9.4217],[8.9348],[8.4543],[7.9739],[7.4913],[7.0261],[6.5717],[6.1761],[5.8065],[5.4435],[5.0935],[4.737],[4.4391],[4.2978],[4.3783],[4.6935],[5.1826],[5.7478],[6.2935],[6.7326],[7.0587],[7.3087],[7.513],[7.6783],[7.7935],[7.8543],[11.0522],[10.3783],[9.6326],[8.8478],[8.0217],[7.213],[6.4609],[5.8739],[5.5413],[5.4652],[5.5848],[5.7783],[5.9348],[6.0217],[6.0543],[6.0783],[6.1391],[6.2543],[6.4],[6.5522],[6.7348],[6.9826],[7.2978],[7.6391],[7.9826],[8.2152],[8.3391],[11.1],[10.3043],[9.4587],[8.6087],[7.7413],[6.9065],[6.1804],[5.6804],[5.5043],[5.6804],[6.1304],[6.7261],[7.2587],[7.5913],[7.6826],[7.5457],[7.2565],[6.8957],[6.5283],[6.2478],[6.1891],[6.3761],[6.813],[7.3543],[7.8457],[8.15],[8.2739],[10.7565],[9.9217],[9.0935],[8.3239],[7.613],[6.9652],[6.3848],[5.9283],[5.6696],[5.6978],[5.9978],[6.4783],[7.0109],[7.4348],[7.663],[7.6326],[7.3587],[6.9283],[6.4109],[6],[5.8304],[6.0043],[6.4804],[7.0543],[7.5],[7.687],[7.6348],[10.4978],[9.7826],[9.063],[8.3978],[7.8152],[7.3],[6.7913],[6.2522],[5.7152],[5.2674],[5.0217],[5.0478],[5.3413],[5.7891],[6.2543],[6.6087],[6.763],[6.6935],[6.4478],[6.1717],[6.0109],[6.0957],[6.4174],[6.8217],[7.1022],[7.1217],[6.9761],[9.8609],[9.4435],[8.8957],[8.3065],[7.7326],[7.2217],[6.7587],[6.2261],[5.5848],[4.8761],[4.2652],[3.9413],[3.9674],[4.3348],[4.9],[5.5065],[6.0065],[6.3043],[6.3978],[6.3217],[6.2],[6.1739],[6.2848],[6.4696],[6.6435],[6.737],[6.7935],[8.3109],[8.2239],[7.9435],[7.4848],[6.9565],[6.5326],[6.2304],[5.987],[5.65],[5.1978],[4.7174],[4.3652],[4.2609],[4.3978],[4.6891],[5.0761],[5.4609],[5.7891],[6],[6.05],[5.9848],[5.9109],[5.9022],[5.9957],[6.1848],[6.4543],[6.8435],[6.2065],[6.45],[6.563],[6.4391],[6.2022],[6.037],[6.0652],[6.1913],[6.2891],[6.2609],[6.1283],[5.9609],[5.8217],[5.7109],[5.6022],[5.5196],[5.513],[5.5739],[5.6543],[5.6804],[5.613],[5.5435],[5.5348],[5.6609],[5.8913],[6.2174],[6.6217],[4.4478],[4.9761],[5.5087],[5.8739],[6.1239],[6.3609],[6.637],[6.8913],[7.0435],[7.1152],[7.1543],[7.1696],[7.1348],[7.0174],[6.8087],[6.5391],[6.2804],[6.0761],[5.8674],[5.65],[5.4217],[5.2739],[5.3174],[5.6152],[6.0152],[6.3413],[6.45],[3.263],[3.8957],[4.6457],[5.3674],[6.013],[6.5478],[6.8804],[6.937],[6.8261],[6.7283],[6.7761],[6.9717],[7.1978],[7.3826],[7.4804],[7.4522],[7.2587],[6.913],[6.4043],[5.8217],[5.2783],[4.9674],[5.087],[5.6935],[6.5304],[7.0913],[7.0435],[2.1826],[2.6717],[3.3196],[4.0717],[4.837],[5.45],[5.6891],[5.5674],[5.3239],[5.2522],[5.4913],[5.9304],[6.4174],[6.8674],[7.25],[7.4717],[7.413],[7.0065],[6.3348],[5.5739],[4.8978],[4.5348],[4.7413],[5.6196],[6.9152],[7.9652],[8.1326],[1.1109],[1.4565],[1.9435],[2.5826],[3.2957],[3.787],[3.9565],[3.8696],[3.8435],[4.1478],[4.7261],[5.3174],[5.7391],[5.9826],[6.1326],[6.1652],[5.9978],[5.587],[5.0761],[4.6239],[4.3109],[4.1891],[4.4457],[5.2783],[6.5652],[7.763],[8.2109],[0.8261],[1.3043],[1.863],[2.5196],[3.1304],[3.4935],[3.6],[3.6478],[3.9326],[4.5174],[5.15],[5.4717],[5.363],[4.937],[4.4087],[3.8783],[3.4261],[3.0848],[2.987],[3.213],[3.6109],[3.987],[4.3],[4.7217],[5.3804],[6.0348],[6.3109],[1.7522],[2.5152],[3.2435],[3.9065],[4.4065],[4.6609],[4.7283],[4.8435],[5.163],[5.5609],[5.7065],[5.4043],[4.6304],[3.5978],[2.5348],[1.6152],[0.987],[0.7761],[1.0739],[1.8],[2.6978],[3.4543],[3.8565],[3.9565],[3.8848],[3.7022],[3.3804],[3.0174],[3.7217],[4.1957],[4.5543],[4.8261],[4.9783],[5.1022],[5.287],[5.4587],[5.4022],[4.9413],[4.1217],[3.1217],[2.0783],[1.0478],[0.2304],[-0.213],[-0.2022],[0.1804],[0.8196],[1.5457],[2.213],[2.6652],[2.7804],[2.4826],[1.8174],[0.9848],[3.0174],[3.1239],[2.9174],[2.6848],[2.6087],[2.7174],[2.9652],[3.2891],[3.4783],[3.2674],[2.6543],[1.8978],[1.2435],[0.6826],[0.1891],[-0.1435],[-0.1478],[0.1196],[0.3891],[0.5065],[0.5435],[0.687],[0.9413],[1.1565],[1.037],[0.4217],[-0.5696],[0.8935],[0.3935],[-0.3304],[-0.9022],[-1.1109],[-1.0304],[-0.7196],[-0.2609],[0.1435],[0.2304],[0.0043],[-0.2435],[-0.3543],[-0.3804],[-0.387],[-0.2174],[0.2283],[0.7261],[0.8826],[0.6],[0.1196],[-0.2522],[-0.4261],[-0.463],[-0.5913],[-1.0652],[-1.9696],[-2.7435],[-3.3457],[-3.9109],[-4.1587],[-4.1326],[-3.9826],[-3.7565],[-3.337],[-2.7978],[-2.3196],[-2.0239],[-1.8043],[-1.5761],[-1.3913],[-1.2],[-0.7804],[-0.1478],[0.4022],[0.4978],[0.2739],[-0.0391],[-0.3935],[-0.8717],[-1.4283],[-1.937],[-2.4826],[-3.2674]]},{"header":{"disciplineName":["Meteorological products"],"parameterCategory":[2],"parameterCategoryName":["v-component of wind"],"parameterNumberName":["v-component of wind"],"parameterNumber":[3],"parameterUnits":["m s-1"],"refTime":["2017-03-17T0000:00.000Z"],"numberPoints":[621],"nx":[27],"ny":[23],"lo1":[-20],"la1":[70],"lo2":[45],"la2":[45],"dx":[2.5],"dy":[2.5]},"data":[[-0.5478],[0.0043],[0.5783],[1.1065],[1.5435],[1.8739],[2.0804],[2.1804],[2.1348],[1.9674],[1.7109],[1.3848],[1.0239],[0.6609],[0.3435],[0.0717],[-0.1543],[-0.3348],[-0.5065],[-0.6891],[-0.9174],[-1.2196],[-1.5587],[-1.9283],[-2.2804],[-2.5609],[-2.7435],[1.3413],[1.6435],[1.8565],[2.0196],[2.1152],[2.213],[2.2826],[2.3413],[2.3674],[2.3283],[2.2043],[2.0087],[1.7239],[1.3848],[1.0174],[0.6565],[0.2978],[-0.0543],[-0.4022],[-0.7674],[-1.15],[-1.5413],[-1.9217],[-2.287],[-2.5478],[-2.7065],[-2.7348],[3.2239],[3.3152],[3.2565],[3.1174],[2.9391],[2.7935],[2.6978],[2.6348],[2.5804],[2.5043],[2.3565],[2.1261],[1.8109],[1.45],[1.0348],[0.6261],[0.2043],[-0.2196],[-0.6413],[-1.0652],[-1.4739],[-1.8391],[-2.1174],[-2.3022],[-2.3804],[-2.3435],[-2.1957],[4.1761],[4.2935],[4.2522],[4.0913],[3.8522],[3.5587],[3.2717],[2.9478],[2.613],[2.2522],[1.85],[1.4391],[1.0522],[0.7196],[0.4457],[0.2109],[-0.037],[-0.3261],[-0.6717],[-1.0935],[-1.4717],[-1.7826],[-1.9391],[-1.9587],[-1.8391],[-1.6174],[-1.387],[4.0565],[4.3457],[4.5109],[4.5152],[4.3457],[4.0109],[3.5283],[2.9152],[2.2457],[1.5196],[0.8391],[0.263],[-0.0913],[-0.2109],[-0.1087],[0.1022],[0.2652],[0.2457],[-0.0152],[-0.4609],[-0.9696],[-1.3783],[-1.5717],[-1.5522],[-1.35],[-1.0891],[-0.8478],[3.2696],[3.5978],[3.9087],[4.0565],[3.9848],[3.6543],[3.0978],[2.3674],[1.5152],[0.637],[-0.1587],[-0.7413],[-0.9913],[-0.813],[-0.2739],[0.4413],[1.0543],[1.3174],[1.1152],[0.5435],[-0.1978],[-0.8543],[-1.2348],[-1.2913],[-1.1283],[-0.887],[-0.6935],[2.0848],[2.2522],[2.5283],[2.7174],[2.7304],[2.5239],[2.1217],[1.5674],[0.9065],[0.1913],[-0.5065],[-1.05],[-1.2587],[-1.0109],[-0.3087],[0.6304],[1.5],[1.9565],[1.8587],[1.263],[0.437],[-0.3217],[-0.7804],[-0.9261],[-0.8457],[-0.6978],[-0.5696],[0.587],[0.5152],[0.6913],[0.9609],[1.1609],[1.2391],[1.1848],[1.0261],[0.7783],[0.4348],[-0.0304],[-0.5326],[-0.8761],[-0.887],[-0.4696],[0.2935],[1.0957],[1.6283],[1.6957],[1.3283],[0.7413],[0.2239],[-0.1087],[-0.2565],[-0.3],[-0.3239],[-0.3239],[-0.9913],[-1.2391],[-1.0543],[-0.5957],[-0.0978],[0.3],[0.5435],[0.7174],[0.8196],[0.8348],[0.6891],[0.3522],[-0.0696],[-0.3804],[-0.4087],[-0.1022],[0.3674],[0.8],[1],[0.9609],[0.8217],[0.7022],[0.6217],[0.4935],[0.2435],[-0.0457],[-0.2109],[-2.2109],[-2.5761],[-2.3283],[-1.6674],[-0.9348],[-0.3804],[-0.0543],[0.1217],[0.3109],[0.5609],[0.8043],[0.9043],[0.787],[0.513],[0.2609],[0.1609],[0.2239],[0.3717],[0.5174],[0.6261],[0.7848],[0.9804],[1.0826],[0.9304],[0.4696],[-0.0739],[-0.3565],[-2.85],[-3.3891],[-3.2087],[-2.4935],[-1.6652],[-1.0674],[-0.8478],[-0.8565],[-0.787],[-0.4543],[0.15],[0.8109],[1.2804],[1.3957],[1.2674],[1.0087],[0.7696],[0.6022],[0.537],[0.6043],[0.813],[1.0804],[1.2065],[0.9978],[0.4587],[-0.137],[-0.3761],[-3.1109],[-3.8783],[-3.8891],[-3.2935],[-2.4435],[-1.787],[-1.5435],[-1.613],[-1.6522],[-1.3435],[-0.6152],[0.3804],[1.2565],[1.7674],[1.8522],[1.6174],[1.2696],[0.9783],[0.8022],[0.8043],[0.9391],[1.1239],[1.1739],[0.9304],[0.463],[0.0696],[0.0826],[-3.1739],[-4.0935],[-4.313],[-3.8478],[-3],[-2.1913],[-1.7478],[-1.6565],[-1.6826],[-1.4826],[-0.8739],[0.0391],[0.9391],[1.5413],[1.7174],[1.5435],[1.2087],[0.9391],[0.8478],[0.9152],[1.0761],[1.1935],[1.1239],[0.8348],[0.4957],[0.4239],[0.787],[-2.9891],[-3.8674],[-4.163],[-3.787],[-2.95],[-2.0978],[-1.537],[-1.3457],[-1.3217],[-1.1826],[-0.7609],[-0.0783],[0.663],[1.1978],[1.3326],[1.1174],[0.7522],[0.5],[0.5087],[0.75],[1.0413],[1.2109],[1.1261],[0.8391],[0.5804],[0.6783],[1.2391],[-2.5],[-3.1935],[-3.3804],[-3.0196],[-2.3261],[-1.6978],[-1.387],[-1.3304],[-1.3065],[-1.1065],[-0.637],[0.0391],[0.7478],[1.2565],[1.3],[0.9022],[0.3043],[-0.1043],[-0.1217],[0.2196],[0.7109],[1.113],[1.2891],[1.2087],[1.0391],[1.0543],[1.3804],[-1.9565],[-2.387],[-2.4217],[-2.0239],[-1.5196],[-1.2848],[-1.4326],[-1.6674],[-1.6109],[-1.1587],[-0.3848],[0.5],[1.2978],[1.7261],[1.5761],[0.887],[-0.0413],[-0.7304],[-0.9087],[-0.5783],[0.0783],[0.8826],[1.65],[2.1717],[2.2652],[2],[1.6283],[-1.5587],[-1.7217],[-1.6348],[-1.2674],[-0.9478],[-1.0087],[-1.4348],[-1.7587],[-1.5217],[-0.713],[0.3587],[1.3217],[1.9565],[2.1152],[1.6391],[0.6435],[-0.5152],[-1.3565],[-1.6283],[-1.3609],[-0.6326],[0.5283],[2.0217],[3.3478],[3.9087],[3.413],[2.1848],[-1.0239],[-0.963],[-0.8957],[-0.713],[-0.6065],[-0.7978],[-1.2022],[-1.3587],[-0.8522],[0.1957],[1.2804],[2.0065],[2.2152],[1.9217],[1.1543],[0.0435],[-1.0848],[-1.8087],[-2],[-1.7304],[-1.0152],[0.2891],[2.1935],[4.0978],[5.05],[4.4891],[2.6891],[0.0804],[0.2565],[0.1174],[-0.0804],[-0.2717],[-0.5196],[-0.8152],[-0.7848],[-0.2217],[0.7413],[1.5739],[1.8978],[1.7109],[1.1783],[0.3978],[-0.5609],[-1.437],[-1.9109],[-1.8478],[-1.4304],[-0.6913],[0.5652],[2.3696],[4.2],[5.0826],[4.4413],[2.6043],[1.6043],[1.687],[1.2152],[0.65],[0.2348],[-0.0935],[-0.3848],[-0.5],[-0.1935],[0.3957],[0.8978],[0.9978],[0.7543],[0.3696],[-0.113],[-0.7522],[-1.3826],[-1.6283],[-1.3283],[-0.6196],[0.2957],[1.4478],[2.8348],[4.0087],[4.3065],[3.4],[1.737],[2.7957],[2.5022],[1.7652],[1.0891],[0.6609],[0.3543],[-0.037],[-0.4587],[-0.5935],[-0.3978],[-0.1109],[0.0196],[0.0174],[0.0065],[-0.0913],[-0.4435],[-0.9348],[-1.1152],[-0.6783],[0.2196],[1.2652],[2.3152],[3.2957],[3.8065],[3.363],[2.0413],[0.4696],[2.9217],[2.2261],[1.4109],[0.8543],[0.6348],[0.4804],[0.0739],[-0.5261],[-0.9565],[-0.9696],[-0.7043],[-0.4043],[-0.137],[0.1652],[0.3478],[0.1978],[-0.2087],[-0.4174],[-0.0522],[0.6891],[1.4696],[2.237],[2.987],[3.3022],[2.6152],[1.0174],[-0.6609],[2.2261],[1.3696],[0.6239],[0.1978],[0.1174],[0.087],[-0.187],[-0.7043],[-1.1304],[-1.1283],[-0.7848],[-0.337],[0.1174],[0.5652],[0.9065],[0.8783],[0.55],[0.337],[0.4696],[0.7217],[0.8217],[1.0674],[1.7196],[2.3261],[1.913],[0.3413],[-1.4587]]}]