html/data/WT_pct09_ind_wt_6_4.json
[{"header":{"disciplineName":["Meteorological products"],"parameterCategory":[0],"parameterCategoryName":["Temperature"],"parameterNumberName":["Temperature"],"parameterNumber":[0],"parameterUnits":["K"],"refTime":["2017-03-17T0000:00.000Z"],"numberPoints":[621],"nx":[27],"ny":[23],"lo1":[-20],"la1":[70],"lo2":[45],"la2":[45],"dx":[2.5],"dy":[2.5]},"data":[[-0.3919],[-0.3686],[-0.3849],[-0.4384],[-0.5198],[-0.6081],[-0.6919],[-0.7291],[-0.7105],[-0.6221],[-0.457],[-0.2291],[0.0291],[0.2895],[0.5291],[0.7058],[0.8012],[0.7849],[0.6895],[0.5081],[0.2872],[0.043],[-0.1895],[-0.3686],[-0.4965],[-0.5616],[-0.6174],[0.0756],[0.1616],[0.2012],[0.1919],[0.1686],[0.1593],[0.1756],[0.25],[0.3965],[0.6221],[0.9035],[1.243],[1.6035],[1.936],[2.2244],[2.4221],[2.5198],[2.4802],[2.3477],[2.1174],[1.8314],[1.5291],[1.2733],[1.0733],[0.9384],[0.8686],[0.8477],[0.6826],[0.7477],[0.7756],[0.7826],[0.8128],[0.8988],[1.057],[1.2802],[1.5779],[1.9267],[2.3128],[2.6779],[3.036],[3.3593],[3.6314],[3.8198],[3.9151],[3.9012],[3.7942],[3.6058],[3.3756],[3.1291],[2.9081],[2.743],[2.636],[2.5756],[2.5547],[1.4221],[1.3988],[1.3686],[1.3593],[1.443],[1.6221],[1.9291],[2.3151],[2.757],[3.2012],[3.6267],[3.9988],[4.3244],[4.6105],[4.836],[5.0244],[5.1547],[5.1895],[5.1709],[5.1105],[4.9849],[4.85],[4.7337],[4.6314],[4.5407],[4.4733],[4.4128],[2.0802],[1.9988],[1.95],[1.9709],[2.1128],[2.3733],[2.7477],[3.1965],[3.664],[4.1174],[4.5314],[4.8919],[5.2151],[5.5035],[5.7779],[6.0105],[6.1988],[6.3058],[6.3616],[6.3709],[6.3663],[6.3384],[6.3058],[6.2477],[6.1523],[6.0314],[5.9058],[2.6849],[2.6686],[2.7221],[2.843],[3.0105],[3.2523],[3.5407],[3.8779],[4.2151],[4.5453],[4.8709],[5.1942],[5.5593],[5.9523],[6.3407],[6.6849],[6.9477],[7.1105],[7.1965],[7.2523],[7.3198],[7.4221],[7.4872],[7.4663],[7.35],[7.143],[6.943],[3.5733],[3.7012],[3.8616],[4.0221],[4.15],[4.257],[4.357],[4.4779],[4.6384],[4.8174],[5.0593],[5.3895],[5.8128],[6.3244],[6.8593],[7.3198],[7.6733],[7.8779],[7.9872],[8.1151],[8.3128],[8.5477],[8.7593],[8.8291],[8.6965],[8.4035],[8.0965],[4.8384],[4.9802],[5.1105],[5.1872],[5.1895],[5.1314],[5.0942],[5.1151],[5.236],[5.4477],[5.7616],[6.1616],[6.664],[7.2384],[7.843],[8.3616],[8.7384],[8.9686],[9.1105],[9.2988],[9.5826],[9.9663],[10.3174],[10.4709],[10.3965],[10.1174],[9.8151],[6.157],[6.1523],[6.1384],[6.0733],[5.9756],[5.8593],[5.8128],[5.9105],[6.1919],[6.643],[7.1849],[7.7593],[8.3058],[8.8407],[9.3244],[9.7384],[10.043],[10.2291],[10.3291],[10.464],[10.6849],[11.036],[11.3942],[11.6523],[11.7174],[11.6593],[11.6105],[7.2453],[7.1035],[7.0244],[7.0081],[6.9709],[6.95],[6.9686],[7.1547],[7.5965],[8.257],[9.0174],[9.7058],[10.2314],[10.564],[10.7895],[10.9616],[11.1198],[11.2128],[11.2105],[11.1523],[11.1477],[11.2756],[11.557],[11.9058],[12.2151],[12.4942],[12.8081],[8.0523],[7.9523],[8.1058],[8.3919],[8.6663],[8.8198],[8.8895],[9.0314],[9.4012],[10.0337],[10.7965],[11.4593],[11.843],[11.9477],[11.8895],[11.8477],[11.8919],[11.9779],[11.9547],[11.7942],[11.6012],[11.5686],[11.8407],[12.3756],[12.9756],[13.4663],[13.8663],[8.7174],[8.8616],[9.3453],[10.0151],[10.6337],[11.0221],[11.157],[11.2174],[11.4035],[11.8291],[12.3919],[12.9151],[13.1826],[13.1267],[12.9035],[12.736],[12.8035],[13.0174],[13.1826],[13.143],[13.0151],[13.1012],[13.6477],[14.5709],[15.5012],[16.0337],[16.0779],[9.4547],[9.7872],[10.4035],[11.2221],[12.0384],[12.7012],[13.1314],[13.3686],[13.5407],[13.7616],[14.0895],[14.4244],[14.5988],[14.5151],[14.2407],[14.0128],[14.064],[14.4081],[14.7756],[14.957],[15.057],[15.457],[16.4826],[18.0151],[19.436],[20.1453],[19.9593],[10.4105],[10.7337],[11.1965],[11.8988],[12.8314],[13.8895],[14.9198],[15.6895],[16.0965],[16.2314],[16.257],[16.3244],[16.3686],[16.2384],[15.8942],[15.5081],[15.3779],[15.5802],[15.9035],[16.143],[16.357],[16.9988],[18.45],[20.5593],[22.6314],[23.9267],[24.2384],[11.4779],[11.6895],[11.9942],[12.6779],[13.8826],[15.5477],[17.3058],[18.6593],[19.2849],[19.264],[18.936],[18.6547],[18.4314],[18.1407],[17.5895],[16.9267],[16.4407],[16.2919],[16.3663],[16.4291],[16.5733],[17.2686],[18.9314],[21.4081],[23.9221],[25.8593],[27.1128],[12.3384],[12.5919],[13.0547],[14.064],[15.8058],[18.0988],[20.3593],[21.9407],[22.5291],[22.2802],[21.7035],[21.1523],[20.6826],[20.1151],[19.2988],[18.3686],[17.5988],[17.1802],[17.0012],[16.9128],[17.0407],[17.8221],[19.6314],[22.1733],[24.6826],[26.5709],[28.0942],[13.1384],[13.6407],[14.5058],[16.0151],[18.2198],[20.8058],[23.0593],[24.4291],[24.7802],[24.4965],[24.0453],[23.5895],[23.0058],[22.1756],[21.1081],[20.05],[19.236],[18.757],[18.5244],[18.4686],[18.7547],[19.8314],[21.9035],[24.5244],[26.7105],[27.8267],[28.357],[14.6337],[15.4802],[16.643],[18.3105],[20.4826],[22.7709],[24.5895],[25.5337],[25.7709],[25.8105],[25.8895],[25.8128],[25.243],[24.1523],[22.9128],[21.864],[21.136],[20.6779],[20.4384],[20.4826],[21.0198],[22.3802],[24.7151],[27.5035],[29.5919],[30.0895],[29.3221],[17.3779],[18.4756],[19.5965],[20.8779],[22.436],[24.064],[25.3291],[26.0081],[26.3453],[26.836],[27.4709],[27.7012],[27.0523],[25.7407],[24.4012],[23.436],[22.7709],[22.2337],[21.9105],[22.0058],[22.6686],[24.0151],[26.1872],[28.9337],[31.257],[32.0151],[31.0174],[20.6802],[21.8384],[22.6872],[23.3523],[24.1291],[25.1081],[26.0151],[26.6337],[27.1291],[27.8523],[28.6547],[28.857],[28.0593],[26.6942],[25.5035],[24.7477],[24.1337],[23.4733],[23.0686],[23.2663],[23.957],[24.9314],[26.35],[28.464],[30.8523],[32.3872],[32.3035],[23.0314],[24.0453],[24.6128],[24.8267],[25.1128],[25.7128],[26.4547],[27.0314],[27.536],[28.1733],[28.8081],[28.8895],[28.1733],[27.1291],[26.4151],[26.0128],[25.5221],[24.8663],[24.5314],[24.9105],[25.6035],[26.1384],[26.6407],[27.7988],[29.7081],[31.5267],[32.2384],[23.5291],[24.2105],[24.5709],[24.6523],[24.8012],[25.2291],[25.7965],[26.25],[26.5826],[27.043],[27.5244],[27.7244],[27.4872],[27.1453],[27.043],[27.0198],[26.6779],[26.1477],[25.9919],[26.4058],[26.9384],[27.1221],[27.2151],[27.8709],[29.2221],[30.5407],[31.05],[22.5291],[22.8174],[22.9919],[23.0919],[23.2686],[23.5826],[23.957],[24.1965],[24.3779],[24.6942],[25.1942],[25.7081],[26.1174],[26.5012],[26.8221],[26.8802],[26.6105],[26.3012],[26.2779],[26.3942],[26.3477],[26.1965],[26.5291],[27.6733],[29.0616],[29.7663],[29.3988]]},{"header":{"disciplineName":["Meteorological products"],"parameterCategory":[2],"parameterCategoryName":["u-component of wind"],"parameterNumberName":["u-component of wind"],"parameterNumber":[2],"parameterUnits":["m s-1"],"refTime":["2017-03-17T0000:00.000Z"],"numberPoints":[621],"nx":[27],"ny":[23],"lo1":[-20],"la1":[70],"lo2":[45],"la2":[45],"dx":[2.5],"dy":[2.5]},"data":[[3.1279],[3.5326],[3.8279],[3.9884],[4.0372],[4.0093],[3.9442],[3.8837],[3.8907],[3.9302],[4.0442],[4.2163],[4.4023],[4.6023],[4.814],[5.0093],[5.193],[5.3953],[5.5977],[5.7977],[5.9674],[6.1186],[6.2023],[6.2349],[6.1744],[6.0535],[5.8767],[3.1116],[3.5395],[3.7837],[3.8581],[3.7837],[3.6279],[3.4558],[3.3256],[3.3093],[3.4],[3.5744],[3.8256],[4.0977],[4.3279],[4.5279],[4.714],[4.8744],[5.0488],[5.2628],[5.5047],[5.7674],[6.007],[6.1907],[6.293],[6.2907],[6.2047],[6.0395],[2.3535],[2.7465],[2.9512],[3.0047],[2.9186],[2.7674],[2.6116],[2.5326],[2.5581],[2.7047],[2.9349],[3.2116],[3.486],[3.7023],[3.8628],[3.9628],[4.0698],[4.2116],[4.407],[4.6791],[4.986],[5.2721],[5.5209],[5.6698],[5.7419],[5.7209],[5.6558],[2.0256],[2.3163],[2.507],[2.5884],[2.5767],[2.4977],[2.3674],[2.2512],[2.214],[2.2698],[2.3884],[2.5488],[2.7209],[2.886],[3.0256],[3.1535],[3.3093],[3.4953],[3.7302],[4.0093],[4.286],[4.507],[4.6744],[4.7465],[4.7372],[4.7023],[4.6465],[3.3186],[3.4395],[3.5349],[3.5953],[3.5651],[3.4116],[3.1605],[2.8512],[2.5605],[2.3349],[2.1907],[2.1465],[2.1791],[2.2814],[2.4535],[2.686],[2.9605],[3.2674],[3.5535],[3.7884],[3.9419],[4.0302],[4.0233],[3.9302],[3.814],[3.7],[3.6488],[5.6837],[5.5814],[5.514],[5.4047],[5.1977],[4.8558],[4.3744],[3.8442],[3.3256],[2.9302],[2.6605],[2.5256],[2.493],[2.5488],[2.693],[2.8953],[3.1302],[3.3628],[3.5395],[3.6163],[3.6395],[3.614],[3.593],[3.5628],[3.5512],[3.5581],[3.6186],[7.5209],[7.2628],[7.0023],[6.6884],[6.2581],[5.7186],[5.1302],[4.5698],[4.1721],[3.9628],[3.9023],[3.9186],[3.914],[3.8605],[3.7512],[3.6488],[3.5488],[3.4279],[3.2558],[3.0721],[2.9186],[2.9163],[3.0744],[3.3698],[3.7372],[4.1047],[4.4535],[8.1442],[7.7674],[7.3233],[6.8419],[6.3047],[5.7512],[5.2698],[4.9605],[4.9047],[5.0512],[5.307],[5.4907],[5.4605],[5.1884],[4.7558],[4.2558],[3.7558],[3.2628],[2.7814],[2.3326],[2.0349],[2.0209],[2.3349],[2.9023],[3.6093],[4.2767],[4.8465],[7.8488],[7.3163],[6.7349],[6.1767],[5.6977],[5.3419],[5.1419],[5.1326],[5.293],[5.5698],[5.8209],[5.8837],[5.6535],[5.1721],[4.5395],[3.9419],[3.4395],[2.9837],[2.5116],[2.0186],[1.6209],[1.4767],[1.693],[2.214],[2.8953],[3.5395],[4.114],[6.7256],[6.0791],[5.4605],[4.9628],[4.693],[4.6721],[4.8256],[5.0767],[5.2767],[5.3651],[5.2814],[4.9977],[4.5023],[3.8907],[3.3209],[2.9279],[2.7628],[2.686],[2.5256],[2.2093],[1.8163],[1.5326],[1.514],[1.7581],[2.1744],[2.6302],[3.0488],[4.7186],[4.1884],[3.7349],[3.4116],[3.3814],[3.693],[4.2651],[4.8209],[5.1651],[5.186],[4.9326],[4.4674],[3.886],[3.2907],[2.7977],[2.5349],[2.486],[2.5372],[2.5023],[2.2977],[1.9953],[1.7558],[1.6628],[1.7465],[1.9674],[2.2558],[2.6023],[2.6326],[2.507],[2.3488],[2.1977],[2.2837],[2.8047],[3.7256],[4.7395],[5.4884],[5.8535],[5.8512],[5.6209],[5.2488],[4.7488],[4.1698],[3.6116],[3.1349],[2.7326],[2.3651],[2.0674],[1.8674],[1.8395],[1.9372],[2.0279],[2.0907],[2.1884],[2.4023],[1.7395],[1.9419],[1.9977],[1.9186],[2.007],[2.607],[3.7326],[5.0791],[6.193],[6.8907],[7.2279],[7.3419],[7.2744],[6.9512],[6.3233],[5.4442],[4.4791],[3.5465],[2.7628],[2.2605],[2.1372],[2.3233],[2.5884],[2.6721],[2.4953],[2.1744],[1.986],[1.8907],[2.1326],[2.2465],[2.2721],[2.493],[3.193],[4.3302],[5.5372],[6.414],[6.8419],[7.0256],[7.207],[7.3744],[7.3721],[7.0605],[6.4581],[5.7047],[4.9163],[4.193],[3.7047],[3.5465],[3.7163],[3.9814],[4.007],[3.6302],[2.9186],[2.1791],[1.7605],[1.8605],[2.1186],[2.5442],[3.214],[4.1023],[4.9977],[5.5372],[5.5279],[5.1233],[4.7488],[4.7442],[5.0721],[5.4814],[5.7767],[5.9651],[6.086],[6.1023],[5.9651],[5.686],[5.4116],[5.3419],[5.4744],[5.5884],[5.4674],[4.9116],[3.9535],[1.0605],[1.2977],[1.986],[3.0209],[4.1279],[4.9884],[5.3349],[4.9977],[4.0884],[3.0279],[2.3465],[2.3163],[2.7767],[3.393],[3.9814],[4.5837],[5.3023],[5.993],[6.3651],[6.3023],[5.9907],[5.7465],[5.8116],[6.2419],[6.7698],[6.9488],[6.3767],[1.414],[2.1535],[3.3116],[4.5791],[5.493],[5.7302],[5.286],[4.3279],[3.1837],[2.2605],[1.8953],[2.0884],[2.5256],[2.8395],[2.9651],[3.1256],[3.514],[4.086],[4.5535],[4.7698],[4.7907],[4.8023],[5.0302],[5.5907],[6.414],[7.1116],[7.1279],[3.8767],[4.9884],[6.0488],[6.6791],[6.5605],[5.7558],[4.6512],[3.6605],[3.0349],[2.807],[2.9442],[3.2116],[3.307],[2.9837],[2.3395],[1.6907],[1.3372],[1.3651],[1.7395],[2.4116],[3.2721],[4.0651],[4.5651],[4.7395],[4.8442],[5.0512],[5.207],[6.6256],[7.4233],[7.5953],[6.9698],[5.6442],[4.086],[2.9581],[2.5442],[2.693],[2.9907],[3.186],[3.1023],[2.6977],[2.0047],[1.1349],[0.3256],[-0.2465],[-0.4116],[0.0209],[1.1744],[2.8907],[4.4953],[5.1628],[4.5977],[3.3279],[2.2605],[1.9907],[6.386],[6.3093],[5.3907],[3.8233],[2.0581],[0.714],[0.2512],[0.593],[1.1977],[1.493],[1.2837],[0.7605],[0.2047],[-0.1953],[-0.4419],[-0.5651],[-0.6023],[-0.4721],[0.0814],[1.2698],[3.0535],[4.7419],[5.3395],[4.293],[2.1395],[0.1581],[-0.6116],[1.9488],[1.1953],[-0.0767],[-1.507],[-2.6],[-3.0372],[-2.7302],[-2.0233],[-1.4535],[-1.4395],[-1.8605],[-2.3721],[-2.5093],[-2.2209],[-1.6186],[-0.9302],[-0.2977],[0.2023],[0.6558],[1.2674],[2.1488],[3.0326],[3.3209],[2.4791],[0.6953],[-1.1186],[-1.9837],[-4.6698],[-5.3279],[-5.9535],[-6.286],[-6.2186],[-5.8488],[-5.3605],[-4.9163],[-4.6953],[-4.7116],[-4.8558],[-4.8116],[-4.4],[-3.6372],[-2.6628],[-1.6395],[-0.7279],[-0.0651],[0.2116],[0.1186],[-0.0907],[-0.1837],[-0.1395],[-0.286],[-0.9],[-1.807],[-2.4395],[-10.4372],[-10.4907],[-10.0767],[-9.2326],[-8.3442],[-7.8256],[-7.7628],[-7.9488],[-8.0256],[-7.8186],[-7.3744],[-6.8163],[-6.1721],[-5.4372],[-4.5349],[-3.5163],[-2.5326],[-1.8233],[-1.5558],[-1.7977],[-2.3326],[-2.6698],[-2.5209],[-2.007],[-1.6628],[-1.7953],[-2.1977]]},{"header":{"disciplineName":["Meteorological products"],"parameterCategory":[2],"parameterCategoryName":["v-component of wind"],"parameterNumberName":["v-component of wind"],"parameterNumber":[3],"parameterUnits":["m s-1"],"refTime":["2017-03-17T0000:00.000Z"],"numberPoints":[621],"nx":[27],"ny":[23],"lo1":[-20],"la1":[70],"lo2":[45],"la2":[45],"dx":[2.5],"dy":[2.5]},"data":[[0.2581],[0.3395],[0.4233],[0.5186],[0.6302],[0.7814],[0.9907],[1.2233],[1.4628],[1.6791],[1.8302],[1.8674],[1.786],[1.5698],[1.2279],[0.7767],[0.2698],[-0.2721],[-0.8163],[-1.3465],[-1.7953],[-2.1419],[-2.4047],[-2.5256],[-2.5419],[-2.4581],[-2.3093],[1.5535],[1.2953],[0.9977],[0.7186],[0.5209],[0.4628],[0.593],[0.8791],[1.2581],[1.6884],[2.0581],[2.286],[2.3488],[2.2023],[1.893],[1.4395],[0.9],[0.314],[-0.2767],[-0.8326],[-1.3512],[-1.786],[-2.1302],[-2.3605],[-2.4698],[-2.4907],[-2.4442],[2.4256],[1.8372],[1.1837],[0.5977],[0.1744],[0.0047],[0.1116],[0.4907],[1.0349],[1.6395],[2.1628],[2.5116],[2.6395],[2.5186],[2.1977],[1.7233],[1.1721],[0.5814],[0.0023],[-0.5349],[-1.0233],[-1.4605],[-1.8256],[-2.093],[-2.2605],[-2.3372],[-2.3465],[2.7395],[2.007],[1.2465],[0.5605],[0.0698],[-0.1279],[-0.007],[0.4047],[1.0256],[1.707],[2.3023],[2.7256],[2.9047],[2.814],[2.5186],[2.0465],[1.486],[0.893],[0.3372],[-0.2209],[-0.6977],[-1.1279],[-1.4977],[-1.793],[-1.9907],[-2.086],[-2.1],[2.7419],[2.0767],[1.3744],[0.7581],[0.2721],[0.0256],[0.0581],[0.393],[0.9581],[1.6465],[2.3047],[2.8395],[3.1535],[3.2279],[3.0419],[2.6395],[2.0791],[1.4256],[0.7628],[0.1326],[-0.4349],[-0.9419],[-1.3605],[-1.7093],[-1.9558],[-2.0512],[-2.0302],[2.5674],[2.0093],[1.4023],[0.7698],[0.1791],[-0.2651],[-0.4163],[-0.2163],[0.3047],[1.0535],[1.8721],[2.6209],[3.1907],[3.4744],[3.4628],[3.1233],[2.5233],[1.7791],[0.9791],[0.2488],[-0.3512],[-0.8581],[-1.293],[-1.6744],[-1.9628],[-2.0814],[-2.0186],[2.1465],[1.614],[0.9465],[0.1558],[-0.6535],[-1.2977],[-1.5744],[-1.3628],[-0.7],[0.2465],[1.286],[2.2326],[2.9535],[3.3442],[3.3558],[2.9837],[2.286],[1.4395],[0.6326],[0.0116],[-0.3721],[-0.6163],[-0.8628],[-1.1651],[-1.4605],[-1.6116],[-1.5047],[1.5093],[0.8512],[0.0488],[-0.8791],[-1.786],[-2.4047],[-2.5349],[-2.0907],[-1.1767],[0.014],[1.1698],[2.0884],[2.6953],[2.9],[2.7372],[2.2116],[1.414],[0.5512],[-0.1419],[-0.4465],[-0.3767],[-0.1395],[-0.007],[-0.114],[-0.393],[-0.5791],[-0.4767],[0.7256],[-0.086],[-0.9628],[-1.814],[-2.4721],[-2.7535],[-2.5512],[-1.8302],[-0.7395],[0.4512],[1.4581],[2.1256],[2.3907],[2.3279],[1.9814],[1.3674],[0.5558],[-0.2837],[-0.8395],[-0.8837],[-0.4279],[0.2651],[0.7907],[0.8744],[0.6326],[0.3814],[0.4233],[-0.1698],[-1.093],[-1.9023],[-2.4116],[-2.5605],[-2.3581],[-1.8698],[-1.1279],[-0.2302],[0.6628],[1.3512],[1.7093],[1.7512],[1.6047],[1.3209],[0.8651],[0.207],[-0.5581],[-1.1419],[-1.1837],[-0.6326],[0.2512],[1.014],[1.3209],[1.2023],[0.9558],[0.9326],[-1.0837],[-2.0372],[-2.686],[-2.8047],[-2.4395],[-1.8395],[-1.2581],[-0.7512],[-0.2698],[0.2186],[0.6023],[0.7977],[0.7977],[0.7488],[0.707],[0.5605],[0.1535],[-0.5186],[-1.193],[-1.4209],[-0.993],[-0.0907],[0.8558],[1.4581],[1.6605],[1.6419],[1.6186],[-1.7465],[-2.5674],[-3.0767],[-2.9465],[-2.2395],[-1.3837],[-0.7605],[-0.4465],[-0.2837],[-0.1],[0.093],[0.1395],[0.0465],[-0.0953],[-0.1116],[-0.1442],[-0.3977],[-0.9512],[-1.5721],[-1.814],[-1.4116],[-0.4558],[0.6791],[1.6209],[2.2698],[2.6488],[2.8326],[-1.8628],[-2.4442],[-2.8907],[-2.6767],[-1.7744],[-0.6233],[0.207],[0.5581],[0.5977],[0.5814],[0.5279],[0.2953],[-0.1698],[-0.7372],[-1.1953],[-1.5],[-1.8442],[-2.2698],[-2.6023],[-2.5116],[-1.8116],[-0.6721],[0.586],[1.6674],[2.5419],[3.2116],[3.6512],[-1.6372],[-1.993],[-2.3512],[-2.0581],[-0.9349],[0.5442],[1.6953],[2.1512],[2.0721],[1.7512],[1.3581],[0.7953],[-0.0628],[-1.0977],[-2.0907],[-2.886],[-3.5116],[-3.9209],[-3.9442],[-3.3721],[-2.2023],[-0.7721],[0.5256],[1.4581],[2.0814],[2.5535],[2.9535],[-1.5814],[-1.7233],[-1.8419],[-1.2953],[0.0791],[1.7837],[3.0093],[3.3047],[2.8349],[2.1163],[1.4674],[0.8558],[0.0674],[-0.9837],[-2.1581],[-3.2977],[-4.2535],[-4.8674],[-4.886],[-4.1372],[-2.6628],[-0.8977],[0.6047],[1.4488],[1.5512],[1.2349],[0.9651],[-1.7488],[-1.5535],[-1.1698],[-0.2581],[1.193],[2.6674],[3.4558],[3.2163],[2.286],[1.3186],[0.7651],[0.5209],[0.193],[-0.4605],[-1.4651],[-2.6372],[-3.8116],[-4.7605],[-5.1651],[-4.7209],[-3.3],[-1.2093],[0.8581],[2.0884],[1.9116],[0.5953],[-0.893],[-1.5302],[-0.7837],[0.1233],[1.186],[2.2628],[2.9767],[2.9372],[2.1628],[1.1093],[0.3953],[0.2186],[0.3326],[0.2767],[-0.2116],[-1.0488],[-2.1116],[-3.2512],[-4.3698],[-5.1674],[-5.1767],[-4.0372],[-1.7233],[1.0349],[2.9953],[2.9744],[0.9023],[-1.8884],[-0.4256],[0.7023],[1.7791],[2.5512],[2.8302],[2.5372],[1.7837],[0.9116],[0.3581],[0.3],[0.507],[0.507],[0.007],[-0.8628],[-1.8233],[-2.7209],[-3.6],[-4.4884],[-5.2],[-5.2465],[-4.1814],[-1.8814],[1.0512],[3.3419],[3.507],[1.1535],[-2.3488],[1.0674],[1.9605],[2.607],[2.7953],[2.386],[1.493],[0.5605],[0.1186],[0.3791],[1.0047],[1.2837],[0.6977],[-0.5814],[-2.0279],[-3.1512],[-3.8953],[-4.4535],[-4.9023],[-4.9837],[-4.3721],[-2.9442],[-0.9],[1.3023],[2.8535],[2.7721],[0.6233],[-2.7116],[1.9],[1.9256],[1.8581],[1.6791],[1.2419],[0.5395],[-0.0465],[0.0302],[0.8163],[1.6581],[1.6884],[0.6209],[-1.0581],[-2.5605],[-3.5186],[-4.0884],[-4.5372],[-4.7186],[-4.1326],[-2.5744],[-0.5791],[1.0209],[1.793],[1.8186],[1.1674],[-0.3791],[-2.7116],[1.5977],[0.7047],[0.1744],[0.1791],[0.3581],[0.3209],[0.207],[0.3977],[1.0093],[1.4884],[1.207],[0.1326],[-1.1465],[-2.0093],[-2.4581],[-2.8953],[-3.4837],[-3.7233],[-2.8953],[-0.9186],[1.2186],[2.1791],[1.5744],[0.2442],[-0.7395],[-1.3558],[-2.307],[0.6395],[-0.5814],[-1.1047],[-0.714],[0.0953],[0.6116],[0.614],[0.4651],[0.4349],[0.3233],[-0.1209],[-0.7744],[-1.214],[-1.3093],[-1.3465],[-1.7186],[-2.3442],[-2.6698],[-2.0581],[-0.5744],[0.8442],[1.0163],[-0.3116],[-1.9977],[-2.7116],[-2.3977],[-2.2488],[-0.2302],[-1.1837],[-1.5488],[-1.1047],[-0.2465],[0.2767],[0.1581],[-0.3209],[-0.8116],[-1.2628],[-1.6698],[-1.9093],[-1.8],[-1.5744],[-1.5884],[-1.9581],[-2.3953],[-2.5023],[-2.1907],[-1.6558],[-1.3488],[-1.793],[-2.9744],[-4.1047],[-4.2535],[-3.5233],[-3.0605]]}]