html/data/WT_pct09_ind_wt_3_1.json
[{"header":{"disciplineName":["Meteorological products"],"parameterCategory":[0],"parameterCategoryName":["Temperature"],"parameterNumberName":["Temperature"],"parameterNumber":[0],"parameterUnits":["K"],"refTime":["2017-03-17T0000:00.000Z"],"numberPoints":[621],"nx":[27],"ny":[23],"lo1":[-20],"la1":[70],"lo2":[45],"la2":[45],"dx":[2.5],"dy":[2.5]},"data":[[-13.6713],[-12.8234],[-12.0128],[-11.2777],[-10.6415],[-10.1074],[-9.6926],[-9.3723],[-9.1543],[-9.0053],[-8.9223],[-8.8798],[-8.8936],[-8.9255],[-8.9968],[-9.0851],[-9.1957],[-9.3309],[-9.4691],[-9.6181],[-9.7904],[-9.9617],[-10.1489],[-10.3532],[-10.5777],[-10.8468],[-11.1511],[-10.2957],[-9.7713],[-9.3457],[-8.9989],[-8.7085],[-8.483],[-8.2745],[-8.0979],[-7.9426],[-7.8117],[-7.7319],[-7.6979],[-7.7223],[-7.8064],[-7.9585],[-8.1596],[-8.4043],[-8.6649],[-8.9521],[-9.2181],[-9.4628],[-9.6713],[-9.8543],[-10.017],[-10.1606],[-10.3074],[-10.4968],[-6.9606],[-6.8287],[-6.7915],[-6.8074],[-6.8383],[-6.8245],[-6.7702],[-6.6638],[-6.5447],[-6.4489],[-6.4],[-6.4319],[-6.5574],[-6.7734],[-7.05],[-7.3883],[-7.7521],[-8.1117],[-8.4681],[-8.8032],[-9.0883],[-9.3266],[-9.5032],[-9.6181],[-9.7053],[-9.7755],[-9.866],[-4.85],[-4.9128],[-5.0574],[-5.2287],[-5.3766],[-5.467],[-5.4819],[-5.4383],[-5.383],[-5.3596],[-5.416],[-5.583],[-5.8277],[-6.1468],[-6.4872],[-6.8096],[-7.1074],[-7.3819],[-7.6426],[-7.8947],[-8.1362],[-8.3521],[-8.5415],[-8.6957],[-8.8053],[-8.9106],[-9.0266],[-4.0532],[-4.0032],[-4.0309],[-4.1223],[-4.2404],[-4.3436],[-4.4245],[-4.4553],[-4.4883],[-4.5755],[-4.7617],[-5.0404],[-5.3777],[-5.734],[-6.0266],[-6.2394],[-6.3691],[-6.4713],[-6.566],[-6.717],[-6.9064],[-7.1298],[-7.3628],[-7.5713],[-7.767],[-7.9479],[-8.1319],[-3.5043],[-3.1862],[-2.9872],[-2.9447],[-3.0234],[-3.1681],[-3.3234],[-3.4287],[-3.5394],[-3.6787],[-3.9213],[-4.2681],[-4.6649],[-5.0447],[-5.334],[-5.5021],[-5.584],[-5.6447],[-5.75],[-5.9234],[-6.1606],[-6.4223],[-6.6713],[-6.8947],[-7.0957],[-7.2883],[-7.4638],[-2.3064],[-1.8691],[-1.6085],[-1.5596],[-1.7106],[-1.9447],[-2.1649],[-2.3074],[-2.3883],[-2.4979],[-2.734],[-3.1223],[-3.5883],[-4.0585],[-4.4266],[-4.6926],[-4.8883],[-5.0989],[-5.3649],[-5.6755],[-5.9872],[-6.2521],[-6.4543],[-6.6128],[-6.7457],[-6.8904],[-7.0447],[-0.6564],[-0.3766],[-0.2574],[-0.3436],[-0.6],[-0.9085],[-1.134],[-1.2394],[-1.2543],[-1.3213],[-1.5596],[-2],[-2.5649],[-3.1181],[-3.5766],[-3.9245],[-4.2415],[-4.5904],[-4.9798],[-5.3638],[-5.6511],[-5.834],[-5.9245],[-6.0011],[-6.1234],[-6.3032],[-6.4904],[0.8053],[0.8202],[0.7596],[0.5915],[0.3234],[0.0394],[-0.1521],[-0.2149],[-0.2128],[-0.3021],[-0.6032],[-1.1032],[-1.7085],[-2.2457],[-2.667],[-2.9872],[-3.3074],[-3.6904],[-4.1053],[-4.4479],[-4.6266],[-4.6479],[-4.6191],[-4.6702],[-4.8553],[-5.1096],[-5.3511],[1.9319],[1.8053],[1.7096],[1.6032],[1.4383],[1.2404],[1.0691],[0.9745],[0.9074],[0.75],[0.416],[-0.0691],[-0.5904],[-1.0223],[-1.3255],[-1.5904],[-1.933],[-2.3851],[-2.833],[-3.1372],[-3.1894],[-3.066],[-2.9383],[-2.95],[-3.1287],[-3.3617],[-3.4968],[2.9745],[2.884],[2.8872],[2.9074],[2.8521],[2.6798],[2.4585],[2.2755],[2.1383],[1.984],[1.7415],[1.4117],[1.0574],[0.7468],[0.4585],[0.1181],[-0.3766],[-0.9819],[-1.5223],[-1.8213],[-1.783],[-1.5362],[-1.3],[-1.2426],[-1.3213],[-1.3894],[-1.2904],[4.0362],[4.034],[4.1351],[4.2128],[4.1521],[3.9287],[3.6426],[3.4234],[3.317],[3.2926],[3.2415],[3.1202],[2.9255],[2.6468],[2.2574],[1.7298],[1.0691],[0.3872],[-0.1245],[-0.3287],[-0.2],[0.1234],[0.4074],[0.5298],[0.5287],[0.5894],[0.8181],[4.9851],[5.0532],[5.1436],[5.1787],[5.084],[4.8723],[4.6532],[4.5245],[4.5319],[4.6287],[4.7287],[4.7447],[4.6213],[4.3298],[3.8383],[3.1979],[2.5287],[1.9649],[1.6553],[1.6245],[1.8266],[2.1362],[2.3862],[2.5149],[2.5383],[2.6128],[2.8234],[5.8362],[5.9074],[5.9447],[5.9553],[5.9564],[5.966],[6.0032],[6.0734],[6.1649],[6.2351],[6.284],[6.2989],[6.2043],[5.9287],[5.4351],[4.7979],[4.2011],[3.8117],[3.6617],[3.6883],[3.8255],[4.0457],[4.3138],[4.5234],[4.65],[4.7766],[5.0521],[6.6851],[6.7309],[6.767],[6.9223],[7.2298],[7.633],[8.0266],[8.2755],[8.2989],[8.1734],[8.0202],[7.9277],[7.866],[7.6755],[7.2362],[6.6064],[5.9915],[5.5691],[5.35],[5.2404],[5.2394],[5.4266],[5.8936],[6.4426],[6.8351],[7.0596],[7.4574],[7.5053],[7.567],[7.7521],[8.1926],[8.8989],[9.6915],[10.3074],[10.5681],[10.4617],[10.1255],[9.8085],[9.6638],[9.6191],[9.4904],[9.0755],[8.367],[7.6277],[7.0628],[6.7074],[6.466],[6.4074],[6.7649],[7.6468],[8.6904],[9.3298],[9.4351],[9.5926],[8.3043],[8.4947],[8.9096],[9.6277],[10.5691],[11.484],[12.1043],[12.2936],[12.1362],[11.8457],[11.6234],[11.5202],[11.4638],[11.2606],[10.7543],[9.9766],[9.1617],[8.583],[8.2894],[8.1809],[8.2638],[8.8489],[10.0936],[11.5553],[12.3191],[12.0234],[11.383],[9.2947],[9.7191],[10.3277],[11.1117],[11.9766],[12.7479],[13.2362],[13.4128],[13.4457],[13.5128],[13.6255],[13.6617],[13.484],[13.0596],[12.4043],[11.6021],[10.8468],[10.3936],[10.333],[10.4947],[10.7543],[11.3681],[12.6553],[14.3319],[15.3521],[14.9138],[13.5191],[10.7638],[11.4277],[12.0862],[12.7053],[13.2883],[13.8213],[14.233],[14.5319],[14.8638],[15.3394],[15.8074],[15.9404],[15.5777],[14.8947],[14.1383],[13.4043],[12.7074],[12.2681],[12.267],[12.5638],[12.8723],[13.2574],[14.2457],[15.9702],[17.5691],[17.816],[16.5713],[12.7574],[13.5574],[14.1404],[14.5096],[14.85],[15.2691],[15.7394],[16.1606],[16.6255],[17.2266],[17.7691],[17.8223],[17.2489],[16.417],[15.7638],[15.2596],[14.65],[14.0117],[13.7415],[13.9968],[14.3468],[14.55],[15.1021],[16.6128],[18.7255],[20.0713],[19.7915],[15.0489],[15.8766],[16.3979],[16.6489],[16.9021],[17.3287],[17.85],[18.2649],[18.5798],[18.933],[19.2245],[19.0511],[18.3287],[17.5362],[17.2277],[17.2085],[16.8479],[16.0394],[15.4372],[15.6],[16.2106],[16.5862],[16.8277],[17.7394],[19.5564],[21.2798],[21.717],[17.3074],[18.0957],[18.6351],[18.9362],[19.2043],[19.6106],[20.0723],[20.3553],[20.4234],[20.4574],[20.4426],[20.1043],[19.3702],[18.7755],[18.8894],[19.4628],[19.6021],[18.9234],[18.1404],[18.2351],[19.1543],[19.9553],[20.1468],[20.2723],[20.9468],[21.8181],[21.9415],[19.0723],[19.7979],[20.3787],[20.7691],[21.034],[21.316],[21.6404],[21.8383],[21.8734],[21.8277],[21.7543],[21.4755],[20.9617],[20.6287],[21.0128],[21.95],[22.5585],[22.233],[21.4521],[21.3106],[22.1489],[23.2085],[23.5904],[23.3053],[22.9106],[22.5298],[21.7234]]},{"header":{"disciplineName":["Meteorological products"],"parameterCategory":[2],"parameterCategoryName":["u-component of wind"],"parameterNumberName":["u-component of wind"],"parameterNumber":[2],"parameterUnits":["m s-1"],"refTime":["2017-03-17T0000:00.000Z"],"numberPoints":[621],"nx":[27],"ny":[23],"lo1":[-20],"la1":[70],"lo2":[45],"la2":[45],"dx":[2.5],"dy":[2.5]},"data":[[0.8777],[1.15],[1.3447],[1.4883],[1.5947],[1.6936],[1.8128],[1.9638],[2.1723],[2.4074],[2.6691],[2.9096],[3.1064],[3.217],[3.2574],[3.2298],[3.166],[3.1074],[3.0926],[3.1457],[3.2883],[3.4979],[3.7543],[4.0298],[4.3],[4.5266],[4.7234],[1.267],[1.8234],[2.2649],[2.584],[2.8245],[3.017],[3.216],[3.4489],[3.7457],[4.084],[4.4468],[4.7745],[5.0106],[5.1043],[5.0606],[4.8787],[4.6277],[4.3585],[4.1415],[4.0266],[4.0309],[4.1553],[4.3415],[4.5681],[4.7851],[4.9681],[5.1096],[2.6713],[3.2128],[3.6234],[3.9149],[4.1181],[4.266],[4.4149],[4.5798],[4.8032],[5.0862],[5.3957],[5.6798],[5.8872],[5.967],[5.8851],[5.6734],[5.3755],[5.0511],[4.7894],[4.6404],[4.6117],[4.7043],[4.8766],[5.0649],[5.2426],[5.3904],[5.5064],[4.9521],[5.1691],[5.2968],[5.3734],[5.3989],[5.3787],[5.3255],[5.2553],[5.1745],[5.1415],[5.133],[5.1649],[5.2],[5.217],[5.1904],[5.0968],[4.9989],[4.8936],[4.8287],[4.8266],[4.884],[4.9926],[5.1191],[5.2394],[5.3351],[5.4287],[5.5394],[7.3936],[7.2245],[7.05],[6.8979],[6.7436],[6.5447],[6.2723],[5.9096],[5.4851],[5.0362],[4.6266],[4.2851],[4.0468],[3.9223],[3.9053],[3.9862],[4.1298],[4.317],[4.5223],[4.6862],[4.8213],[4.8979],[4.9319],[4.9404],[4.9372],[4.9702],[5.0904],[9.0809],[8.6989],[8.3404],[8.0287],[7.7213],[7.3915],[6.9766],[6.4872],[5.9149],[5.3213],[4.7436],[4.2106],[3.784],[3.483],[3.3489],[3.3745],[3.5362],[3.767],[3.9915],[4.1564],[4.233],[4.2511],[4.2202],[4.1936],[4.1894],[4.2468],[4.4074],[9.584],[9.1968],[8.7745],[8.3309],[7.8734],[7.4191],[6.9511],[6.5096],[6.0968],[5.7181],[5.367],[4.9894],[4.5989],[4.217],[3.8968],[3.6809],[3.5628],[3.4957],[3.4309],[3.3351],[3.2479],[3.2011],[3.2245],[3.3191],[3.4585],[3.6138],[3.7989],[9.2394],[8.9149],[8.4936],[8.0011],[7.4787],[6.9702],[6.533],[6.1968],[5.9904],[5.8862],[5.834],[5.7521],[5.5851],[5.3117],[4.9681],[4.5957],[4.1968],[3.7787],[3.3362],[2.9266],[2.6362],[2.5383],[2.6521],[2.8915],[3.1479],[3.333],[3.4383],[8.6043],[8.2979],[7.9574],[7.6128],[7.2691],[6.9362],[6.6138],[6.3181],[6.0872],[5.9202],[5.834],[5.8074],[5.7979],[5.7553],[5.6617],[5.467],[5.1362],[4.6564],[4.0809],[3.5138],[3.1202],[2.9809],[3.0947],[3.3309],[3.5032],[3.5117],[3.4011],[7.9426],[7.65],[7.467],[7.3809],[7.3553],[7.3138],[7.167],[6.8723],[6.4245],[5.9351],[5.5128],[5.2596],[5.2202],[5.3479],[5.5532],[5.716],[5.7255],[5.5096],[5.1202],[4.6702],[4.3372],[4.2149],[4.2734],[4.3564],[4.2936],[4.0468],[3.7043],[7.3553],[7.0851],[6.9649],[6.9713],[7.0372],[7.0926],[7.0564],[6.8128],[6.367],[5.8],[5.2479],[4.8606],[4.7287],[4.8351],[5.1032],[5.3809],[5.5851],[5.6191],[5.4883],[5.2968],[5.1372],[5.0809],[5.0936],[5.0628],[4.8957],[4.5777],[4.2543],[6.8255],[6.5777],[6.383],[6.1787],[5.9989],[5.867],[5.8234],[5.8106],[5.7585],[5.6319],[5.4702],[5.3298],[5.2266],[5.1723],[5.1574],[5.1574],[5.167],[5.1745],[5.1457],[5.0947],[5.0372],[4.9872],[4.9691],[4.9553],[4.9138],[4.8564],[4.8053],[6.1894],[5.9681],[5.7074],[5.3521],[4.9957],[4.7872],[4.8085],[5.0649],[5.4564],[5.8883],[6.2713],[6.5362],[6.5894],[6.4543],[6.1468],[5.7862],[5.5064],[5.3181],[5.2149],[5.1128],[4.9702],[4.7989],[4.6713],[4.6702],[4.8245],[5.0777],[5.333],[5.3489],[5.1745],[5.0553],[4.9681],[4.9511],[5.0649],[5.3096],[5.6436],[6.0287],[6.4553],[6.9319],[7.3862],[7.6681],[7.6926],[7.4989],[7.1947],[6.9128],[6.6936],[6.5266],[6.3213],[6.0479],[5.7149],[5.4404],[5.3574],[5.5202],[5.8372],[6.0926],[4.5723],[4.4755],[4.6255],[5],[5.5394],[6.0787],[6.4511],[6.5447],[6.433],[6.3574],[6.5213],[6.966],[7.516],[8],[8.2883],[8.4426],[8.4968],[8.466],[8.3479],[8.1394],[7.884],[7.5915],[7.3138],[7.1426],[7.1649],[7.2787],[7.2926],[4.2011],[4.2234],[4.4777],[4.9638],[5.584],[6.0979],[6.2723],[6.0309],[5.5734],[5.234],[5.3149],[5.8713],[6.6957],[7.5255],[8.2],[8.6872],[9.0021],[9.116],[9.0638],[8.9755],[8.9266],[8.9053],[8.8245],[8.6926],[8.6426],[8.684],[8.6202],[4.017],[4.217],[4.4213],[4.634],[4.8096],[4.8383],[4.7064],[4.4777],[4.3351],[4.4543],[4.9287],[5.6883],[6.5096],[7.1755],[7.6138],[7.8989],[8.0936],[8.1617],[8.134],[8.1723],[8.3777],[8.6628],[8.8074],[8.7883],[8.8511],[9.1553],[9.5106],[3.5298],[3.9745],[4.2723],[4.3819],[4.2862],[4.084],[3.9883],[4.2149],[4.8032],[5.5851],[6.366],[6.9723],[7.2734],[7.217],[6.9298],[6.6681],[6.583],[6.5957],[6.6468],[6.8372],[7.2319],[7.6851],[7.9074],[7.9106],[8.0862],[8.7511],[9.7266],[3.0085],[3.683],[4.2947],[4.7628],[5.0032],[5.1298],[5.433],[6.1426],[7.1032],[7.9351],[8.3447],[8.2553],[7.7681],[6.9968],[6.184],[5.6383],[5.5223],[5.7191],[6.0032],[6.3564],[6.8649],[7.3691],[7.5979],[7.55],[7.6596],[8.3319],[9.4202],[3.3351],[4.1011],[4.8798],[5.6734],[6.3255],[6.8479],[7.3883],[8.0862],[8.7319],[8.9309],[8.5383],[7.7585],[6.8564],[5.9957],[5.3074],[5.0128],[5.2277],[5.734],[6.2521],[6.7128],[7.2309],[7.7691],[8.0564],[8.0255],[7.9787],[8.2202],[8.6617],[4.4181],[5.0702],[5.6074],[6.1149],[6.5734],[6.9043],[7.1755],[7.4287],[7.5106],[7.1511],[6.3713],[5.5021],[4.8628],[4.4883],[4.3457],[4.5213],[5.0734],[5.766],[6.2968],[6.6585],[7.0777],[7.583],[7.9532],[8.0277],[7.916],[7.7011],[7.2819],[4.5117],[5.0021],[5.0809],[4.9532],[4.767],[4.5468],[4.3468],[4.234],[4.1234],[3.8277],[3.3617],[2.9745],[2.8638],[2.966],[3.1979],[3.6213],[4.2457],[4.8777],[5.2266],[5.4064],[5.6755],[6.0809],[6.3723],[6.434],[6.3404],[5.9947],[5.15],[2.0085],[2.3628],[2.2702],[1.8543],[1.4138],[1.0234],[0.7277],[0.6138],[0.7],[0.8213],[0.8968],[0.9968],[1.1787],[1.3851],[1.5989],[1.9372],[2.4309],[2.8723],[3.0713],[3.2106],[3.5372],[3.9043],[3.9862],[3.7755],[3.5691],[3.3266],[2.5798]]},{"header":{"disciplineName":["Meteorological products"],"parameterCategory":[2],"parameterCategoryName":["v-component of wind"],"parameterNumberName":["v-component of wind"],"parameterNumber":[3],"parameterUnits":["m s-1"],"refTime":["2017-03-17T0000:00.000Z"],"numberPoints":[621],"nx":[27],"ny":[23],"lo1":[-20],"la1":[70],"lo2":[45],"la2":[45],"dx":[2.5],"dy":[2.5]},"data":[[-0.3245],[0.0447],[0.4723],[0.8936],[1.2574],[1.5479],[1.734],[1.8096],[1.7734],[1.6596],[1.4755],[1.2574],[1.0415],[0.866],[0.75],[0.7138],[0.7479],[0.8362],[0.916],[0.9564],[0.9202],[0.783],[0.5543],[0.2596],[-0.067],[-0.3862],[-0.6574],[0.7926],[1.1011],[1.4138],[1.6936],[1.9298],[2.0968],[2.1915],[2.2074],[2.1277],[1.967],[1.716],[1.3957],[1.066],[0.7734],[0.566],[0.4777],[0.5277],[0.6787],[0.8777],[1.0596],[1.1564],[1.1309],[0.9766],[0.7213],[0.4128],[0.116],[-0.134],[2.1723],[2.2894],[2.3947],[2.4787],[2.5532],[2.617],[2.6543],[2.65],[2.5745],[2.3968],[2.0947],[1.6777],[1.1894],[0.7138],[0.3245],[0.1032],[0.0755],[0.2362],[0.516],[0.8479],[1.117],[1.2745],[1.2894],[1.1691],[0.9553],[0.7106],[0.4755],[2.8862],[2.7766],[2.6904],[2.6309],[2.5947],[2.5968],[2.6191],[2.6245],[2.5936],[2.467],[2.2021],[1.7894],[1.2755],[0.7479],[0.2915],[-0.0032],[-0.0862],[0.0362],[0.3106],[0.6713],[1.0266],[1.3191],[1.4957],[1.5532],[1.4926],[1.3436],[1.133],[2.8415],[2.5851],[2.4],[2.267],[2.1691],[2.0926],[2.034],[2],[1.9564],[1.8617],[1.6713],[1.3894],[1.034],[0.6819],[0.4106],[0.2617],[0.2383],[0.3362],[0.4968],[0.7021],[0.9415],[1.2043],[1.4606],[1.6702],[1.783],[1.7851],[1.6447],[2.45],[2.1319],[1.9245],[1.7351],[1.5489],[1.3489],[1.1723],[1.0309],[0.9138],[0.8085],[0.6628],[0.4798],[0.3149],[0.2532],[0.3266],[0.5085],[0.7053],[0.8234],[0.8574],[0.8383],[0.8702],[1.0234],[1.2787],[1.5968],[1.8564],[1.9872],[1.9628],[1.884],[1.5245],[1.2628],[1.0245],[0.7521],[0.4755],[0.266],[0.1309],[0.0564],[-0.0468],[-0.2117],[-0.4032],[-0.5298],[-0.45],[-0.1372],[0.3234],[0.734],[0.9553],[0.9362],[0.8128],[0.7745],[0.9457],[1.3],[1.716],[2.0319],[2.1702],[2.1713],[1.0979],[0.6564],[0.3511],[0.0989],[-0.1436],[-0.3457],[-0.4426],[-0.4223],[-0.3383],[-0.3234],[-0.466],[-0.7468],[-0.9787],[-0.984],[-0.6872],[-0.1968],[0.2362],[0.4521],[0.4351],[0.3894],[0.5426],[1.0011],[1.6245],[2.1745],[2.4468],[2.4234],[2.2894],[0.2394],[-0.2404],[-0.5181],[-0.65],[-0.7362],[-0.8085],[-0.8138],[-0.7181],[-0.5489],[-0.4181],[-0.4564],[-0.6521],[-0.8723],[-0.9564],[-0.8223],[-0.5489],[-0.3691],[-0.3819],[-0.4894],[-0.416],[0.0787],[0.9777],[1.9489],[2.6277],[2.784],[2.5468],[2.25],[-0.3894],[-0.8362],[-0.9532],[-0.8574],[-0.7617],[-0.7979],[-0.9436],[-1.1064],[-1.133],[-1.0234],[-0.8596],[-0.7191],[-0.6191],[-0.5223],[-0.4149],[-0.4128],[-0.6149],[-1.0096],[-1.3223],[-1.2106],[-0.4585],[0.7734],[1.983],[2.7011],[2.7309],[2.3585],[2.0426],[-0.7606],[-1.1404],[-1.1032],[-0.8372],[-0.6266],[-0.7181],[-1.1447],[-1.716],[-2.0968],[-2.1106],[-1.7532],[-1.1862],[-0.6053],[-0.1543],[0.0543],[-0.0723],[-0.5457],[-1.2064],[-1.6681],[-1.5691],[-0.7319],[0.5766],[1.7787],[2.3979],[2.3628],[2.0298],[1.8872],[-1.0819],[-1.4436],[-1.4298],[-1.1532],[-0.8957],[-0.9585],[-1.45],[-2.1447],[-2.6766],[-2.7681],[-2.3468],[-1.6],[-0.7968],[-0.1989],[0.0543],[-0.1106],[-0.6245],[-1.2564],[-1.6649],[-1.4862],[-0.6649],[0.5266],[1.5489],[2.0351],[2.0032],[1.8468],[1.9447],[-1.4351],[-1.8053],[-1.9043],[-1.7117],[-1.4149],[-1.2777],[-1.4606],[-1.8734],[-2.234],[-2.3128],[-2.016],[-1.4734],[-0.9117],[-0.5457],[-0.4798],[-0.7074],[-1.1287],[-1.5564],[-1.7149],[-1.4128],[-0.6117],[0.4234],[1.3053],[1.7596],[1.8553],[1.9191],[2.1628],[-1.7894],[-2.0213],[-2.0638],[-1.8372],[-1.4564],[-1.1138],[-0.984],[-1.0511],[-1.1872],[-1.2394],[-1.1426],[-0.9426],[-0.7798],[-0.7819],[-1.016],[-1.3926],[-1.7926],[-2.0628],[-2.0713],[-1.6989],[-0.9255],[0.0585],[0.9734],[1.583],[1.8883],[2.0936],[2.3415],[-2.1723],[-2.0787],[-1.7904],[-1.3298],[-0.8585],[-0.534],[-0.4138],[-0.4489],[-0.534],[-0.5723],[-0.5149],[-0.3915],[-0.366],[-0.5596],[-1.034],[-1.6266],[-2.1745],[-2.5043],[-2.55],[-2.2426],[-1.5372],[-0.4904],[0.6298],[1.5181],[2.0213],[2.2404],[2.3277],[-2.5245],[-2.0894],[-1.434],[-0.7436],[-0.2904],[-0.2011],[-0.3723],[-0.5851],[-0.6723],[-0.5553],[-0.2383],[0.1532],[0.3585],[0.1319],[-0.5426],[-1.4372],[-2.2394],[-2.7394],[-2.9277],[-2.7543],[-2.1287],[-1.016],[0.333],[1.5223],[2.2032],[2.3394],[2.1872],[-2.5213],[-1.9894],[-1.2511],[-0.6021],[-0.3372],[-0.5096],[-0.8426],[-1.0415],[-0.9277],[-0.4713],[0.2128],[0.8883],[1.2021],[0.866],[-0.1021],[-1.3117],[-2.3234],[-2.9383],[-3.1766],[-3.1064],[-2.6064],[-1.5362],[-0.0234],[1.4511],[2.3691],[2.5468],[2.234],[-1.9649],[-1.5372],[-1.0426],[-0.684],[-0.6649],[-0.9213],[-1.1404],[-1.0574],[-0.5904],[0.1436],[0.9521],[1.5777],[1.6819],[1.0713],[-0.1213],[-1.4777],[-2.5372],[-3.1213],[-3.3415],[-3.3223],[-2.9457],[-1.9915],[-0.4521],[1.2755],[2.5777],[3.0809],[2.8638],[-1.017],[-0.7309],[-0.5043],[-0.3957],[-0.4681],[-0.6223],[-0.6543],[-0.3723],[0.1862],[0.8436],[1.3787],[1.5798],[1.3223],[0.5809],[-0.4777],[-1.6053],[-2.5043],[-3.0489],[-3.2691],[-3.2436],[-2.9191],[-2.0702],[-0.5883],[1.2819],[2.9862],[3.9468],[3.9798],[0.0064],[0.2255],[0.3713],[0.5053],[0.5766],[0.5489],[0.5021],[0.5489],[0.7819],[1.016],[1.0564],[0.7904],[0.3266],[-0.167],[-0.6468],[-1.1947],[-1.8415],[-2.4138],[-2.7138],[-2.6713],[-2.2766],[-1.4809],[-0.1372],[1.6787],[3.4957],[4.6777],[4.8426],[1.1723],[1.2681],[1.3755],[1.6319],[1.9223],[1.9532],[1.6362],[1.1894],[0.8957],[0.7298],[0.4447],[-0.0489],[-0.4606],[-0.4809],[-0.2053],[-0.1266],[-0.5468],[-1.2202],[-1.6489],[-1.6117],[-1.2383],[-0.5777],[0.5287],[2.1021],[3.7181],[4.7],[4.6298],[2.5447],[2.3394],[2.217],[2.3851],[2.684],[2.6543],[2.0979],[1.3117],[0.7404],[0.4606],[0.1819],[-0.2032],[-0.384],[0.0128],[0.7936],[1.266],[0.9798],[0.2426],[-0.2989],[-0.45],[-0.4053],[-0.1596],[0.6287],[2.017],[3.3883],[3.9096],[3.3096],[3.5181],[3.0213],[2.4819],[2.2628],[2.283],[2.1415],[1.6064],[0.8766],[0.367],[0.2117],[0.1691],[0.0979],[0.2266],[0.8638],[1.8011],[2.3404],[2.1021],[1.4468],[0.8691],[0.4053],[-0.1649],[-0.5138],[0.0117],[1.4521],[2.7543],[2.817],[1.5989]]}]