html/data/WT_pct09_ind_wt_7_7.json
[{"header":{"disciplineName":["Meteorological products"],"parameterCategory":[0],"parameterCategoryName":["Temperature"],"parameterNumberName":["Temperature"],"parameterNumber":[0],"parameterUnits":["K"],"refTime":["2017-03-17T0000:00.000Z"],"numberPoints":[621],"nx":[27],"ny":[23],"lo1":[-20],"la1":[70],"lo2":[45],"la2":[45],"dx":[2.5],"dy":[2.5]},"data":[[1.3731],[1.3192],[1.2115],[1.0808],[0.9654],[0.8731],[0.8192],[0.8346],[0.9269],[1.1423],[1.4423],[1.8423],[2.3269],[2.8731],[3.45],[3.9885],[4.4962],[4.9346],[5.2423],[5.4577],[5.55],[5.5346],[5.4577],[5.3423],[5.2423],[5.1808],[5.2346],[2.15],[2.0346],[1.8962],[1.7731],[1.6885],[1.6115],[1.6269],[1.7115],[1.8962],[2.1808],[2.5346],[2.9731],[3.4654],[3.9962],[4.5423],[5.1038],[5.6269],[6.0962],[6.5038],[6.8346],[7.0269],[7.15],[7.1808],[7.1808],[7.1423],[7.1423],[7.2577],[3.2269],[3.0346],[2.8577],[2.6962],[2.6115],[2.5808],[2.6962],[2.9038],[3.2115],[3.6038],[4.0346],[4.4962],[4.9654],[5.4192],[5.8192],[6.2423],[6.6269],[6.9885],[7.3808],[7.7346],[8.0577],[8.3346],[8.5269],[8.6962],[8.8192],[8.9269],[9.0654],[4.5115],[4.3115],[4.0808],[3.9115],[3.8269],[3.8192],[3.95],[4.1885],[4.5346],[4.9962],[5.4885],[5.9962],[6.4423],[6.8192],[7.1346],[7.3577],[7.5269],[7.7115],[7.9115],[8.1577],[8.4808],[8.8269],[9.1885],[9.4885],[9.7731],[9.9962],[10.2192],[5.65],[5.5885],[5.4731],[5.3808],[5.2577],[5.1577],[5.1654],[5.2423],[5.45],[5.7808],[6.2038],[6.6885],[7.1654],[7.5731],[7.8808],[8.0654],[8.1269],[8.1269],[8.1115],[8.1808],[8.3654],[8.6808],[9.1038],[9.5731],[10.0038],[10.4115],[10.7423],[6.5423],[6.7808],[6.9038],[6.9192],[6.8115],[6.5885],[6.3577],[6.1577],[6.0423],[6.0346],[6.1885],[6.4885],[6.9192],[7.3885],[7.8346],[8.1577],[8.3346],[8.3577],[8.3115],[8.2654],[8.3192],[8.5808],[9.0192],[9.5346],[10.1423],[10.6962],[11.2038],[7.5115],[7.9423],[8.2654],[8.3654],[8.2808],[8.0192],[7.6269],[7.1808],[6.7577],[6.45],[6.2885],[6.3115],[6.5654],[6.9962],[7.5577],[8.1577],[8.6423],[8.9731],[9.1115],[9.1346],[9.1885],[9.3731],[9.75],[10.2654],[10.8423],[11.4269],[11.9731],[8.45],[8.9115],[9.1962],[9.35],[9.3115],[9.0885],[8.7269],[8.2808],[7.85],[7.45],[7.1731],[7.0346],[7.0962],[7.3962],[7.9423],[8.7038],[9.5038],[10.1962],[10.6423],[10.8346],[10.9192],[11.0577],[11.2962],[11.7038],[12.1577],[12.6192],[13.05],[9.2115],[9.4731],[9.7269],[9.9269],[9.9731],[9.8423],[9.5577],[9.2269],[8.9731],[8.85],[8.8038],[8.8038],[8.8346],[8.9577],[9.2885],[9.9115],[10.7038],[11.5038],[12.0731],[12.3423],[12.4038],[12.4808],[12.6885],[13.0731],[13.5269],[13.8962],[14.2269],[9.7346],[9.9885],[10.4038],[10.8115],[11.0346],[10.95],[10.5885],[10.25],[10.1192],[10.3038],[10.6962],[11.0577],[11.2269],[11.2346],[11.2577],[11.4654],[11.9269],[12.4577],[12.8731],[13.0346],[13.0423],[13.15],[13.5423],[14.1731],[14.8346],[15.2654],[15.5269],[10.3808],[10.8346],[11.6038],[12.3885],[12.8885],[12.8346],[12.3885],[11.85],[11.6423],[11.9192],[12.55],[13.2192],[13.5962],[13.6192],[13.4192],[13.2346],[13.3038],[13.5346],[13.7731],[13.8654],[13.9577],[14.25],[15.0192],[16.0346],[16.95],[17.3731],[17.3577],[11.2577],[11.9192],[12.9808],[14.1423],[14.9346],[15.1423],[14.7885],[14.2192],[13.8808],[13.9654],[14.4423],[15.0346],[15.4577],[15.5423],[15.35],[15.1346],[15.1346],[15.3731],[15.7269],[16.0654],[16.4269],[17.1115],[18.2115],[19.5731],[20.6038],[20.8038],[20.1808],[12.1962],[12.8808],[14.0038],[15.3192],[16.4423],[17.0962],[17.2192],[17.0192],[16.7192],[16.4808],[16.4346],[16.5269],[16.6962],[16.7885],[16.7885],[16.7808],[16.9731],[17.4731],[18.2346],[18.9808],[19.7423],[20.7269],[22.0885],[23.6346],[24.7731],[24.8731],[23.9346],[13.2808],[13.9423],[14.9577],[16.3115],[17.7115],[18.8885],[19.7038],[20.0115],[19.8423],[19.3115],[18.6192],[18.0423],[17.7423],[17.6731],[17.6962],[17.7731],[18.0577],[18.6885],[19.6269],[20.6423],[21.5808],[22.6731],[24.1346],[25.8654],[27.3731],[28.0346],[27.7269],[14.8423],[15.6731],[16.8038],[18.2423],[19.8654],[21.3808],[22.5577],[23.15],[22.9962],[22.2115],[21.05],[19.9269],[19.15],[18.7731],[18.5577],[18.4269],[18.4346],[18.8115],[19.5115],[20.35],[21.1808],[22.1654],[23.6577],[25.65],[27.6962],[29.25],[30.2115],[17.05],[18.2577],[19.6654],[21.2885],[23.0115],[24.5346],[25.6115],[26.0038],[25.6808],[24.7654],[23.4885],[22.2192],[21.1808],[20.4654],[19.8885],[19.3731],[19.0115],[18.9423],[19.2115],[19.6577],[20.2192],[21.1577],[22.7654],[25.0346],[27.35],[29.2269],[30.7885],[19.55],[21.0423],[22.6038],[24.2654],[25.8654],[27.1731],[27.8731],[27.9192],[27.3962],[26.5808],[25.6038],[24.5423],[23.4654],[22.4192],[21.5115],[20.7731],[20.2038],[19.9192],[19.9115],[20.1038],[20.5808],[21.65],[23.5192],[25.9731],[28.2269],[29.65],[30.4269],[21.8346],[23.3038],[24.6731],[26.0115],[27.2577],[28.2346],[28.6808],[28.5885],[28.15],[27.6885],[27.1962],[26.4808],[25.3885],[24.0885],[22.9192],[22.0731],[21.5885],[21.3192],[21.2346],[21.45],[21.9962],[23.2115],[25.2654],[27.8654],[30.0577],[30.9654],[30.7038],[23.4423],[24.6577],[25.6654],[26.4885],[27.2346],[27.9038],[28.3269],[28.4192],[28.3423],[28.3038],[28.2731],[27.8808],[26.7885],[25.3038],[23.9808],[23.1346],[22.7192],[22.5038],[22.4577],[22.6731],[23.25],[24.2962],[26.0731],[28.5115],[30.9192],[32.2577],[32.0192],[23.8654],[24.9115],[25.6731],[26.1346],[26.5038],[26.95],[27.4423],[27.8038],[28.0115],[28.2731],[28.5038],[28.3654],[27.5115],[26.2038],[25.05],[24.35],[23.9654],[23.7115],[23.6192],[23.8192],[24.2038],[24.7192],[25.6192],[27.3731],[29.9038],[32.1885],[33.1731],[22.9808],[23.8885],[24.6346],[25.0346],[25.2346],[25.5346],[26.0346],[26.4962],[26.7654],[27.0423],[27.3654],[27.5115],[27.1885],[26.4731],[25.8808],[25.5962],[25.4346],[25.2192],[25.1038],[25.2346],[25.3654],[25.2654],[25.2038],[25.9962],[28.0885],[30.7654],[32.6962],[21.2038],[21.8808],[22.5808],[23.0346],[23.2808],[23.5654],[24.0038],[24.3731],[24.5038],[24.6192],[24.8885],[25.3115],[25.5808],[25.6731],[25.8038],[25.9885],[26.1192],[26.1269],[26.1346],[26.1577],[26.05],[25.6115],[25.1962],[25.4885],[26.8731],[28.9115],[30.4962],[19.3808],[19.7192],[20.1885],[20.5808],[20.9269],[21.3269],[21.7346],[21.9808],[21.9808],[21.9115],[22.0808],[22.55],[23.2038],[23.7962],[24.2731],[24.6269],[24.9346],[25.2269],[25.4346],[25.3423],[24.8808],[24.3885],[24.3731],[25.0731],[26.2115],[27.1962],[27.5962]]},{"header":{"disciplineName":["Meteorological products"],"parameterCategory":[2],"parameterCategoryName":["u-component of wind"],"parameterNumberName":["u-component of wind"],"parameterNumber":[2],"parameterUnits":["m s-1"],"refTime":["2017-03-17T0000:00.000Z"],"numberPoints":[621],"nx":[27],"ny":[23],"lo1":[-20],"la1":[70],"lo2":[45],"la2":[45],"dx":[2.5],"dy":[2.5]},"data":[[3.4846],[3.7769],[3.9615],[4.0462],[4.0846],[4.0615],[4.0538],[4.0615],[4.0846],[4.1615],[4.2385],[4.2923],[4.3615],[4.4154],[4.4846],[4.6154],[4.7923],[5.0385],[5.3769],[5.7538],[6.0923],[6.3769],[6.5462],[6.5692],[6.4154],[6.1692],[5.8154],[5.2308],[5.5],[5.5923],[5.5615],[5.4615],[5.3385],[5.2692],[5.2846],[5.3846],[5.5385],[5.6769],[5.7692],[5.7923],[5.7077],[5.5308],[5.3],[5.0846],[4.9154],[4.8077],[4.7692],[4.7769],[4.7692],[4.6769],[4.5154],[4.2538],[3.9154],[3.6],[5.9231],[6.1308],[6.1231],[5.9923],[5.7538],[5.5385],[5.3538],[5.2615],[5.2692],[5.3231],[5.3769],[5.3462],[5.2077],[4.9077],[4.5],[3.9923],[3.4923],[3.0385],[2.6769],[2.3923],[2.2385],[2.1385],[2.1231],[2.1308],[2.1385],[2.1462],[2.2077],[5.4154],[5.6769],[5.7615],[5.7],[5.5308],[5.2692],[5.0154],[4.7538],[4.5308],[4.2923],[4.0692],[3.7923],[3.4846],[3.1231],[2.7385],[2.3769],[2.0231],[1.7154],[1.4538],[1.2692],[1.1615],[1.1692],[1.2615],[1.4769],[1.7308],[2.1077],[2.4692],[4.8923],[5.3385],[5.6692],[5.8769],[5.9231],[5.8231],[5.6077],[5.2769],[4.8923],[4.4615],[4.0231],[3.5923],[3.1846],[2.8846],[2.7231],[2.6923],[2.7692],[2.8538],[2.8846],[2.8615],[2.7538],[2.6154],[2.5385],[2.5462],[2.6538],[2.8846],[3.1077],[5.1769],[5.7154],[6.2077],[6.6385],[6.8846],[6.9538],[6.8769],[6.7077],[6.4923],[6.2308],[5.9462],[5.5923],[5.2308],[4.9231],[4.7692],[4.7846],[4.9692],[5.1846],[5.3692],[5.4077],[5.2231],[4.8692],[4.4077],[3.9462],[3.5308],[3.2769],[3.1462],[5.5],[5.8538],[6.2462],[6.5923],[6.8154],[6.9154],[6.9692],[7.0769],[7.2846],[7.5538],[7.7692],[7.7692],[7.5462],[7.0923],[6.5692],[6.1769],[5.9769],[5.9769],[6.1],[6.2077],[6.1615],[5.9154],[5.4154],[4.7615],[4.0538],[3.4692],[3.0538],[4.9154],[4.8769],[4.9769],[5.0923],[5.1385],[5.1231],[5.1615],[5.3692],[5.8538],[6.5385],[7.2077],[7.6462],[7.6154],[7.0923],[6.2923],[5.4615],[4.8385],[4.5692],[4.6308],[4.9154],[5.2231],[5.3923],[5.3385],[5.0462],[4.5615],[4.0692],[3.7077],[3.9615],[3.6077],[3.4692],[3.4692],[3.4769],[3.4154],[3.3538],[3.3692],[3.6077],[4.1308],[4.7846],[5.3077],[5.4923],[5.2308],[4.6538],[3.9692],[3.4154],[3.1385],[3.1538],[3.4154],[3.8],[4.2],[4.5538],[4.7692],[4.8615],[4.8385],[4.7769],[3.9769],[3.4385],[3.2308],[3.2769],[3.4615],[3.5846],[3.5154],[3.3077],[3.1154],[3.0308],[3.0769],[3.2308],[3.4],[3.4923],[3.5154],[3.5231],[3.4692],[3.3538],[3.2],[3.0077],[2.8923],[2.9],[3.1154],[3.5385],[4.1308],[4.6846],[5.0923],[4.9154],[4.2846],[4.0385],[4.1231],[4.4462],[4.8154],[5.0615],[5.0692],[4.8154],[4.3231],[3.8],[3.3385],[3.1231],[3.2154],[3.5692],[4.0154],[4.2846],[4.2077],[3.7231],[2.9538],[2.1538],[1.5231],[1.2538],[1.4692],[2.1231],[3.0462],[3.9231],[5.3692],[4.8154],[4.4538],[4.3692],[4.5846],[5.1],[5.8154],[6.5231],[6.8923],[6.7385],[6.0769],[5.2308],[4.4615],[4.1154],[4.1615],[4.3692],[4.3538],[3.9308],[3.1462],[2.1923],[1.2692],[0.4923],[-0.0923],[-0.3308],[-0.1692],[0.4846],[1.3846],[4.7077],[4.4308],[4.1154],[3.8231],[3.7923],[4.3],[5.4077],[6.7538],[7.8231],[8.2],[7.8],[6.9],[5.9231],[5.1462],[4.6692],[4.2538],[3.6462],[2.7692],[1.8462],[1.1385],[0.7385],[0.4538],[0.0385],[-0.6077],[-1.2308],[-1.5308],[-1.3308],[3.8538],[4.0615],[4.0769],[3.8538],[3.7923],[4.2538],[5.2769],[6.5308],[7.4308],[7.7],[7.3615],[6.7],[5.9923],[5.3692],[4.8231],[4.1462],[3.2231],[2.1923],[1.3077],[0.9154],[1.0538],[1.3692],[1.3846],[0.8385],[-0.2154],[-1.3538],[-2.2],[3.7077],[4.5077],[4.8923],[4.9308],[4.9538],[5.2769],[5.7923],[6.0769],[5.8462],[5.2308],[4.6615],[4.4077],[4.4154],[4.4538],[4.3154],[3.9077],[3.2769],[2.5462],[1.8615],[1.5154],[1.6538],[2.1154],[2.6077],[2.7462],[2.3385],[1.3385],[-0.0462],[3.8385],[4.7615],[5.2],[5.2231],[5.1538],[5.1462],[4.9385],[4.1385],[2.8308],[1.5769],[1.0538],[1.4154],[2.2],[2.8462],[3.0538],[2.9769],[2.8231],[2.6385],[2.2923],[1.8846],[1.6692],[1.8615],[2.6385],[3.7154],[4.5923],[4.7154],[3.7077],[2.7769],[3.2846],[3.2769],[2.8769],[2.3385],[1.8538],[1.2],[0.1846],[-1.0154],[-1.8077],[-1.6615],[-0.6308],[0.6308],[1.4],[1.5462],[1.4308],[1.4692],[1.6769],[1.7538],[1.5462],[1.2462],[1.3077],[2.0308],[3.4385],[5.0615],[6.1692],[6.0077],[0.1462],[-0.0385],[-0.6231],[-1.5462],[-2.5308],[-3.3538],[-3.8231],[-4.0538],[-3.9846],[-3.5615],[-2.6538],[-1.4308],[-0.2615],[0.3308],[0.4308],[0.2923],[0.3538],[0.6154],[0.9538],[1.1846],[1.4462],[1.8154],[2.3462],[3.0769],[3.9846],[4.9462],[5.3385],[-3.2308],[-3.8692],[-4.7],[-5.7231],[-6.7154],[-7.2923],[-7.1462],[-6.2077],[-4.8769],[-3.6769],[-2.8077],[-2.1385],[-1.4385],[-0.6923],[-0.0462],[0.4154],[0.7385],[0.9154],[1.1769],[1.6692],[2.5846],[3.5462],[3.9692],[3.5615],[2.8462],[2.6],[2.9308],[-6.4077],[-7.0615],[-7.6846],[-8.2154],[-8.5846],[-8.5308],[-7.7308],[-6.2231],[-4.6154],[-3.6769],[-3.5231],[-3.6077],[-3.1462],[-1.8846],[-0.2],[1.3846],[2.3846],[2.6462],[2.5462],[2.7154],[3.6154],[4.8538],[5.2846],[4.2462],[2.2769],[0.8077],[0.5538],[-9.1692],[-9.5385],[-9.6385],[-9.3692],[-8.8769],[-8.1538],[-7.1538],[-6],[-5.1462],[-5],[-5.4],[-5.5538],[-4.7923],[-3.0231],[-0.7154],[1.5538],[3.2769],[4],[3.7308],[3.2],[3.2462],[3.9308],[4.3385],[3.4923],[1.5077],[-0.4462],[-1.4],[-11.2308],[-11.1846],[-10.7615],[-9.8615],[-8.7462],[-7.7692],[-7.1385],[-6.9231],[-7.1231],[-7.5923],[-7.8231],[-7.3385],[-6.1154],[-4.5154],[-2.7615],[-0.7615],[1.3154],[2.8308],[3.0385],[2.1385],[1.2308],[1.0231],[1.3154],[1.1615],[0.1154],[-1.4538],[-2.8923],[-11.2462],[-11.0385],[-10.4231],[-9.4538],[-8.3923],[-7.7231],[-7.7077],[-8.2769],[-9.1692],[-9.8308],[-9.7077],[-8.7538],[-7.5769],[-6.8462],[-6.4077],[-5.3615],[-3.2923],[-1.0385],[0.1231],[-0.2231],[-1.2462],[-1.7923],[-1.5462],[-0.9692],[-0.8538],[-1.5462],[-2.8462]]},{"header":{"disciplineName":["Meteorological products"],"parameterCategory":[2],"parameterCategoryName":["v-component of wind"],"parameterNumberName":["v-component of wind"],"parameterNumber":[3],"parameterUnits":["m s-1"],"refTime":["2017-03-17T0000:00.000Z"],"numberPoints":[621],"nx":[27],"ny":[23],"lo1":[-20],"la1":[70],"lo2":[45],"la2":[45],"dx":[2.5],"dy":[2.5]},"data":[[-1.2538],[-1.1692],[-1.0231],[-0.8769],[-0.7077],[-0.5385],[-0.3923],[-0.2154],[-0.0462],[0.2231],[0.5077],[0.8846],[1.3538],[1.9154],[2.5154],[3.1462],[3.7308],[4.1769],[4.4154],[4.4308],[4.2154],[3.8077],[3.2923],[2.8077],[2.3846],[2.1462],[2.0923],[-0.2077],[-0.3385],[-0.4538],[-0.5692],[-0.6385],[-0.6538],[-0.6154],[-0.5],[-0.3615],[-0.1385],[0.1692],[0.5231],[1.0231],[1.6231],[2.3],[3],[3.6615],[4.1692],[4.4154],[4.3692],[4.0077],[3.3769],[2.5846],[1.8077],[1.1846],[0.8231],[0.7923],[0.6077],[0.1769],[-0.2538],[-0.5846],[-0.8231],[-0.9231],[-0.9231],[-0.8],[-0.6308],[-0.4385],[-0.2154],[0.0385],[0.3769],[0.8385],[1.3538],[1.9538],[2.5923],[3.1231],[3.4308],[3.5308],[3.3231],[2.8308],[2.1538],[1.4308],[0.8385],[0.4923],[0.4846],[1.2],[0.4923],[-0.1538],[-0.6769],[-1.0154],[-1.1923],[-1.2077],[-1.1308],[-0.9692],[-0.8077],[-0.6385],[-0.4154],[-0.1308],[0.2],[0.6154],[1.0923],[1.5692],[2.0308],[2.4308],[2.7308],[2.8692],[2.8077],[2.5615],[2.1385],[1.6692],[1.3],[1.1385],[1.9231],[1.0769],[0.3],[-0.3923],[-0.9385],[-1.3154],[-1.5308],[-1.6231],[-1.6308],[-1.5077],[-1.2846],[-0.9462],[-0.4538],[0.0923],[0.6231],[1.0462],[1.3692],[1.6154],[1.8923],[2.2],[2.5692],[2.8538],[2.9769],[2.8538],[2.4923],[2.0154],[1.5846],[2.9],[2.0615],[1.1769],[0.2462],[-0.5846],[-1.3],[-1.8538],[-2.2538],[-2.4462],[-2.4462],[-2.1692],[-1.5769],[-0.7923],[0.1308],[0.9538],[1.4846],[1.6692],[1.6385],[1.5615],[1.6231],[1.8538],[2.2154],[2.4615],[2.4308],[2.1154],[1.6077],[1.1077],[3.6615],[2.9308],[1.9308],[0.7846],[-0.3308],[-1.3077],[-2.0615],[-2.5846],[-2.8462],[-2.8769],[-2.6154],[-2.0615],[-1.1846],[-0.1308],[0.8385],[1.5231],[1.7692],[1.5923],[1.2846],[1.0538],[1.0231],[1.1231],[1.1846],[1.0615],[0.7846],[0.4462],[0.2692],[3.7077],[3.0692],[2.0846],[0.8846],[-0.3077],[-1.3],[-1.9538],[-2.2538],[-2.3],[-2.2385],[-2.0923],[-1.8385],[-1.4],[-0.7308],[0.0692],[0.8],[1.2615],[1.3769],[1.2462],[1.0462],[0.8462],[0.6077],[0.3154],[-0.0692],[-0.4],[-0.4615],[-0.1615],[3.0769],[2.6154],[1.8154],[0.7846],[-0.2846],[-1.1615],[-1.6538],[-1.7154],[-1.4462],[-1.1308],[-1.0154],[-1.1385],[-1.3077],[-1.2923],[-0.9077],[-0.2154],[0.5538],[1.1846],[1.5769],[1.6769],[1.5154],[1.0846],[0.4154],[-0.2615],[-0.7231],[-0.6692],[-0.1154],[2.2],[2.0077],[1.6077],[0.9615],[0.0769],[-0.8385],[-1.5231],[-1.7154],[-1.3923],[-0.8923],[-0.6154],[-0.7538],[-1.1846],[-1.5154],[-1.3846],[-0.7846],[0.1692],[1.1231],[1.8462],[2.2077],[2.1846],[1.7385],[1.0154],[0.2615],[-0.2308],[-0.2154],[0.1846],[1.3462],[1.4769],[1.5462],[1.3462],[0.7154],[-0.3692],[-1.5308],[-2.2692],[-2.3],[-1.8538],[-1.3769],[-1.1923],[-1.3],[-1.4231],[-1.2231],[-0.6231],[0.1769],[0.9154],[1.5231],[1.8615],[1.8846],[1.6462],[1.2],[0.8231],[0.7],[0.8231],[1.0462],[0.5231],[0.8538],[1.3231],[1.5769],[1.2538],[0.2769],[-1.0923],[-2.3],[-2.8923],[-2.8462],[-2.4692],[-2.0923],[-1.7923],[-1.3923],[-0.8615],[-0.3231],[0.0538],[0.2538],[0.4154],[0.5692],[0.7],[0.6923],[0.6692],[0.8615],[1.4],[2.0846],[2.4846],[-0.1615],[0.2923],[0.8077],[1.3077],[1.5538],[1.2],[0.2308],[-1.0154],[-2.1077],[-2.7923],[-3.0615],[-2.9769],[-2.5538],[-1.8462],[-1.0615],[-0.6231],[-0.6923],[-1.0154],[-1.1308],[-0.8846],[-0.5231],[-0.3308],[-0.2692],[0.1308],[1.1462],[2.5538],[3.5692],[-0.2308],[0.1154],[0.4],[0.9846],[1.8077],[2.3308],[2.0692],[0.9615],[-0.5923],[-2.0692],[-3.1923],[-3.7077],[-3.5154],[-2.7615],[-1.9231],[-1.6077],[-1.9615],[-2.5077],[-2.5231],[-1.8692],[-1.0538],[-0.7538],[-0.9615],[-0.9538],[-0.1],[1.5385],[3.1154],[0.4538],[0.5385],[0.4846],[1.0385],[2.2538],[3.3615],[3.3615],[2.0538],[0.0231],[-1.9923],[-3.4846],[-4.2923],[-4.2923],[-3.6462],[-2.8462],[-2.6],[-3.0692],[-3.6538],[-3.4923],[-2.4],[-1.1308],[-0.6],[-0.9615],[-1.4308],[-1.1769],[-0.0538],[1.3462],[1.3615],[1.2385],[0.9462],[1.4923],[2.8385],[3.8385],[3.3462],[1.4154],[-0.9462],[-2.8],[-3.9077],[-4.4385],[-4.5],[-4.0846],[-3.4308],[-3.2231],[-3.6769],[-4.3154],[-4.2385],[-3.0923],[-1.5308],[-0.4769],[-0.3],[-0.6154],[-0.8692],[-0.8077],[-0.5154],[1.9308],[1.5923],[1.2308],[1.7769],[2.9308],[3.3615],[2.1538],[-0.1923],[-2.3154],[-3.4],[-3.6769],[-3.9],[-4.1769],[-4.2385],[-3.9538],[-3.7769],[-4.1],[-4.7538],[-4.9231],[-4.1077],[-2.4923],[-0.8],[0.4308],[1.0308],[0.7692],[-0.3615],[-1.7077],[1.8923],[1.4154],[1.0077],[1.4462],[2.2077],[2.1231],[0.6769],[-1.3231],[-2.5308],[-2.6615],[-2.4769],[-2.8],[-3.6769],[-4.4154],[-4.5923],[-4.4923],[-4.6692],[-5.1154],[-5.2923],[-4.6077],[-3.0846],[-1.0615],[0.9154],[2.2538],[2.2308],[0.3615],[-2.4385],[1.4385],[0.8385],[0.3769],[0.5923],[1],[0.7692],[-0.1462],[-0.9923],[-1.1308],[-0.7923],[-0.8538],[-1.7385],[-3.0692],[-4.1462],[-4.6231],[-4.7692],[-4.9769],[-5.1615],[-4.8846],[-3.7923],[-2.1538],[-0.3923],[1.1538],[2.2692],[2.2692],[0.4538],[-2.7846],[0.8231],[0.1308],[-0.3615],[-0.3],[-0.0077],[0.0923],[0.0923],[0.3769],[0.9],[0.9846],[0.2231],[-1.0538],[-2.1615],[-2.8154],[-3.2769],[-3.8846],[-4.5692],[-4.8154],[-4],[-2.1769],[-0.1769],[1],[1.1769],[1.0231],[0.8],[-0.1154],[-2.4538],[0.4],[-0.4077],[-0.9385],[-0.8308],[-0.3538],[0.1462],[0.7538],[1.5615],[2.0154],[1.5154],[0.2231],[-0.8462],[-1.0615],[-0.8692],[-1.1692],[-2.3385],[-3.8077],[-4.5615],[-3.7385],[-1.4923],[0.8385],[1.6462],[0.5154],[-1.1077],[-1.6462],[-1.2923],[-1.7846],[0.3],[-0.6077],[-1.2],[-0.9692],[-0.3],[0.3077],[0.8923],[1.4615],[1.5692],[0.7231],[-0.5154],[-1.0077],[-0.4231],[0.3077],[0.0308],[-1.4923],[-3.4692],[-4.8077],[-4.6308],[-2.8231],[-0.4692],[0.4615],[-1.0154],[-3.4462],[-4.4154],[-3.2692],[-2.0308],[0.3462],[-0.5],[-1.1385],[-0.8923],[-0.2923],[0.0231],[0.0769],[0.1615],[0.0385],[-0.6231],[-1.3615],[-1.4385],[-0.6692],[-0.0538],[-0.4923],[-1.9231],[-3.7077],[-5.2846],[-5.9692],[-5.1846],[-3.1923],[-1.7154],[-2.4923],[-4.8846],[-6.4077],[-5.5538],[-3.6308]]}]