html/data/WT_pct09_ind_wt_2_9.json
[{"header":{"disciplineName":["Meteorological products"],"parameterCategory":[0],"parameterCategoryName":["Temperature"],"parameterNumberName":["Temperature"],"parameterNumber":[0],"parameterUnits":["K"],"refTime":["2017-03-17T0000:00.000Z"],"numberPoints":[621],"nx":[27],"ny":[23],"lo1":[-20],"la1":[70],"lo2":[45],"la2":[45],"dx":[2.5],"dy":[2.5]},"data":[[-13.3036],[-12.2682],[-11.2528],[-10.3152],[-9.492],[-8.8157],[-8.3124],[-7.9843],[-7.8135],[-7.7887],[-7.866],[-8.0185],[-8.213],[-8.4268],[-8.6373],[-8.8412],[-9.0329],[-9.2207],[-9.4069],[-9.6135],[-9.8395],[-10.097],[-10.4019],[-10.7599],[-11.1749],[-11.6472],[-12.1738],[-9.5622],[-8.7936],[-8.1008],[-7.5075],[-7.018],[-6.6528],[-6.4169],[-6.3146],[-6.3323],[-6.4555],[-6.6555],[-6.9008],[-7.1776],[-7.4616],[-7.7577],[-8.0367],[-8.324],[-8.6251],[-8.9235],[-9.2329],[-9.5445],[-9.8599],[-10.1798],[-10.5169],[-10.8865],[-11.2992],[-11.7693],[-6.508],[-6.1351],[-5.8356],[-5.5936],[-5.397],[-5.2511],[-5.1732],[-5.1804],[-5.2671],[-5.4367],[-5.6765],[-5.966],[-6.2948],[-6.6439],[-7.0069],[-7.3914],[-7.7986],[-8.2273],[-8.6682],[-9.1196],[-9.5412],[-9.9334],[-10.2843],[-10.5959],[-10.892],[-11.1959],[-11.5395],[-4.8362],[-4.6909],[-4.5925],[-4.497],[-4.4047],[-4.3301],[-4.2975],[-4.3378],[-4.4577],[-4.6693],[-4.9616],[-5.308],[-5.6843],[-6.0765],[-6.4738],[-6.8881],[-7.3251],[-7.7903],[-8.2887],[-8.7909],[-9.2831],[-9.7235],[-10.1008],[-10.4146],[-10.6749],[-10.9262],[-11.1909],[-4.0854],[-3.8787],[-3.718],[-3.587],[-3.4787],[-3.4246],[-3.4307],[-3.5207],[-3.7146],[-4.013],[-4.3843],[-4.8019],[-5.2296],[-5.6373],[-6.0279],[-6.4102],[-6.8108],[-7.25],[-7.7345],[-8.2412],[-8.745],[-9.2041],[-9.5948],[-9.9141],[-10.1715],[-10.4075],[-10.6688],[-3.3075],[-2.9323],[-2.6588],[-2.4936],[-2.4224],[-2.4423],[-2.5334],[-2.7097],[-2.9776],[-3.324],[-3.7312],[-4.161],[-4.5909],[-4.9936],[-5.3831],[-5.7738],[-6.1936],[-6.6732],[-7.2025],[-7.7588],[-8.2903],[-8.761],[-9.1318],[-9.408],[-9.6191],[-9.8091],[-10.0329],[-2.1345],[-1.7307],[-1.4964],[-1.4213],[-1.4787],[-1.6108],[-1.7914],[-2.0069],[-2.2627],[-2.582],[-2.9583],[-3.3688],[-3.787],[-4.208],[-4.6285],[-5.0782],[-5.5865],[-6.1677],[-6.8052],[-7.4329],[-7.9997],[-8.4577],[-8.7809],[-8.9782],[-9.092],[-9.1831],[-9.3257],[-0.8588],[-0.5848],[-0.4754],[-0.5262],[-0.6793],[-0.887],[-1.097],[-1.2992],[-1.529],[-1.8428],[-2.2434],[-2.7169],[-3.2135],[-3.6964],[-4.1627],[-4.6467],[-5.187],[-5.7765],[-6.3881],[-6.976],[-7.4743],[-7.8622],[-8.1191],[-8.261],[-8.3373],[-8.387],[-8.4815],[0.2417],[0.4141],[0.4892],[0.4323],[0.2782],[0.0655],[-0.155],[-0.3831],[-0.6732],[-1.0826],[-1.6273],[-2.2555],[-2.8876],[-3.4566],[-3.9511],[-4.4124],[-4.8771],[-5.3528],[-5.8008],[-6.1754],[-6.4638],[-6.687],[-6.8561],[-6.9942],[-7.113],[-7.2257],[-7.3533],[1.2506],[1.4472],[1.5931],[1.6257],[1.5019],[1.2666],[0.9721],[0.6506],[0.2732],[-0.224],[-0.8517],[-1.5528],[-2.229],[-2.8185],[-3.329],[-3.8075],[-4.2826],[-4.7202],[-5.0544],[-5.2356],[-5.2898],[-5.2859],[-5.3041],[-5.3782],[-5.4903],[-5.6262],[-5.7903],[2.3075],[2.5213],[2.7185],[2.7782],[2.6191],[2.2809],[1.8677],[1.471],[1.097],[0.6992],[0.2323],[-0.282],[-0.7997],[-1.3163],[-1.8577],[-2.4765],[-3.1566],[-3.7704],[-4.1975],[-4.3489],[-4.2688],[-4.0693],[-3.8765],[-3.7533],[-3.7152],[-3.7406],[-3.8528],[3.3483],[3.4887],[3.6312],[3.618],[3.355],[2.9146],[2.4285],[2.0384],[1.7992],[1.6329],[1.4677],[1.2539],[0.9693],[0.5793],[-0.0003],[-0.7721],[-1.6533],[-2.4489],[-2.9809],[-3.182],[-3.092],[-2.8196],[-2.4848],[-2.1765],[-1.95],[-1.8318],[-1.8622],[4.2865],[4.3047],[4.3351],[4.2583],[3.987],[3.555],[3.1157],[2.8124],[2.6865],[2.6483],[2.6224],[2.5395],[2.371],[2.0467],[1.5008],[0.7483],[-0.055],[-0.7191],[-1.1296],[-1.2749],[-1.2301],[-1.0533],[-0.7837],[-0.466],[-0.1936],[-0.0478],[-0.0539],[5.1572],[5.0953],[5.0876],[5.0555],[4.9019],[4.6329],[4.3334],[4.1157],[3.9953],[3.8909],[3.7494],[3.5517],[3.3312],[3.0262],[2.5809],[2.0301],[1.5329],[1.234],[1.134],[1.1262],[1.1025],[1.1075],[1.2334],[1.45],[1.6423],[1.7052],[1.7086],[6.0296],[5.9588],[5.9931],[6.0798],[6.1169],[6.0417],[5.8931],[5.7423],[5.5881],[5.3605],[5.0461],[4.7019],[4.3986],[4.1169],[3.7881],[3.4113],[3.1235],[3.0506],[3.1329],[3.1776],[3.1196],[3.0914],[3.2594],[3.5467],[3.7108],[3.6616],[3.6771],[6.8798],[6.8682],[6.9843],[7.1881],[7.3644],[7.4202],[7.3743],[7.2782],[7.1539],[6.9262],[6.5809],[6.1992],[5.8776],[5.6229],[5.3428],[4.9815],[4.6506],[4.5174],[4.5412],[4.576],[4.5749],[4.7517],[5.271],[5.9064],[6.1539],[5.9174],[5.7285],[7.7412],[7.8384],[8.0577],[8.3406],[8.582],[8.7008],[8.7124],[8.6854],[8.6506],[8.5489],[8.297],[7.9296],[7.5627],[7.2599],[6.9384],[6.5191],[6.0859],[5.8329],[5.8196],[5.9157],[6.0892],[6.5638],[7.5108],[8.566],[8.9732],[8.4334],[7.6787],[8.7135],[9.0064],[9.3384],[9.6528],[9.9152],[10.0865],[10.1771],[10.2285],[10.292],[10.3196],[10.1721],[9.7715],[9.2367],[8.7506],[8.3489],[7.9406],[7.5251],[7.3218],[7.4428],[7.7677],[8.1135],[8.6859],[9.7925],[11.1633],[11.8682],[11.2517],[9.8986],[9.9964],[10.4959],[10.9119],[11.2003],[11.4356],[11.6782],[11.8699],[11.9986],[12.1041],[12.2036],[12.1235],[11.6682],[10.9401],[10.2456],[9.8075],[9.487],[9.1738],[9.0345],[9.3086],[9.8401],[10.2738],[10.6721],[11.5666],[13.092],[14.3826],[14.3384],[12.9787],[11.6887],[12.3533],[12.8091],[13.0213],[13.1815],[13.4285],[13.6738],[13.8052],[13.8622],[13.9367],[13.8936],[13.4445],[12.6169],[11.8682],[11.5307],[11.4008],[11.1588],[10.903],[11.061],[11.6406],[12.1428],[12.3566],[12.8914],[14.3732],[16.2776],[17.2218],[16.5191],[13.7749],[14.5329],[15.008],[15.1555],[15.1964],[15.3434],[15.5273],[15.5594],[15.4655],[15.4235],[15.3351],[14.8909],[14.0953],[13.4892],[13.4699],[13.7224],[13.6163],[13.1356],[12.9434],[13.4279],[14.1185],[14.4517],[14.766],[15.8909],[17.7876],[19.218],[19.0942],[16.0064],[16.7815],[17.3146],[17.4633],[17.4086],[17.3942],[17.4351],[17.3461],[17.1273],[16.9362],[16.7268],[16.2351],[15.5157],[15.1301],[15.5389],[16.3246],[16.5881],[16.0688],[15.5307],[15.8124],[16.7461],[17.5356],[17.9196],[18.4671],[19.4555],[20.2163],[19.8434],[17.8727],[18.6041],[19.1743],[19.4052],[19.3461],[19.2362],[19.1738],[19.082],[18.9041],[18.6914],[18.4075],[17.9152],[17.3052],[17.1064],[17.7721],[18.9528],[19.6892],[19.4191],[18.718],[18.6428],[19.5644],[20.8025],[21.5655],[21.7378],[21.5655],[20.9881],[19.6975]]},{"header":{"disciplineName":["Meteorological products"],"parameterCategory":[2],"parameterCategoryName":["u-component of wind"],"parameterNumberName":["u-component of wind"],"parameterNumber":[2],"parameterUnits":["m s-1"],"refTime":["2017-03-17T0000:00.000Z"],"numberPoints":[621],"nx":[27],"ny":[23],"lo1":[-20],"la1":[70],"lo2":[45],"la2":[45],"dx":[2.5],"dy":[2.5]},"data":[[3.7392],[4.4652],[5.0685],[5.5575],[5.9514],[6.2989],[6.6326],[6.9785],[7.3564],[7.7442],[8.1215],[8.4552],[8.7044],[8.8536],[8.8878],[8.8094],[8.6425],[8.4215],[8.1674],[7.9044],[7.6497],[7.4072],[7.1823],[6.9586],[6.742],[6.5475],[6.3729],[3.9387],[4.916],[5.6989],[6.289],[6.7309],[7.0856],[7.4094],[7.7381],[8.095],[8.4702],[8.8138],[9.0818],[9.2254],[9.2017],[9.011],[8.6867],[8.2608],[7.8077],[7.368],[6.995],[6.7077],[6.5017],[6.3608],[6.2663],[6.211],[6.1967],[6.2144],[5.1199],[5.9779],[6.6486],[7.1492],[7.516],[7.7945],[8.0365],[8.2707],[8.5077],[8.726],[8.8906],[8.9497],[8.863],[8.5873],[8.1486],[7.5818],[6.9724],[6.3983],[5.9199],[5.5994],[5.4392],[5.4116],[5.4906],[5.6354],[5.8122],[6.0133],[6.2276],[6.7525],[7.1807],[7.5464],[7.8459],[8.0878],[8.2575],[8.3696],[8.4127],[8.4094],[8.3552],[8.2403],[8.0508],[7.7591],[7.3519],[6.8464],[6.3044],[5.7796],[5.3464],[5.0564],[4.9182],[4.9337],[5.0635],[5.2597],[5.4923],[5.737],[5.9862],[6.2309],[8.1271],[8.1492],[8.2492],[8.3873],[8.5249],[8.5691],[8.4961],[8.2923],[7.9939],[7.6436],[7.2834],[6.926],[6.5657],[6.205],[5.8586],[5.5442],[5.2961],[5.1365],[5.0624],[5.074],[5.147],[5.2453],[5.3492],[5.4564],[5.5757],[5.7083],[5.8591],[9.0762],[8.9006],[8.8309],[8.8171],[8.7575],[8.5823],[8.2486],[7.7906],[7.2707],[6.7685],[6.3414],[5.9856],[5.6983],[5.4641],[5.2768],[5.1425],[5.0718],[5.047],[5.0337],[5.0282],[5.0033],[4.979],[4.9696],[4.9884],[5.0425],[5.1232],[5.2448],[9.8923],[9.579],[9.2801],[8.947],[8.511],[7.9492],[7.3028],[6.6519],[6.0939],[5.6807],[5.3978],[5.2061],[5.0486],[4.895],[4.7497],[4.6414],[4.5475],[4.4536],[4.3453],[4.2083],[4.0917],[4.0519],[4.1331],[4.3166],[4.5459],[4.7674],[4.9475],[10.6917],[10.1171],[9.4398],[8.647],[7.7591],[6.8177],[5.9403],[5.2309],[4.7492],[4.4972],[4.3994],[4.3492],[4.2757],[4.1663],[4.0619],[3.9751],[3.9066],[3.8094],[3.653],[3.4702],[3.3657],[3.4442],[3.7525],[4.2215],[4.7033],[5.0519],[5.1961],[11.1265],[10.2149],[9.1762],[8.0564],[6.9204],[5.8514],[4.9503],[4.2735],[3.8271],[3.5762],[3.4204],[3.2994],[3.2022],[3.1492],[3.1978],[3.3663],[3.5691],[3.7144],[3.7381],[3.6867],[3.6934],[3.905],[4.3564],[4.932],[5.4282],[5.6624],[5.5923],[10.8619],[9.742],[8.5735],[7.4072],[6.3337],[5.4],[4.6431],[4.037],[3.5249],[3.0608],[2.6326],[2.2912],[2.1006],[2.1304],[2.4061],[2.874],[3.4155],[3.8818],[4.1961],[4.3801],[4.5613],[4.8602],[5.2867],[5.7271],[5.9834],[5.9536],[5.6735],[9.947],[8.8646],[7.7685],[6.7105],[5.7829],[5.0398],[4.4685],[3.9713],[3.4541],[2.8851],[2.3348],[1.9243],[1.7503],[1.8448],[2.1663],[2.637],[3.1685],[3.6785],[4.1133],[4.4884],[4.842],[5.2182],[5.5807],[5.832],[5.8762],[5.7221],[5.5033],[8.6105],[7.7315],[6.7867],[5.8315],[4.9934],[4.3906],[4.0116],[3.7613],[3.4917],[3.1845],[2.9105],[2.7619],[2.7702],[2.8669],[2.9762],[3.0707],[3.1801],[3.3746],[3.6818],[4.0796],[4.5138],[4.9105],[5.2028],[5.3436],[5.3707],[5.3635],[5.4713],[6.9558],[6.3348],[5.6365],[4.8928],[4.263],[3.9155],[3.8409],[3.9392],[4.0641],[4.1807],[4.3249],[4.5337],[4.7381],[4.8061],[4.6591],[4.368],[4.0845],[3.9735],[4.0779],[4.3481],[4.6564],[4.895],[5.0254],[5.0856],[5.1834],[5.4039],[5.8061],[5.1652],[4.8133],[4.489],[4.2182],[4.105],[4.2365],[4.5497],[4.9116],[5.2099],[5.4718],[5.7674],[6.1066],[6.3807],[6.4525],[6.311],[6.053],[5.853],[5.7945],[5.8464],[5.9166],[5.937],[5.8641],[5.7569],[5.7105],[5.8254],[6.1044],[6.4762],[3.6619],[3.5586],[3.6376],[3.905],[4.3702],[4.9691],[5.5215],[5.8597],[5.9807],[6.037],[6.2033],[6.5133],[6.8475],[7.0829],[7.2519],[7.4298],[7.6762],[7.9138],[8.0138],[7.9298],[7.6895],[7.4166],[7.1923],[7.1149],[7.2221],[7.4022],[7.4945],[2.7707],[2.8552],[3.1392],[3.6425],[4.3464],[5.0624],[5.5552],[5.6768],[5.537],[5.4182],[5.5624],[6.0022],[6.5707],[7.1116],[7.6193],[8.1652],[8.7227],[9.1177],[9.2193],[9.0564],[8.8077],[8.6133],[8.5215],[8.5602],[8.7099],[8.8845],[8.8398],[2.3044],[2.5331],[2.821],[3.2635],[3.8343],[4.389],[4.7083],[4.7105],[4.5591],[4.5569],[4.9376],[5.6646],[6.489],[7.1939],[7.7409],[8.2403],[8.6967],[8.9884],[9.0359],[8.9541],[8.926],[9.0232],[9.158],[9.3138],[9.5652],[9.9116],[10.1298],[1.9536],[2.3282],[2.6597],[3.0591],[3.5414],[4],[4.2961],[4.416],[4.4934],[4.7265],[5.2453],[5.9895],[6.7215],[7.2254],[7.4895],[7.6663],[7.8768],[8.0718],[8.1978],[8.3309],[8.5917],[8.9105],[9.1459],[9.2829],[9.5564],[10.126],[10.7624],[1.8453],[2.3746],[2.8586],[3.4133],[4.0099],[4.5354],[4.9343],[5.2337],[5.5028],[5.7773],[6.0757],[6.3928],[6.6387],[6.7243],[6.6867],[6.7116],[6.9149],[7.2519],[7.5928],[7.9414],[8.3138],[8.6492],[8.8254],[8.8867],[9.1155],[9.6945],[10.405],[2.3707],[2.9376],[3.4851],[4.111],[4.7381],[5.2182],[5.537],[5.8221],[6.1],[6.2646],[6.2497],[6.1066],[5.9387],[5.8061],[5.7851],[5.9823],[6.4492],[7.0276],[7.4939],[7.7669],[7.958],[8.132],[8.268],[8.3762],[8.5934],[8.9414],[9.1729],[3.2133],[3.6718],[4.0166],[4.3923],[4.7326],[4.8834],[4.8785],[4.9204],[5.1138],[5.3039],[5.3105],[5.1569],[5.0166],[5.0254],[5.2464],[5.7077],[6.3431],[6.9315],[7.2193],[7.1713],[7.0144],[6.9829],[7.1442],[7.4166],[7.6746],[7.7204],[7.3083],[3.1707],[3.4696],[3.5238],[3.5481],[3.5613],[3.4133],[3.1331],[2.9696],[3.1315],[3.5044],[3.8326],[4.0127],[4.1497],[4.3575],[4.6718],[5.1072],[5.5818],[5.9127],[5.9083],[5.5939],[5.2552],[5.1575],[5.3238],[5.6149],[5.795],[5.6144],[4.8586],[1.3243],[1.5215],[1.4657],[1.4017],[1.432],[1.3912],[1.1961],[1.0652],[1.2558],[1.768],[2.3331],[2.7409],[2.9729],[3.0967],[3.1641],[3.2376],[3.3481],[3.411],[3.3215],[3.1166],[2.9923],[3.0448],[3.1768],[3.2238],[3.0967],[2.7177],[1.9862]]},{"header":{"disciplineName":["Meteorological products"],"parameterCategory":[2],"parameterCategoryName":["v-component of wind"],"parameterNumberName":["v-component of wind"],"parameterNumber":[3],"parameterUnits":["m s-1"],"refTime":["2017-03-17T0000:00.000Z"],"numberPoints":[621],"nx":[27],"ny":[23],"lo1":[-20],"la1":[70],"lo2":[45],"la2":[45],"dx":[2.5],"dy":[2.5]},"data":[[3.5939],[3.8779],[4.1061],[4.2348],[4.2475],[4.1365],[3.8807],[3.4967],[2.9901],[2.3895],[1.7254],[1.0575],[0.4122],[-0.147],[-0.5917],[-0.9287],[-1.1508],[-1.2912],[-1.3829],[-1.4746],[-1.574],[-1.7],[-1.8304],[-1.9436],[-2.011],[-2.0022],[-1.9204],[5.4851],[5.5398],[5.4901],[5.3376],[5.1199],[4.8227],[4.4475],[3.9906],[3.4221],[2.7519],[1.9928],[1.1856],[0.3878],[-0.3331],[-0.9221],[-1.3525],[-1.626],[-1.7735],[-1.8459],[-1.9138],[-1.9956],[-2.1],[-2.2122],[-2.2823],[-2.274],[-2.1503],[-1.9182],[7.2481],[7.016],[6.6713],[6.2552],[5.821],[5.3702],[4.8917],[4.3475],[3.6917],[2.9033],[1.9779],[0.958],[-0.0707],[-1.0155],[-1.7652],[-2.2779],[-2.5254],[-2.5558],[-2.4591],[-2.3033],[-2.1696],[-2.0718],[-2.0083],[-1.9331],[-1.805],[-1.5807],[-1.2779],[8.0508],[7.6812],[7.2221],[6.711],[6.1801],[5.6271],[5.0276],[4.3503],[3.5552],[2.616],[1.5331],[0.3486],[-0.8331],[-1.8823],[-2.6851],[-3.1602],[-3.2917],[-3.1387],[-2.7939],[-2.384],[-1.9856],[-1.6547],[-1.3807],[-1.1398],[-0.9044],[-0.6519],[-0.4006],[7.932],[7.6514],[7.3099],[6.8691],[6.3044],[5.5967],[4.768],[3.8508],[2.8519],[1.7796],[0.647],[-0.5006],[-1.6],[-2.5348],[-3.195],[-3.5221],[-3.5044],[-3.2204],[-2.7818],[-2.289],[-1.8039],[-1.3635],[-0.9586],[-0.5801],[-0.2376],[0.0519],[0.2414],[7.3591],[7.2912],[7.1503],[6.7912],[6.1475],[5.2077],[4.0718],[2.8674],[1.7039],[0.6149],[-0.3856],[-1.326],[-2.1652],[-2.8414],[-3.2751],[-3.4232],[-3.3249],[-3.0558],[-2.695],[-2.3077],[-1.911],[-1.4779],[-0.9928],[-0.484],[-0.0022],[0.3939],[0.6171],[6.5282],[6.5602],[6.5055],[6.1657],[5.4155],[4.2939],[2.9729],[1.6713],[0.5475],[-0.3641],[-1.1221],[-1.8072],[-2.4337],[-2.9431],[-3.2569],[-3.3376],[-3.242],[-3.0365],[-2.789],[-2.5055],[-2.1326],[-1.6309],[-1.0061],[-0.337],[0.258],[0.7044],[0.9365],[5.3188],[5.2403],[5.1221],[4.7541],[4.0066],[2.9215],[1.7006],[0.5895],[-0.2552],[-0.8448],[-1.3337],[-1.8431],[-2.4122],[-2.937],[-3.3011],[-3.4381],[-3.3961],[-3.247],[-3.0282],[-2.6867],[-2.1343],[-1.3624],[-0.4729],[0.3304],[0.8967],[1.1624],[1.189],[3.7956],[3.4807],[3.2586],[2.9293],[2.3376],[1.4762],[0.5221],[-0.2928],[-0.8215],[-1.1155],[-1.3657],[-1.7409],[-2.2575],[-2.7906],[-3.1757],[-3.353],[-3.3757],[-3.3028],[-3.116],[-2.6757],[-1.8558],[-0.7276],[0.4354],[1.2967],[1.6348],[1.4961],[1.1072],[2.247],[1.7497],[1.4713],[1.2365],[0.8564],[0.2403],[-0.5088],[-1.174],[-1.579],[-1.7227],[-1.7646],[-1.9],[-2.1591],[-2.4459],[-2.642],[-2.7171],[-2.7608],[-2.8293],[-2.8],[-2.4133],[-1.4923],[-0.1541],[1.1547],[1.9552],[2.0077],[1.4591],[0.726],[0.8552],[0.2773],[-0.0381],[-0.1994],[-0.4144],[-0.8392],[-1.4646],[-2.1055],[-2.5403],[-2.6624],[-2.5398],[-2.3436],[-2.1851],[-2.0475],[-1.8983],[-1.7757],[-1.7862],[-1.9608],[-2.121],[-1.9022],[-1.0702],[0.2343],[1.4901],[2.1547],[2.0011],[1.2928],[0.5088],[-0.3061],[-0.9343],[-1.3436],[-1.5271],[-1.6204],[-1.8055],[-2.1994],[-2.7215],[-3.1508],[-3.2807],[-3.0729],[-2.6718],[-2.2348],[-1.8503],[-1.5193],[-1.2818],[-1.2061],[-1.3094],[-1.426],[-1.2144],[-0.4613],[0.6796],[1.7215],[2.1917],[1.9823],[1.3906],[0.8597],[-1.1464],[-1.7796],[-2.3088],[-2.5785],[-2.563],[-2.4243],[-2.4088],[-2.6365],[-2.9724],[-3.1464],[-3.0166],[-2.6398],[-2.2243],[-1.9249],[-1.7309],[-1.5569],[-1.3928],[-1.2354],[-1.011],[-0.5486],[0.2459],[1.2155],[1.9923],[2.268],[2.0779],[1.7486],[1.5608],[-1.6254],[-2.1276],[-2.658],[-2.9691],[-2.8768],[-2.4597],[-2.0746],[-2.0337],[-2.3188],[-2.6287],[-2.674],[-2.4359],[-2.1564],[-2.0481],[-2.0978],[-2.1044],[-1.911],[-1.4923],[-0.9249],[-0.1939],[0.6635],[1.4862],[2.042],[2.1967],[2.0967],[2.0017],[2.0492],[-1.916],[-2.0901],[-2.4414],[-2.7061],[-2.5967],[-2.1022],[-1.5812],[-1.463],[-1.8293],[-2.3155],[-2.4961],[-2.2867],[-1.9818],[-1.8967],[-2.058],[-2.2022],[-2.0669],[-1.6365],[-1.0072],[-0.3006],[0.4575],[1.1492],[1.6552],[1.8735],[1.9265],[1.9796],[2.0669],[-2.1735],[-1.9928],[-2.0691],[-2.2315],[-2.1613],[-1.7464],[-1.2906],[-1.2309],[-1.6597],[-2.1906],[-2.3525],[-2.0414],[-1.611],[-1.468],[-1.6564],[-1.8823],[-1.8597],[-1.5856],[-1.2066],[-0.7873],[-0.2718],[0.3635],[1.0182],[1.5232],[1.8298],[1.9602],[1.9116],[-2.2685],[-1.8613],[-1.7331],[-1.8094],[-1.7917],[-1.5149],[-1.1779],[-1.1331],[-1.4652],[-1.8414],[-1.8552],[-1.4845],[-1.1188],[-1.116],[-1.432],[-1.7215],[-1.7619],[-1.6204],[-1.4978],[-1.3751],[-1.0591],[-0.3939],[0.5381],[1.4541],[2.0978],[2.316],[2.1149],[-1.937],[-1.4779],[-1.2619],[-1.263],[-1.2707],[-1.1442],[-0.974],[-0.9575],[-1.1276],[-1.2508],[-1.1199],[-0.8442],[-0.7779],[-1.1022],[-1.5934],[-1.8652],[-1.8232],[-1.6851],[-1.6757],[-1.7149],[-1.4901],[-0.7613],[0.3961],[1.6613],[2.658],[3.0834],[2.847],[-1.2099],[-0.795],[-0.5254],[-0.4149],[-0.4287],[-0.4956],[-0.6088],[-0.7635],[-0.9039],[-0.8912],[-0.721],[-0.616],[-0.8215],[-1.3],[-1.6912],[-1.7182],[-1.4873],[-1.342],[-1.4453],[-1.5895],[-1.4094],[-0.6873],[0.5127],[1.9254],[3.1779],[3.8448],[3.7033],[-0.3144],[-0.005],[0.3033],[0.5271],[0.5232],[0.2547],[-0.1901],[-0.6348],[-0.911],[-0.9575],[-0.8862],[-0.9221],[-1.1442],[-1.3459],[-1.2282],[-0.7862],[-0.4017],[-0.4122],[-0.753],[-1.0398],[-0.911],[-0.2519],[0.8475],[2.2055],[3.4597],[4.1481],[3.9552],[0.6956],[0.7867],[1.011],[1.242],[1.2033],[0.7989],[0.153],[-0.4635],[-0.868],[-1.0508],[-1.1436],[-1.2624],[-1.2956],[-0.9746],[-0.216],[0.6354],[1.0061],[0.711],[0.0895],[-0.3243],[-0.2254],[0.3785],[1.3762],[2.5702],[3.5508],[3.8199],[3.174],[1.8011],[1.6006],[1.5862],[1.6298],[1.4646],[0.968],[0.3238],[-0.2448],[-0.6122],[-0.8331],[-0.9967],[-1.0685],[-0.8376],[-0.1061],[0.9878],[1.8878],[2.0773],[1.5575],[0.8271],[0.3823],[0.4227],[0.9475],[1.8934],[2.9492],[3.5006],[3.0343],[1.6403],[2.6177],[2.2006],[1.9293],[1.6961],[1.3094],[0.7448],[0.1867],[-0.2149],[-0.4486],[-0.5713],[-0.5746],[-0.3773],[0.1718],[1.0818],[2.0619],[2.6503],[2.5702],[2.0265],[1.432],[1.0166],[0.8729],[1.1674],[2.0155],[2.9823],[3.1591],[1.9912],[-0.0348]]}]