html/data/WT_pct09_ind_wt_6_7.json
[{"header":{"disciplineName":["Meteorological products"],"parameterCategory":[0],"parameterCategoryName":["Temperature"],"parameterNumberName":["Temperature"],"parameterNumber":[0],"parameterUnits":["K"],"refTime":["2017-03-17T0000:00.000Z"],"numberPoints":[621],"nx":[27],"ny":[23],"lo1":[-20],"la1":[70],"lo2":[45],"la2":[45],"dx":[2.5],"dy":[2.5]},"data":[[-0.45],[-0.4881],[-0.4929],[-0.469],[-0.4167],[-0.3333],[-0.2143],[-0.0429],[0.181],[0.4286],[0.7119],[1.0238],[1.3167],[1.5667],[1.769],[1.8857],[1.9238],[1.8595],[1.7214],[1.5429],[1.3405],[1.1405],[0.9786],[0.8571],[0.7714],[0.7167],[0.669],[0.0048],[0.0333],[0.0929],[0.1667],[0.2738],[0.4119],[0.5833],[0.8],[1.0595],[1.35],[1.6786],[2.0381],[2.4048],[2.7381],[3.031],[3.231],[3.3738],[3.4167],[3.3714],[3.2786],[3.1524],[3.0214],[2.9071],[2.8452],[2.7881],[2.7452],[2.7],[0.7476],[0.7952],[0.8881],[0.9905],[1.1476],[1.3214],[1.5286],[1.7714],[2.05],[2.35],[2.6762],[3.0262],[3.3762],[3.7167],[4.0238],[4.2976],[4.4952],[4.6214],[4.6952],[4.7286],[4.7405],[4.7643],[4.7714],[4.8119],[4.8167],[4.8119],[4.7524],[1.5976],[1.5976],[1.6286],[1.7095],[1.8405],[2.0286],[2.2905],[2.5786],[2.9048],[3.2571],[3.6143],[3.9905],[4.381],[4.7548],[5.1238],[5.45],[5.7143],[5.919],[6.0857],[6.2143],[6.3262],[6.4595],[6.5905],[6.719],[6.7929],[6.7976],[6.7048],[2.331],[2.2833],[2.2476],[2.2595],[2.3476],[2.4952],[2.7238],[3.0381],[3.4024],[3.7952],[4.25],[4.7071],[5.219],[5.7262],[6.2048],[6.6167],[6.95],[7.181],[7.3381],[7.4762],[7.6143],[7.7881],[7.9762],[8.1381],[8.25],[8.25],[8.1452],[3.1],[3.0929],[3.0667],[3.0452],[3.0381],[3.081],[3.2095],[3.4214],[3.7238],[4.1048],[4.5571],[5.1024],[5.681],[6.2929],[6.881],[7.3595],[7.7238],[7.9571],[8.0786],[8.1857],[8.3167],[8.4976],[8.719],[8.9143],[9.0095],[9.0119],[8.9024],[4.1833],[4.2524],[4.2524],[4.1833],[4.069],[3.969],[3.931],[3.9929],[4.1667],[4.4619],[4.8714],[5.3905],[5.9595],[6.5929],[7.181],[7.6738],[8.0333],[8.2476],[8.4],[8.5571],[8.7643],[9.0405],[9.3262],[9.5429],[9.6333],[9.6024],[9.5095],[5.4619],[5.481],[5.3857],[5.2],[4.9714],[4.7548],[4.6119],[4.6095],[4.769],[5.0905],[5.531],[6.0429],[6.6119],[7.169],[7.6595],[8.0619],[8.3548],[8.5786],[8.7881],[9.0571],[9.3976],[9.7905],[10.1476],[10.3929],[10.4929],[10.4952],[10.4952],[6.569],[6.3762],[6.1357],[5.8381],[5.5786],[5.35],[5.2286],[5.2857],[5.5643],[6.031],[6.6405],[7.2762],[7.8738],[8.3429],[8.7],[8.9167],[9.0762],[9.231],[9.4238],[9.6857],[10.0167],[10.3714],[10.6905],[10.9357],[11.119],[11.3238],[11.6333],[7.3619],[7.0667],[6.8262],[6.6881],[6.569],[6.4643],[6.4238],[6.5214],[6.8476],[7.4095],[8.1333],[8.869],[9.481],[9.8786],[10.0524],[10.0952],[10.0976],[10.1024],[10.15],[10.2143],[10.3119],[10.4405],[10.6214],[10.869],[11.2],[11.7143],[12.4595],[8.0167],[7.9119],[8.0548],[8.3238],[8.5643],[8.681],[8.6976],[8.7238],[8.9071],[9.2857],[9.8571],[10.4619],[10.981],[11.2738],[11.3357],[11.2762],[11.2048],[11.1738],[11.1429],[11.0476],[10.9167],[10.8381],[10.9595],[11.2929],[11.8429],[12.5571],[13.4357],[8.6881],[8.9976],[9.5881],[10.2881],[10.8595],[11.2286],[11.3905],[11.4071],[11.4286],[11.5024],[11.7214],[12.0286],[12.3262],[12.4881],[12.5119],[12.4643],[12.5095],[12.6381],[12.75],[12.75],[12.6595],[12.6833],[13.0214],[13.681],[14.4833],[15.2095],[15.781],[9.4738],[10.019],[10.731],[11.4833],[12.2071],[12.881],[13.469],[13.8619],[14.0143],[13.9524],[13.8595],[13.8357],[13.9167],[13.9524],[13.9095],[13.8786],[14.0095],[14.3214],[14.6786],[14.9024],[15.0548],[15.4024],[16.2119],[17.4262],[18.6476],[19.5024],[19.8262],[10.3857],[10.7667],[11.1667],[11.6619],[12.4476],[13.6214],[14.9738],[16.1167],[16.7024],[16.7],[16.419],[16.169],[16.05],[15.9286],[15.7048],[15.481],[15.4452],[15.6905],[16.0429],[16.319],[16.5738],[17.169],[18.4143],[20.1905],[21.9857],[23.3333],[24.1024],[11.3167],[11.3857],[11.4143],[11.7714],[12.869],[14.7476],[16.9524],[18.7548],[19.6548],[19.6786],[19.2429],[18.8381],[18.5548],[18.2238],[17.719],[17.1381],[16.7262],[16.6167],[16.6762],[16.7167],[16.8405],[17.4881],[18.9643],[21.0833],[23.281],[25.1381],[26.75],[12.1238],[12.1167],[12.2048],[12.9048],[14.5857],[17.1095],[19.7667],[21.7119],[22.5024],[22.3476],[21.8214],[21.3262],[20.9262],[20.4071],[19.6762],[18.8452],[18.1833],[17.7786],[17.519],[17.3095],[17.3214],[18.0571],[19.7262],[21.9643],[24.081],[25.769],[27.4452],[13.019],[13.3619],[13.9738],[15.2405],[17.3929],[20.0833],[22.5286],[24.0357],[24.4619],[24.2167],[23.8],[23.4095],[22.9238],[22.2595],[21.4405],[20.6595],[20.0524],[19.6167],[19.2595],[19.0048],[19.1762],[20.2071],[22.2167],[24.6048],[26.3929],[27.1786],[27.669],[14.6929],[15.6286],[16.7667],[18.3167],[20.3333],[22.5238],[24.2667],[25.2095],[25.4786],[25.4929],[25.4786],[25.2833],[24.6881],[23.8071],[22.9714],[22.3571],[21.95],[21.5929],[21.2786],[21.1857],[21.6238],[22.9667],[25.2738],[27.9024],[29.6643],[29.7738],[28.8238],[17.4952],[18.8976],[20.2071],[21.4833],[22.8071],[24.131],[25.1667],[25.8024],[26.2524],[26.7667],[27.2],[27.1048],[26.2786],[25.1167],[24.2095],[23.7143],[23.35],[22.969],[22.6905],[22.7833],[23.3833],[24.6762],[26.7762],[29.3833],[31.4714],[31.9524],[30.7429],[20.7119],[22.2048],[23.3333],[24.0643],[24.619],[25.2333],[25.8762],[26.4667],[27.1357],[27.9452],[28.5548],[28.4],[27.4048],[26.1238],[25.2476],[24.7714],[24.3405],[23.8548],[23.6714],[23.9857],[24.6214],[25.4452],[26.6833],[28.6571],[30.9095],[32.3024],[32.1238],[22.9357],[24.169],[24.9786],[25.3119],[25.5048],[25.8548],[26.3667],[26.8833],[27.45],[28.1238],[28.619],[28.4952],[27.6905],[26.7524],[26.1476],[25.819],[25.3714],[24.9143],[24.9],[25.4905],[26.1143],[26.35],[26.5952],[27.6024],[29.4619],[31.2548],[32.0357],[23.369],[24.1786],[24.6881],[24.9286],[25.1405],[25.519],[25.9738],[26.2619],[26.4548],[26.7619],[27.1333],[27.269],[27.0786],[26.8476],[26.7476],[26.6214],[26.2881],[25.9976],[26.1952],[26.7762],[27.1548],[27.0286],[26.8762],[27.4381],[28.7524],[30.1024],[30.7405],[22.3238],[22.731],[23.019],[23.2595],[23.6],[24.0619],[24.4167],[24.4643],[24.35],[24.4024],[24.7524],[25.2452],[25.7452],[26.1738],[26.4619],[26.419],[26.1762],[26.0929],[26.319],[26.5],[26.2643],[25.8643],[26.0857],[27.1667],[28.4762],[29.169],[28.9643]]},{"header":{"disciplineName":["Meteorological products"],"parameterCategory":[2],"parameterCategoryName":["u-component of wind"],"parameterNumberName":["u-component of wind"],"parameterNumber":[2],"parameterUnits":["m s-1"],"refTime":["2017-03-17T0000:00.000Z"],"numberPoints":[621],"nx":[27],"ny":[23],"lo1":[-20],"la1":[70],"lo2":[45],"la2":[45],"dx":[2.5],"dy":[2.5]},"data":[[0.9524],[1.0143],[1.0786],[1.1214],[1.1881],[1.281],[1.4095],[1.581],[1.7929],[2.0095],[2.2262],[2.4262],[2.5881],[2.7333],[2.8595],[3.0095],[3.1952],[3.4786],[3.8429],[4.2976],[4.8167],[5.3333],[5.819],[6.1929],[6.4333],[6.5381],[6.5119],[0.7929],[1],[1.119],[1.1976],[1.2643],[1.3238],[1.4381],[1.5929],[1.8357],[2.1238],[2.4524],[2.7738],[3.0595],[3.281],[3.419],[3.5357],[3.6357],[3.7857],[4.031],[4.3833],[4.8167],[5.2952],[5.7667],[6.1619],[6.4524],[6.6214],[6.6452],[1.6024],[1.8167],[1.9405],[1.9881],[1.9833],[1.9548],[1.969],[2.0548],[2.2381],[2.5262],[2.9095],[3.3167],[3.7167],[4.0429],[4.2619],[4.3619],[4.4024],[4.4286],[4.4667],[4.5738],[4.7452],[4.9881],[5.2452],[5.4571],[5.6429],[5.7524],[5.8262],[3.2833],[3.3429],[3.3],[3.2048],[3.05],[2.8571],[2.6571],[2.4619],[2.3714],[2.3905],[2.5405],[2.7881],[3.1167],[3.4548],[3.7762],[4.0357],[4.2214],[4.3405],[4.4119],[4.469],[4.4952],[4.4976],[4.4881],[4.4571],[4.4119],[4.3786],[4.3833],[5.3762],[5.1714],[4.9167],[4.65],[4.3357],[3.9762],[3.5476],[3.0905],[2.6238],[2.2095],[1.9048],[1.7452],[1.7571],[1.9143],[2.1929],[2.5786],[2.9786],[3.3643],[3.6786],[3.8714],[3.95],[3.9024],[3.7667],[3.5881],[3.4071],[3.2643],[3.1714],[7.0595],[6.6524],[6.2595],[5.8714],[5.5119],[5.1214],[4.6786],[4.1595],[3.5833],[2.9762],[2.4],[1.9095],[1.5238],[1.319],[1.3095],[1.4857],[1.8048],[2.1714],[2.5048],[2.719],[2.8119],[2.7762],[2.6976],[2.6214],[2.5714],[2.5762],[2.6357],[7.7524],[7.3119],[6.8619],[6.4643],[6.1048],[5.7857],[5.4643],[5.1405],[4.8],[4.4167],[4.0095],[3.5381],[3.0571],[2.581],[2.1524],[1.8286],[1.6024],[1.4548],[1.3381],[1.2167],[1.1048],[1.019],[1.0548],[1.219],[1.531],[1.9524],[2.3952],[7.6095],[7.2],[6.75],[6.3286],[5.9548],[5.6595],[5.4381],[5.2786],[5.181],[5.1143],[5.0643],[4.9476],[4.7048],[4.3024],[3.731],[3.0143],[2.2524],[1.4952],[0.8071],[0.2357],[-0.1524],[-0.319],[-0.2476],[0.0714],[0.6024],[1.2595],[1.9643],[7.1286],[6.6976],[6.2548],[5.8214],[5.4381],[5.15],[4.9143],[4.7214],[4.5667],[4.4952],[4.5119],[4.6214],[4.7333],[4.6976],[4.4119],[3.8476],[3.0595],[2.2024],[1.3905],[0.7429],[0.331],[0.1333],[0.15],[0.331],[0.6571],[1.0857],[1.6],[6.3381],[5.8714],[5.4571],[5.1071],[4.8476],[4.7095],[4.619],[4.4452],[4.131],[3.7571],[3.4786],[3.4357],[3.6238],[3.9119],[4.0929],[4.0262],[3.7095],[3.2786],[2.8667],[2.5452],[2.3452],[2.2071],[2.0857],[1.9524],[1.8238],[1.7905],[1.8667],[4.9881],[4.6571],[4.381],[4.1667],[4.119],[4.3167],[4.6881],[4.95],[4.8929],[4.4857],[3.9405],[3.5976],[3.569],[3.8214],[4.1167],[4.2833],[4.2929],[4.2262],[4.1619],[4.119],[4.069],[3.9095],[3.6262],[3.2619],[2.8976],[2.6714],[2.6333],[3.4786],[3.381],[3.2214],[3.0452],[3.0905],[3.65],[4.6333],[5.7071],[6.4262],[6.5548],[6.2524],[5.8476],[5.5833],[5.4786],[5.3762],[5.1905],[4.9095],[4.6619],[4.5],[4.3738],[4.1786],[3.869],[3.4714],[3.0929],[2.8571],[2.8643],[3.0548],[2.4143],[2.4095],[2.2238],[1.9571],[2],[2.719],[4.1524],[5.8881],[7.3262],[8.1429],[8.369],[8.2619],[8.0167],[7.6452],[7.0548],[6.269],[5.4429],[4.7619],[4.2738],[3.8667],[3.4881],[3.0905],[2.7548],[2.5738],[2.6024],[2.8048],[3.069],[1.7881],[1.6405],[1.4452],[1.2905],[1.4857],[2.2976],[3.6833],[5.3143],[6.6929],[7.5905],[8.0667],[8.319],[8.3929],[8.1762],[7.5714],[6.6881],[5.7786],[5.0548],[4.5405],[4.1333],[3.7738],[3.531],[3.5143],[3.6881],[3.9071],[3.9548],[3.7048],[1.1333],[1.0595],[1.2262],[1.6643],[2.3238],[3.1405],[3.9833],[4.6262],[4.9833],[5.1286],[5.3214],[5.7024],[6.169],[6.4738],[6.4286],[6.1214],[5.8143],[5.6429],[5.55],[5.4238],[5.2976],[5.3262],[5.7071],[6.3048],[6.7119],[6.5167],[5.5452],[0.8929],[1.4833],[2.4714],[3.6619],[4.6857],[5.1976],[5.0476],[4.3524],[3.3929],[2.5905],[2.2976],[2.5952],[3.2524],[3.9381],[4.4214],[4.7905],[5.1881],[5.6619],[6.0762],[6.2833],[6.3571],[6.5619],[7.1524],[8.0048],[8.6452],[8.5452],[7.3429],[2.1881],[3.6929],[5.3333],[6.7357],[7.4024],[7.0595],[5.8214],[4.169],[2.6024],[1.4786],[1.0119],[1.131],[1.569],[2.0714],[2.4833],[2.8929],[3.4214],[4.0857],[4.7548],[5.2738],[5.6143],[5.9524],[6.4286],[7.1],[7.7524],[7.9524],[7.2952],[4.9333],[6.6833],[8.0143],[8.6214],[8.2024],[6.8571],[5.0667],[3.4119],[2.2833],[1.6762],[1.419],[1.3167],[1.2357],[1.05],[0.8095],[0.6429],[0.7238],[1.1405],[1.8857],[2.8619],[3.8238],[4.5095],[4.7881],[4.8119],[4.8548],[5.0143],[5.0619],[6.8405],[7.7429],[7.8476],[7.1405],[5.7167],[4.0119],[2.5667],[1.8071],[1.6881],[1.8333],[1.8429],[1.5571],[0.9881],[0.2524],[-0.5405],[-1.2095],[-1.569],[-1.4071],[-0.5738],[0.8857],[2.6167],[3.8762],[4.1095],[3.3857],[2.3881],[1.9095],[2.1571],[5.469],[5.0762],[3.9833],[2.5095],[1.0595],[-0.0476],[-0.4714],[-0.1881],[0.4548],[0.9357],[0.9929],[0.6452],[0.0857],[-0.5952],[-1.2786],[-1.8262],[-2.069],[-1.8738],[-1.0476],[0.4476],[2.3429],[3.8571],[4.1929],[3.1738],[1.469],[0.2024],[0.0595],[0.6119],[-0.3786],[-1.6524],[-2.7119],[-3.2857],[-3.3071],[-2.8524],[-2.1333],[-1.4714],[-1.1619],[-1.15],[-1.2762],[-1.3452],[-1.431],[-1.4905],[-1.3976],[-1.1024],[-0.6595],[-0.1024],[0.6857],[1.7548],[2.7667],[3.1548],[2.4929],[1.0357],[-0.45],[-1.1286],[-5.5476],[-6.1595],[-6.6071],[-6.5619],[-6.0524],[-5.3619],[-4.769],[-4.3286],[-4.1357],[-4.1119],[-4.0548],[-3.7214],[-3.1881],[-2.6381],[-2.1119],[-1.4214],[-0.5929],[0.0524],[0.2524],[0.0762],[-0.0762],[0.0143],[0.2714],[0.3286],[-0.1286],[-1.0238],[-1.8786],[-10.5452],[-10.5143],[-10.0667],[-9.1571],[-8.1357],[-7.4238],[-7.181],[-7.2405],[-7.419],[-7.4929],[-7.2381],[-6.5643],[-5.6548],[-4.7786],[-3.9524],[-2.9905],[-1.9429],[-1.2357],[-1.2095],[-1.731],[-2.4119],[-2.8167],[-2.7095],[-2.1833],[-1.6714],[-1.6262],[-2.0952]]},{"header":{"disciplineName":["Meteorological products"],"parameterCategory":[2],"parameterCategoryName":["v-component of wind"],"parameterNumberName":["v-component of wind"],"parameterNumber":[3],"parameterUnits":["m s-1"],"refTime":["2017-03-17T0000:00.000Z"],"numberPoints":[621],"nx":[27],"ny":[23],"lo1":[-20],"la1":[70],"lo2":[45],"la2":[45],"dx":[2.5],"dy":[2.5]},"data":[[-0.6286],[-0.1905],[0.3548],[0.9548],[1.531],[2.019],[2.381],[2.5857],[2.6381],[2.5381],[2.3238],[2],[1.631],[1.2595],[0.931],[0.6214],[0.3429],[0.1071],[-0.1333],[-0.3976],[-0.7095],[-1.069],[-1.4738],[-1.8738],[-2.2452],[-2.5333],[-2.7095],[-0.2238],[0.1833],[0.7],[1.2405],[1.7381],[2.181],[2.5095],[2.7262],[2.8381],[2.8286],[2.6881],[2.4762],[2.1738],[1.8595],[1.5286],[1.2381],[1.0024],[0.8214],[0.65],[0.4643],[0.2214],[-0.1048],[-0.531],[-1.0024],[-1.4738],[-1.9333],[-2.2929],[0.3214],[0.6262],[0.9905],[1.3786],[1.7524],[2.0857],[2.3738],[2.6238],[2.8333],[2.9714],[2.9952],[2.9],[2.6619],[2.3],[1.8571],[1.431],[1.05],[0.7881],[0.631],[0.55],[0.4667],[0.331],[0.0786],[-0.2833],[-0.719],[-1.1976],[-1.65],[0.681],[0.8024],[1.0214],[1.2833],[1.5214],[1.75],[1.9881],[2.2762],[2.6095],[2.9452],[3.231],[3.3333],[3.2143],[2.8571],[2.3262],[1.6929],[1.0857],[0.631],[0.369],[0.2881],[0.319],[0.3476],[0.3048],[0.1214],[-0.2],[-0.6214],[-1.0738],[0.6143],[0.6048],[0.7381],[0.9],[1.05],[1.181],[1.3548],[1.6381],[2.0524],[2.5619],[3.0857],[3.4643],[3.6095],[3.4452],[2.9905],[2.3238],[1.5905],[0.9429],[0.4929],[0.2786],[0.2595],[0.3143],[0.3119],[0.1667],[-0.1476],[-0.569],[-1.0048],[0.1429],[0.0333],[0.0786],[0.1905],[0.2738],[0.3381],[0.469],[0.7143],[1.1238],[1.6929],[2.3214],[2.9095],[3.3381],[3.4786],[3.3071],[2.8405],[2.1738],[1.4524],[0.869],[0.5143],[0.3952],[0.4],[0.3571],[0.1381],[-0.2714],[-0.7667],[-1.2143],[-0.519],[-0.7667],[-0.8381],[-0.8119],[-0.7571],[-0.6476],[-0.4595],[-0.1619],[0.2452],[0.7738],[1.3381],[1.9095],[2.4143],[2.7667],[2.8333],[2.5738],[2.0286],[1.35],[0.7548],[0.4262],[0.4119],[0.5762],[0.6714],[0.5333],[0.119],[-0.4357],[-0.8643],[-1.1476],[-1.5548],[-1.7548],[-1.7857],[-1.6929],[-1.4357],[-1.0381],[-0.5381],[-0.0143],[0.4524],[0.8524],[1.2119],[1.5476],[1.8],[1.8571],[1.6119],[1.0595],[0.3738],[-0.1452],[-0.25],[0.1],[0.7071],[1.2071],[1.3619],[1.1024],[0.6452],[0.2667],[-1.681],[-2.1571],[-2.3952],[-2.4167],[-2.1976],[-1.7381],[-1.1095],[-0.4095],[0.2048],[0.6429],[0.9071],[1.069],[1.1857],[1.2476],[1.1167],[0.6881],[-0.0429],[-0.8167],[-1.2619],[-1.1071],[-0.331],[0.7143],[1.6024],[2.0095],[1.919],[1.6071],[1.4],[-2.1881],[-2.5619],[-2.7095],[-2.6071],[-2.2643],[-1.6952],[-1],[-0.3405],[0.1595],[0.4929],[0.7],[0.8714],[1.0452],[1.1357],[0.9548],[0.3667],[-0.55],[-1.4571],[-1.8881],[-1.5714],[-0.5929],[0.6024],[1.5476],[1.931],[1.9],[1.7714],[1.8643],[-2.6286],[-2.8167],[-2.831],[-2.5976],[-2.1143],[-1.481],[-0.8786],[-0.4857],[-0.3548],[-0.3071],[-0.1762],[0.1905],[0.6952],[1.0929],[1.0667],[0.4643],[-0.5595],[-1.5571],[-1.9905],[-1.6405],[-0.6833],[0.3643],[1.0619],[1.3143],[1.3619],[1.581],[2.0952],[-2.8619],[-2.919],[-2.8833],[-2.55],[-1.8333],[-0.9286],[-0.2357],[-0.0595],[-0.3786],[-0.8095],[-0.9262],[-0.5262],[0.2357],[0.8738],[0.9643],[0.3262],[-0.7857],[-1.8238],[-2.2476],[-1.8714],[-1],[-0.1214],[0.4071],[0.6667],[1.0476],[1.7976],[2.8286],[-2.919],[-2.981],[-2.981],[-2.4929],[-1.3048],[0.2429],[1.4214],[1.6357],[0.9167],[-0.1167],[-0.7357],[-0.6167],[-0.0024],[0.5095],[0.3952],[-0.4762],[-1.7452],[-2.8],[-3.1238],[-2.6429],[-1.7238],[-0.8643],[-0.2571],[0.2738],[1.0976],[2.3286],[3.6167],[-3.1024],[-3.1857],[-3.1452],[-2.369],[-0.5333],[1.8071],[3.5762],[3.9405],[2.919],[1.3405],[0.1619],[-0.1857],[0.0095],[0.0762],[-0.481],[-1.6976],[-3.1048],[-4.0857],[-4.2476],[-3.6214],[-2.5643],[-1.5143],[-0.6143],[0.2214],[1.2024],[2.3381],[3.3452],[-3.4643],[-3.4167],[-3.1214],[-1.9381],[0.3286],[3.0381],[4.9619],[5.2238],[3.9643],[2.15],[0.7833],[0.231],[0.131],[-0.2143],[-1.1619],[-2.5833],[-4.0048],[-4.8667],[-4.9333],[-4.2262],[-3.0429],[-1.6929],[-0.3952],[0.6571],[1.3667],[1.6595],[1.6929],[-3.4024],[-2.9619],[-2.2524],[-0.9071],[1.1833],[3.3643],[4.6548],[4.5048],[3.2024],[1.6881],[0.7619],[0.4976],[0.3929],[-0.1143],[-1.2143],[-2.6524],[-3.9762],[-4.8048],[-4.9619],[-4.4286],[-3.2524],[-1.5571],[0.2619],[1.619],[1.8214],[0.8619],[-0.5048],[-2.1905],[-1.25],[-0.3071],[0.7286],[1.8405],[2.7357],[2.9405],[2.3381],[1.369],[0.6905],[0.6],[0.7929],[0.7714],[0.1833],[-0.9238],[-2.2524],[-3.5048],[-4.4357],[-4.8738],[-4.6476],[-3.5571],[-1.5548],[0.8333],[2.5286],[2.4167],[0.3548],[-2.35],[0.0143],[1.1405],[1.8786],[2.1048],[1.9786],[1.5333],[0.8476],[0.1833],[-0.1],[0.1952],[0.7738],[1.1286],[0.881],[0.0857],[-1.0095],[-2.2024],[-3.3786],[-4.3857],[-4.969],[-4.8333],[-3.7143],[-1.6214],[0.9357],[2.781],[2.5667],[-0.0119],[-3.5262],[2.0595],[2.7452],[2.7929],[2.2167],[1.2738],[0.2357],[-0.5881],[-0.8619],[-0.4],[0.519],[1.2429],[1.219],[0.45],[-0.6476],[-1.7095],[-2.6857],[-3.669],[-4.4857],[-4.7333],[-4.1524],[-2.8167],[-0.9905],[0.9476],[2.2881],[1.9905],[-0.3762],[-3.8405],[2.9095],[2.6429],[1.8976],[0.95],[0.0643],[-0.6071],[-0.9119],[-0.6357],[0.2],[1.1857],[1.5929],[1.0333],[-0.1762],[-1.4119],[-2.3167],[-3.0119],[-3.6595],[-4.0167],[-3.5429],[-2.2333],[-0.6667],[0.4738],[1.0643],[1.2524],[0.8595],[-0.6857],[-3.25],[2.5238],[1.3429],[0.1762],[-0.5905],[-0.8548],[-0.7786],[-0.5024],[0.0238],[0.781],[1.4286],[1.4571],[0.6786],[-0.5286],[-1.569],[-2.1929],[-2.5905],[-2.9],[-2.8143],[-1.8238],[-0.0976],[1.3548],[1.569],[0.6833],[-0.3095],[-0.769],[-1.181],[-2.3738],[1.6095],[0.1571],[-0.9738],[-1.4071],[-1.231],[-0.7786],[-0.3381],[0.0905],[0.4905],[0.7238],[0.5548],[-0.0238],[-0.7619],[-1.3524],[-1.6905],[-1.8952],[-1.9976],[-1.7643],[-0.85],[0.5381],[1.4381],[0.9357],[-0.7643],[-2.3524],[-2.7643],[-2.3262],[-2.3524],[0.7286],[-0.3548],[-1.1762],[-1.5571],[-1.5714],[-1.3738],[-1.0905],[-0.8143],[-0.6667],[-0.7548],[-0.9952],[-1.2262],[-1.4048],[-1.5571],[-1.7405],[-1.9024],[-2.0119],[-1.9143],[-1.5286],[-0.9071],[-0.5405],[-1.0929],[-2.5381],[-3.9452],[-4.3571],[-3.8357],[-3.419]]}]