html/data/WT_pct09_ind_wt_9_5.json
[{"header":{"disciplineName":["Meteorological products"],"parameterCategory":[0],"parameterCategoryName":["Temperature"],"parameterNumberName":["Temperature"],"parameterNumber":[0],"parameterUnits":["K"],"refTime":["2017-03-17T0000:00.000Z"],"numberPoints":[621],"nx":[27],"ny":[23],"lo1":[-20],"la1":[70],"lo2":[45],"la2":[45],"dx":[2.5],"dy":[2.5]},"data":[[-3.8668],[-3.3031],[-2.781],[-2.2942],[-1.8633],[-1.4633],[-1.1084],[-0.7774],[-0.4721],[-0.2013],[0.0456],[0.2465],[0.4208],[0.5403],[0.6022],[0.6243],[0.5942],[0.5226],[0.4217],[0.3004],[0.1695],[0.0341],[-0.0907],[-0.2084],[-0.3155],[-0.4243],[-0.5376],[-2.0367],[-1.719],[-1.4252],[-1.1155],[-0.8013],[-0.4588],[-0.0881],[0.2624],[0.6146],[0.9376],[1.2013],[1.4058],[1.542],[1.6058],[1.5996],[1.5385],[1.4208],[1.2783],[1.1093],[0.9323],[0.7633],[0.6164],[0.4819],[0.3739],[0.2819],[0.1996],[0.1243],[-0.1659],[-0.1358],[-0.0765],[0.0535],[0.2633],[0.55],[0.8969],[1.2562],[1.6084],[1.9164],[2.1562],[2.3119],[2.396],[2.4155],[2.3588],[2.2739],[2.1571],[2.0296],[1.896],[1.7465],[1.6084],[1.4633],[1.3252],[1.1907],[1.0562],[0.9341],[0.8252],[1.3235],[1.1969],[1.1279],[1.1695],[1.3235],[1.5633],[1.8606],[2.1863],[2.4757],[2.7358],[2.9412],[3.0748],[3.1518],[3.1978],[3.2102],[3.1872],[3.1562],[3.1049],[3.0252],[2.9102],[2.765],[2.5792],[2.3801],[2.1633],[1.9571],[1.7774],[1.6093],[2.3367],[2.2385],[2.2137],[2.2677],[2.4084],[2.6084],[2.8509],[3.0934],[3.3314],[3.5473],[3.7314],[3.9013],[4.0447],[4.1659],[4.2491],[4.2881],[4.2765],[4.2119],[4.0854],[3.8978],[3.6695],[3.3916],[3.1155],[2.8721],[2.6668],[2.5235],[2.427],[3.2827],[3.319],[3.3836],[3.481],[3.6173],[3.7695],[3.9509],[4.1429],[4.3367],[4.5305],[4.7358],[4.9358],[5.1066],[5.2358],[5.3004],[5.2774],[5.1695],[4.9907],[4.7571],[4.4765],[4.1748],[3.8686],[3.6075],[3.4155],[3.3199],[3.3217],[3.3987],[4.5633],[4.6509],[4.7058],[4.7765],[4.8482],[4.9748],[5.1358],[5.327],[5.5314],[5.7341],[5.9296],[6.1013],[6.2102],[6.2473],[6.1836],[6.0385],[5.835],[5.6111],[5.3898],[5.1757],[4.9704],[4.765],[4.5951],[4.4934],[4.4668],[4.5252],[4.6473],[6.035],[6.0137],[5.9633],[5.9243],[5.9473],[6.0677],[6.2677],[6.5235],[6.7659],[6.9819],[7.1544],[7.2527],[7.2783],[7.1969],[7.0279],[6.8137],[6.6226],[6.5119],[6.4704],[6.4571],[6.4367],[6.3677],[6.2668],[6.1686],[6.0969],[6.0677],[6.0792],[7.3217],[7.1695],[7.0358],[6.9615],[7.0049],[7.1562],[7.4013],[7.6801],[7.9456],[8.1783],[8.3429],[8.4509],[8.4473],[8.3394],[8.1305],[7.9004],[7.7518],[7.719],[7.7659],[7.8314],[7.8394],[7.7606],[7.6518],[7.5527],[7.4819],[7.4323],[7.4155],[8.3765],[8.2429],[8.2066],[8.2624],[8.3996],[8.5889],[8.8181],[9.0597],[9.2889],[9.5119],[9.704],[9.865],[9.9305],[9.858],[9.6235],[9.3261],[9.0686],[8.9119],[8.8208],[8.6827],[8.4925],[8.3093],[8.2376],[8.327],[8.5049],[8.6615],[8.7827],[9.4022],[9.458],[9.681],[9.9597],[10.2367],[10.4677],[10.6615],[10.8456],[11.0128],[11.181],[11.3482],[11.5288],[11.6394],[11.5721],[11.2898],[10.8571],[10.4376],[10.1164],[9.8544],[9.5606],[9.2465],[9.104],[9.3164],[9.865],[10.4801],[10.8748],[10.9615],[10.5058],[10.7615],[11.1978],[11.642],[12.0155],[12.3367],[12.6102],[12.8544],[13.0173],[13.104],[13.142],[13.204],[13.2438],[13.1341],[12.7854],[12.2934],[11.8553],[11.6447],[11.5801],[11.5208],[11.4872],[11.6978],[12.4119],[13.5323],[14.5659],[14.9774],[14.6341],[11.6235],[11.9367],[12.365],[12.8111],[13.2757],[13.7916],[14.3509],[14.842],[15.1155],[15.1004],[14.9243],[14.7642],[14.6527],[14.458],[14.065],[13.5739],[13.2783],[13.4031],[13.8438],[14.3456],[14.8128],[15.4881],[16.6872],[18.281],[19.6394],[20.0925],[19.4429],[12.7597],[12.9801],[13.2597],[13.6845],[14.3288],[15.1987],[16.1668],[16.9686],[17.358],[17.2562],[16.8544],[16.4606],[16.1748],[15.8695],[15.3721],[14.7836],[14.4978],[14.7854],[15.542],[16.4013],[17.1562],[18.0827],[19.5288],[21.4128],[23.1376],[24.0137],[23.8792],[13.9394],[14.0721],[14.3332],[14.9367],[15.9757],[17.2845],[18.5827],[19.5243],[19.8739],[19.6518],[19.1013],[18.5491],[18.1164],[17.6288],[16.9119],[16.0765],[15.5243],[15.5916],[16.1668],[16.8695],[17.5358],[18.4686],[20.0403],[22.1473],[24.1987],[25.6412],[26.527],[15.1296],[15.3624],[15.8704],[16.9155],[18.435],[20.0792],[21.4058],[22.1748],[22.3252],[21.9969],[21.4412],[20.8403],[20.2571],[19.5438],[18.5889],[17.542],[16.7385],[16.4518],[16.5774],[16.8633],[17.327],[18.3739],[20.2721],[22.6615],[24.742],[26.1323],[27.2996],[16.4535],[16.965],[17.8456],[19.2615],[21.0226],[22.6429],[23.7075],[24.1314],[24.0854],[23.8102],[23.4075],[22.8748],[22.1367],[21.1916],[20.1217],[19.0951],[18.3385],[17.9358],[17.7757],[17.7783],[18.2323],[19.6686],[22.1739],[24.9535],[26.8137],[27.3323],[27.3978],[18.1863],[19.0137],[20.0774],[21.4544],[22.942],[24.1765],[24.8615],[25.0509],[25.019],[24.9898],[24.8872],[24.4571],[23.5863],[22.4473],[21.35],[20.527],[20.0075],[19.7093],[19.5066],[19.4819],[20.0845],[21.8819],[24.8801],[28.0084],[29.75],[29.4332],[28.0261],[20.2509],[21.2571],[22.204],[23.1217],[23.9987],[24.7323],[25.2022],[25.4341],[25.6341],[25.9128],[26.0677],[25.7137],[24.7411],[23.4934],[22.4217],[21.7252],[21.3367],[21.1084],[20.9801],[21.0863],[21.7686],[23.4712],[26.2465],[29.3084],[31.2031],[31.0004],[29.2456],[21.842],[22.8314],[23.5323],[23.9518],[24.3102],[24.7792],[25.2942],[25.7341],[26.1385],[26.5765],[26.8128],[26.4925],[25.5633],[24.4004],[23.4704],[22.8801],[22.4765],[22.2049],[22.2022],[22.5394],[23.2261],[24.3438],[26.1049],[28.3491],[30.2535],[30.881],[30.096],[22.1049],[22.9093],[23.4102],[23.627],[23.8792],[24.3827],[25.0367],[25.5907],[25.9987],[26.3615],[26.573],[26.3695],[25.7181],[24.9624],[24.4456],[24.1128],[23.7606],[23.4925],[23.642],[24.2553],[24.9633],[25.4403],[25.9491],[26.9261],[28.3049],[29.4412],[29.7031],[21.0659],[21.5951],[21.981],[22.273],[22.6748],[23.3066],[23.9712],[24.4128],[24.65],[24.8783],[25.1296],[25.2075],[25.0571],[24.9155],[24.9491],[25.0084],[24.8695],[24.7049],[24.9235],[25.5898],[26.2181],[26.3642],[26.1916],[26.2854],[26.9332],[27.765],[28.158],[19.6075],[19.8385],[20.1164],[20.4854],[20.9978],[21.6128],[22.1385],[22.3836],[22.4792],[22.6739],[23.0288],[23.4332],[23.7765],[24.1332],[24.527],[24.7934],[24.8235],[24.7659],[24.8934],[25.2243],[25.496],[25.5482],[25.5527],[25.7411],[26.1137],[26.3863],[26.2456]]},{"header":{"disciplineName":["Meteorological products"],"parameterCategory":[2],"parameterCategoryName":["u-component of wind"],"parameterNumberName":["u-component of wind"],"parameterNumber":[2],"parameterUnits":["m s-1"],"refTime":["2017-03-17T0000:00.000Z"],"numberPoints":[621],"nx":[27],"ny":[23],"lo1":[-20],"la1":[70],"lo2":[45],"la2":[45],"dx":[2.5],"dy":[2.5]},"data":[[1.9327],[2.1363],[2.3469],[2.5496],[2.7655],[3.0301],[3.3575],[3.7363],[4.1761],[4.6584],[5.1496],[5.5841],[5.9372],[6.1876],[6.3221],[6.3549],[6.3168],[6.2327],[6.1363],[6.054],[5.9832],[5.9159],[5.8416],[5.754],[5.6283],[5.4743],[5.3053],[2.4912],[2.877],[3.1929],[3.4619],[3.6735],[3.8956],[4.1372],[4.4487],[4.8327],[5.2646],[5.708],[6.0823],[6.346],[6.4522],[6.4133],[6.2354],[5.985],[5.7071],[5.4664],[5.2805],[5.1363],[5.0274],[4.9204],[4.7805],[4.5903],[4.3566],[4.1204],[3.5451],[3.9858],[4.3407],[4.5841],[4.7372],[4.8381],[4.9389],[5.0717],[5.2726],[5.5195],[5.769],[5.9673],[6.0372],[5.9575],[5.7212],[5.3761],[4.9867],[4.6221],[4.3327],[4.1469],[4.031],[3.9628],[3.8903],[3.7735],[3.6044],[3.4018],[3.1814],[4.954],[5.3239],[5.6133],[5.8027],[5.877],[5.8549],[5.7708],[5.6841],[5.6204],[5.6],[5.592],[5.5575],[5.4619],[5.277],[5.0195],[4.723],[4.4451],[4.2283],[4.0841],[4.0142],[3.9646],[3.9292],[3.8469],[3.7265],[3.5779],[3.4301],[3.3062],[6.5602],[6.7442],[6.8956],[6.9788],[6.9673],[6.8389],[6.6168],[6.3522],[6.077],[5.8327],[5.6212],[5.4274],[5.2513],[5.0796],[4.9434],[4.8708],[4.8637],[4.9239],[4.9965],[5.0389],[5.0062],[4.8885],[4.708],[4.5044],[4.3398],[4.2566],[4.2796],[8.0248],[7.9814],[7.9239],[7.8354],[7.6929],[7.4708],[7.1885],[6.8814],[6.5796],[6.3018],[6.0619],[5.8425],[5.6398],[5.4841],[5.3991],[5.4204],[5.5434],[5.7115],[5.8566],[5.8965],[5.8186],[5.6142],[5.3752],[5.1646],[5.0735],[5.1257],[5.3239],[8.977],[8.6876],[8.3832],[8.0858],[7.7938],[7.5186],[7.2655],[7.0478],[6.8876],[6.7885],[6.6965],[6.5708],[6.3867],[6.1469],[5.9133],[5.7496],[5.677],[5.6655],[5.6584],[5.5956],[5.4566],[5.3142],[5.2168],[5.2354],[5.3867],[5.6496],[6.0053],[9.2814],[8.7478],[8.2257],[7.7894],[7.4593],[7.2177],[7.0381],[6.931],[6.8885],[6.9301],[6.985],[6.9752],[6.8283],[6.5283],[6.1336],[5.7345],[5.4],[5.1283],[4.9018],[4.6965],[4.5575],[4.5389],[4.7097],[5.0478],[5.4796],[5.9142],[6.2929],[8.985],[8.285],[7.7168],[7.3416],[7.1549],[7.0531],[6.9372],[6.792],[6.6319],[6.5186],[6.4752],[6.4283],[6.3221],[6.0894],[5.777],[5.4434],[5.1283],[4.8451],[4.554],[4.2761],[4.0929],[4.1159],[4.4177],[4.931],[5.5009],[5.9611],[6.2522],[8.1265],[7.4938],[7.0796],[6.9389],[6.9761],[7.0372],[6.9611],[6.6752],[6.2239],[5.7451],[5.3593],[5.0929],[4.9301],[4.831],[4.7646],[4.7496],[4.7451],[4.685],[4.5124],[4.2451],[4.0018],[3.9575],[4.1973],[4.6743],[5.2204],[5.6487],[5.885],[6.877],[6.5292],[6.3434],[6.3398],[6.4646],[6.6018],[6.6035],[6.3673],[5.8867],[5.269],[4.6646],[4.1885],[3.8867],[3.7425],[3.7442],[3.8496],[3.9796],[4.0513],[3.9779],[3.7858],[3.5726],[3.5035],[3.6646],[4.0363],[4.4708],[4.8566],[5.1619],[5.5345],[5.485],[5.3858],[5.292],[5.2885],[5.4354],[5.6903],[5.8929],[5.915],[5.7071],[5.3257],[4.8779],[4.4513],[4.0805],[3.7779],[3.5336],[3.3301],[3.1611],[3.0097],[2.8761],[2.8097],[2.8743],[3.0637],[3.3336],[3.5956],[3.8336],[4.1062],[4.3221],[4.3876],[4.2611],[4.0478],[3.9867],[4.269],[4.8938],[5.6646],[6.3204],[6.7142],[6.7903],[6.6142],[6.2301],[5.6735],[4.9885],[4.2389],[3.5265],[2.9566],[2.6],[2.469],[2.5363],[2.7469],[3.0071],[3.2142],[3.2752],[3.2071],[3.1522],[3.1991],[3.2796],[3.2885],[3.3451],[3.6168],[4.1938],[4.9894],[5.8168],[6.4814],[6.9389],[7.2071],[7.3053],[7.1717],[6.7575],[6.0584],[5.2071],[4.3628],[3.6752],[3.2407],[3.0531],[3.0965],[3.3124],[3.6354],[3.9416],[4.0195],[3.7363],[3.1832],[2.2442],[2.4761],[2.9425],[3.6363],[4.4451],[5.1664],[5.6044],[5.6779],[5.5186],[5.3743],[5.446],[5.7088],[5.9354],[5.9283],[5.6354],[5.1947],[4.7593],[4.408],[4.131],[3.9292],[3.8327],[3.9779],[4.4212],[5.0584],[5.554],[5.4735],[4.6336],[1.892],[2.4292],[3.3327],[4.4142],[5.308],[5.6442],[5.2832],[4.3717],[3.3283],[2.6292],[2.531],[2.9248],[3.4204],[3.7115],[3.7956],[3.8381],[3.9628],[4.1142],[4.1549],[4.0655],[3.9956],[4.1814],[4.7938],[5.7558],[6.6903],[6.9885],[6.2292],[2.2336],[2.9283],[3.777],[4.4646],[4.6416],[4.146],[3.115],[1.9],[0.892],[0.3903],[0.4885],[0.9416],[1.3761],[1.5699],[1.6257],[1.815],[2.2389],[2.7434],[3.1204],[3.3752],[3.6584],[4.0965],[4.7142],[5.4354],[6.0664],[6.2894],[5.7673],[2.3522],[2.8372],[3.1044],[2.8673],[2.0363],[0.8788],[-0.1009],[-0.6062],[-0.6478],[-0.4257],[-0.1115],[0.1292],[0.1549],[-0.0265],[-0.1796],[-0.0204],[0.5071],[1.2168],[1.9327],[2.6619],[3.4743],[4.2009],[4.4717],[4.1699],[3.5566],[2.9956],[2.6071],[0.8699],[0.946],[0.6558],[-0.1788],[-1.4097],[-2.469],[-2.7513],[-2.1796],[-1.2451],[-0.5912],[-0.4832],[-0.7513],[-1.1221],[-1.4071],[-1.4478],[-1.0929],[-0.3451],[0.5761],[1.5265],[2.5566],[3.6451],[4.3531],[4.0407],[2.5381],[0.5504],[-0.8858],[-1.215],[-2.5991],[-2.7646],[-3.0965],[-3.6708],[-4.3602],[-4.692],[-4.2478],[-3.0982],[-1.9522],[-1.5274],[-1.869],[-2.4584],[-2.7319],[-2.5513],[-2.008],[-1.1841],[-0.1611],[0.8858],[1.8097],[2.6292],[3.3646],[3.6283],[2.8354],[0.8496],[-1.5274],[-3.1097],[-3.3035],[-6.8204],[-6.9761],[-6.9575],[-6.7681],[-6.5381],[-6.1823],[-5.5195],[-4.5929],[-3.8876],[-3.8372],[-4.2903],[-4.5752],[-4.2248],[-3.2965],[-2.1903],[-1.0991],[-0.0549],[0.8336],[1.3796],[1.5699],[1.5159],[1.185],[0.3434],[-1.0814],[-2.5903],[-3.485],[-3.4735],[-9.9496],[-10.085],[-9.8354],[-9.1628],[-8.4044],[-7.8788],[-7.5619],[-7.2708],[-7.0619],[-7.0726],[-7.1345],[-6.7929],[-5.8177],[-4.5204],[-3.3584],[-2.4743],[-1.7717],[-1.2814],[-1.1761],[-1.5159],[-2.0699],[-2.5646],[-2.9398],[-3.246],[-3.4381],[-3.4274],[-3.2788],[-10.7708],[-11.1009],[-11.0593],[-10.5062],[-9.8726],[-9.654],[-9.8743],[-10.1575],[-10.2779],[-10.2159],[-9.946],[-9.3027],[-8.2947],[-7.2265],[-6.4257],[-5.9159],[-5.5602],[-5.3584],[-5.4327],[-5.7319],[-5.9947],[-5.9345],[-5.5319],[-4.8965],[-4.2009],[-3.6478],[-3.3434]]},{"header":{"disciplineName":["Meteorological products"],"parameterCategory":[2],"parameterCategoryName":["v-component of wind"],"parameterNumberName":["v-component of wind"],"parameterNumber":[3],"parameterUnits":["m s-1"],"refTime":["2017-03-17T0000:00.000Z"],"numberPoints":[621],"nx":[27],"ny":[23],"lo1":[-20],"la1":[70],"lo2":[45],"la2":[45],"dx":[2.5],"dy":[2.5]},"data":[[-1.3796],[-0.9345],[-0.3938],[0.2186],[0.8522],[1.4867],[2.0788],[2.5885],[2.9858],[3.2513],[3.3575],[3.3124],[3.1221],[2.831],[2.4796],[2.0965],[1.7345],[1.3929],[1.0912],[0.8257],[0.5867],[0.369],[0.1788],[0.008],[-0.1283],[-0.2637],[-0.3832],[-0.369],[0.0221],[0.4779],[0.9912],[1.5425],[2.1292],[2.7168],[3.2522],[3.6832],[3.9584],[4.0301],[3.8858],[3.5611],[3.0973],[2.5708],[2.0327],[1.5469],[1.1274],[0.7894],[0.5027],[0.2504],[0.0204],[-0.1885],[-0.3602],[-0.4965],[-0.5867],[-0.646],[0.6177],[0.8673],[1.1735],[1.5239],[1.9407],[2.4257],[2.9451],[3.4584],[3.8814],[4.1186],[4.1292],[3.8681],[3.385],[2.7513],[2.0655],[1.4336],[0.9071],[0.5088],[0.231],[0.0221],[-0.1531],[-0.3204],[-0.4823],[-0.6292],[-0.7301],[-0.7805],[-0.7823],[1.1779],[1.3389],[1.5478],[1.8],[2.1044],[2.4788],[2.9009],[3.3345],[3.6805],[3.8584],[3.7876],[3.4619],[2.9071],[2.2115],[1.4965],[0.8602],[0.369],[0.023],[-0.1973],[-0.3496],[-0.4761],[-0.6088],[-0.7363],[-0.8372],[-0.8947],[-0.8894],[-0.8593],[1.3204],[1.4912],[1.6965],[1.9097],[2.1336],[2.3929],[2.6717],[2.9531],[3.1858],[3.2867],[3.1947],[2.9062],[2.4434],[1.8814],[1.3133],[0.7982],[0.3761],[0.0416],[-0.231],[-0.4823],[-0.7195],[-0.9265],[-1.0788],[-1.1425],[-1.1177],[-1.0133],[-0.8973],[1.2708],[1.4372],[1.6124],[1.7673],[1.892],[2.0177],[2.1549],[2.3027],[2.431],[2.492],[2.4451],[2.2788],[2.0071],[1.6832],[1.3496],[1.0177],[0.6823],[0.315],[-0.0823],[-0.5],[-0.9071],[-1.2345],[-1.4257],[-1.4319],[-1.2735],[-1.0071],[-0.7186],[1.0389],[1.0708],[1.1195],[1.1575],[1.2115],[1.2956],[1.4221],[1.5814],[1.7372],[1.8381],[1.8372],[1.7398],[1.5735],[1.3726],[1.1655],[0.9319],[0.6522],[0.2965],[-0.1345],[-0.6027],[-1.0363],[-1.3646],[-1.4956],[-1.4018],[-1.0973],[-0.6451],[-0.1717],[0.4248],[0.2558],[0.1823],[0.2265],[0.3699],[0.6071],[0.9204],[1.2584],[1.5487],[1.715],[1.7115],[1.5558],[1.2832],[0.977],[0.6823],[0.4009],[0.1177],[-0.1973],[-0.5319],[-0.8442],[-1.085],[-1.2035],[-1.1708],[-0.9504],[-0.5425],[0.0018],[0.5611],[-0.5929],[-0.8133],[-0.785],[-0.5204],[-0.1],[0.3858],[0.8903],[1.3602],[1.7186],[1.8982],[1.8425],[1.5655],[1.1513],[0.6894],[0.2646],[-0.1159],[-0.4699],[-0.7743],[-1.0088],[-1.1177],[-1.085],[-0.915],[-0.6381],[-0.277],[0.1681],[0.6743],[1.1593],[-1.6292],[-1.6646],[-1.3071],[-0.692],[-0.0221],[0.5637],[1],[1.3195],[1.5186],[1.5832],[1.4841],[1.2425],[0.9044],[0.5354],[0.1593],[-0.2336],[-0.6522],[-1.0265],[-1.2805],[-1.308],[-1.0646],[-0.631],[-0.1044],[0.4239],[0.9248],[1.3416],[1.6434],[-2.2522],[-2],[-1.3239],[-0.4805],[0.2566],[0.6965],[0.8575],[0.8186],[0.7124],[0.5894],[0.4929],[0.4257],[0.3823],[0.3248],[0.1743],[-0.1504],[-0.6363],[-1.1354],[-1.4504],[-1.4115],[-1.015],[-0.3646],[0.3832],[1.1062],[1.7195],[2.146],[2.3133],[-2.3345],[-1.9487],[-1.2257],[-0.3912],[0.308],[0.6956],[0.7221],[0.4814],[0.1274],[-0.1912],[-0.3681],[-0.3584],[-0.2097],[-0.0779],[-0.1487],[-0.5195],[-1.0991],[-1.6239],[-1.823],[-1.5717],[-0.9398],[-0.1177],[0.7469],[1.5487],[2.2496],[2.7858],[3.046],[-2.0912],[-1.8681],[-1.3549],[-0.5965],[0.2575],[0.9478],[1.2513],[1.0965],[0.6195],[0.0416],[-0.4009],[-0.5938],[-0.615],[-0.6761],[-1.0035],[-1.6265],[-2.315],[-2.7097],[-2.5416],[-1.8496],[-0.8956],[0.0619],[0.8628],[1.5221],[2.1097],[2.6664],[3.1301],[-1.8212],[-1.8752],[-1.5699],[-0.708],[0.5788],[1.8106],[2.4858],[2.4],[1.7221],[0.8389],[0.0832],[-0.4283],[-0.8106],[-1.308],[-2.0805],[-3.0168],[-3.7673],[-3.9142],[-3.3159],[-2.1929],[-0.9195],[0.1646],[0.9283],[1.3611],[1.569],[1.7345],[2.0743],[-1.5593],[-1.7301],[-1.3699],[-0.1947],[1.4991],[2.9779],[3.5735],[3.1593],[2.1558],[1.1257],[0.3558],[-0.2168],[-0.8327],[-1.7097],[-2.8336],[-3.9496],[-4.6593],[-4.6257],[-3.8425],[-2.5425],[-1.069],[0.3354],[1.4487],[1.9478],[1.654],[0.8735],[0.3434],[-1.1018],[-1.0876],[-0.4549],[0.9407],[2.6062],[3.6735],[3.5779],[2.5637],[1.3947],[0.6602],[0.3779],[0.0699],[-0.6487],[-1.7965],[-3.1115],[-4.2018],[-4.7903],[-4.7611],[-4.1265],[-3],[-1.3876],[0.6221],[2.5708],[3.5664],[2.877],[0.8009],[-1.2115],[-0.254],[0.0708],[0.854],[2.0602],[3.1531],[3.3566],[2.4558],[1.0929],[0.2319],[0.2699],[0.6735],[0.5708],[-0.3973],[-1.8929],[-3.2717],[-4.2088],[-4.6522],[-4.7274],[-4.4027],[-3.4841],[-1.7106],[0.9142],[3.6858],[5.1752],[4.1805],[1.0159],[-2.3044],[0.8416],[1.2726],[1.8009],[2.3876],[2.6876],[2.2195],[1.0398],[-0.0487],[-0.185],[0.608],[1.3549],[1.0248],[-0.4876],[-2.3372],[-3.6637],[-4.2788],[-4.5372],[-4.6655],[-4.454],[-3.5027],[-1.546],[1.2487],[4.0071],[5.3212],[4.0239],[0.469],[-3.1779],[1.6885],[1.8894],[1.8354],[1.7212],[1.5186],[1.0257],[0.2991],[-0.0938],[0.3805],[1.4035],[1.8823],[0.9841],[-1],[-2.8929],[-3.8611],[-4.0451],[-4.1009],[-4.1885],[-3.8283],[-2.5708],[-0.5088],[1.7487],[3.4106],[3.708],[2.1142],[-0.9142],[-3.7469],[1.8788],[1.7044],[1.1257],[0.6301],[0.4743],[0.515],[0.5478],[0.7159],[1.2584],[1.8876],[1.7876],[0.4973],[-1.4345],[-2.8726],[-3.2487],[-3.0363],[-2.9726],[-3.0292],[-2.4903],[-0.9664],[0.9071],[2.146],[2.2168],[1.3053],[-0.2549],[-2.115],[-3.5894],[1.523],[1.154],[0.3876],[-0.0929],[0.1062],[0.7292],[1.2487],[1.5035],[1.6283],[1.6168],[1.1381],[0.0071],[-1.3274],[-2.0602],[-1.9611],[-1.6009],[-1.5805],[-1.6973],[-1.1841],[0.1637],[1.4637],[1.6327],[0.5389],[-0.9177],[-1.9248],[-2.4416],[-2.8531],[1.0947],[0.8],[0.1504],[-0.1655],[0.2292],[1.0124],[1.5336],[1.5265],[1.1752],[0.7593],[0.2726],[-0.3513],[-0.9602],[-1.208],[-1.0372],[-0.8204],[-0.9035],[-1.0646],[-0.7903],[-0.0372],[0.4248],[-0.1637],[-1.5487],[-2.6796],[-2.8478],[-2.4619],[-2.4336],[0.8593],[0.7407],[0.2513],[-0.023],[0.2088],[0.6929],[0.9274],[0.7159],[0.2204],[-0.2655],[-0.6053],[-0.8398],[-1.0283],[-1.1664],[-1.2416],[-1.3177],[-1.4416],[-1.5425],[-1.4566],[-1.2726],[-1.4442],[-2.2469],[-3.277],[-3.7637],[-3.4336],[-2.8929],[-2.9239]]}]