html/data/WT_pct09_ind_wt_11_2.json
[{"header":{"disciplineName":["Meteorological products"],"parameterCategory":[0],"parameterCategoryName":["Temperature"],"parameterNumberName":["Temperature"],"parameterNumber":[0],"parameterUnits":["K"],"refTime":["2017-03-17T0000:00.000Z"],"numberPoints":[621],"nx":[27],"ny":[23],"lo1":[-20],"la1":[70],"lo2":[45],"la2":[45],"dx":[2.5],"dy":[2.5]},"data":[[-11.667],[-10.6777],[-9.8085],[-9.0468],[-8.4191],[-7.8947],[-7.4755],[-7.1266],[-6.8511],[-6.6436],[-6.4989],[-6.3989],[-6.367],[-6.3745],[-6.4032],[-6.4574],[-6.5287],[-6.5979],[-6.683],[-6.7734],[-6.8798],[-7.0234],[-7.2202],[-7.4894],[-7.816],[-8.2223],[-8.6926],[-8.1383],[-7.584],[-7.1702],[-6.8543],[-6.5809],[-6.3319],[-6.0745],[-5.8138],[-5.5574],[-5.3319],[-5.1564],[-5.0553],[-5.0543],[-5.1298],[-5.2723],[-5.4702],[-5.6798],[-5.8851],[-6.0872],[-6.2649],[-6.4213],[-6.5872],[-6.7681],[-6.9872],[-7.2649],[-7.6266],[-8.0489],[-4.8734],[-4.7904],[-4.8149],[-4.8681],[-4.8851],[-4.8362],[-4.6957],[-4.4734],[-4.2351],[-3.9957],[-3.8404],[-3.784],[-3.8585],[-4.0479],[-4.3202],[-4.6362],[-4.9638],[-5.2787],[-5.5691],[-5.8074],[-6.0223],[-6.2223],[-6.4191],[-6.6309],[-6.8787],[-7.1809],[-7.5457],[-2.8021],[-2.8713],[-3.016],[-3.1755],[-3.2766],[-3.3085],[-3.2383],[-3.1011],[-2.9383],[-2.8213],[-2.7894],[-2.8574],[-3.0394],[-3.3043],[-3.6138],[-3.9277],[-4.234],[-4.5096],[-4.7713],[-5.0234],[-5.2713],[-5.5362],[-5.8074],[-6.0809],[-6.3681],[-6.6809],[-7.017],[-1.8096],[-1.6415],[-1.5766],[-1.5872],[-1.6287],[-1.6755],[-1.6989],[-1.7011],[-1.7128],[-1.7723],[-1.9064],[-2.1223],[-2.3979],[-2.6968],[-2.9723],[-3.2117],[-3.4191],[-3.6096],[-3.8149],[-4.0755],[-4.3947],[-4.7457],[-5.1191],[-5.4798],[-5.8298],[-6.1489],[-6.4638],[-0.9691],[-0.517],[-0.2149],[-0.084],[-0.0862],[-0.1734],[-0.2798],[-0.3894],[-0.5191],[-0.6968],[-0.933],[-1.2351],[-1.566],[-1.8862],[-2.1606],[-2.3894],[-2.5851],[-2.7979],[-3.0628],[-3.3947],[-3.7851],[-4.1989],[-4.5979],[-4.9585],[-5.2649],[-5.5436],[-5.7968],[0.2394],[0.7053],[0.9734],[1.0383],[0.9872],[0.8755],[0.7596],[0.6585],[0.5298],[0.3532],[0.0894],[-0.2436],[-0.6191],[-0.983],[-1.3096],[-1.6074],[-1.8926],[-2.2021],[-2.5521],[-2.9394],[-3.334],[-3.6968],[-4.0053],[-4.2372],[-4.417],[-4.5936],[-4.7755],[1.6606],[1.8404],[1.8574],[1.7819],[1.6755],[1.583],[1.5372],[1.4851],[1.383],[1.1798],[0.8702],[0.4894],[0.0787],[-0.3255],[-0.6819],[-1.0043],[-1.3138],[-1.616],[-1.9298],[-2.234],[-2.5149],[-2.7309],[-2.8851],[-3.0011],[-3.1053],[-3.2266],[-3.4011],[2.9596],[2.8564],[2.6883],[2.5553],[2.484],[2.4713],[2.4362],[2.3489],[2.1479],[1.834],[1.4404],[1.0266],[0.6319],[0.2734],[-0.0415],[-0.3181],[-0.5596],[-0.7638],[-0.933],[-1.0574],[-1.1457],[-1.217],[-1.2968],[-1.4064],[-1.5543],[-1.7319],[-1.9309],[4.1383],[3.933],[3.7691],[3.7032],[3.7021],[3.6862],[3.584],[3.3415],[3.0011],[2.6202],[2.2723],[1.9713],[1.7064],[1.4309],[1.1447],[0.8468],[0.567],[0.366],[0.2617],[0.2585],[0.317],[0.3681],[0.3372],[0.1968],[-0.0138],[-0.2383],[-0.4213],[5.2606],[5.084],[4.9926],[4.9894],[4.9766],[4.8787],[4.6309],[4.2904],[3.9553],[3.7266],[3.6351],[3.6181],[3.5521],[3.3415],[2.9479],[2.4489],[1.9394],[1.5564],[1.3713],[1.3894],[1.5585],[1.7681],[1.9053],[1.8915],[1.7596],[1.5851],[1.4372],[6.2255],[6.0883],[6.017],[5.9915],[5.9255],[5.7298],[5.4213],[5.1128],[4.9394],[5.0032],[5.2436],[5.4968],[5.5777],[5.334],[4.7862],[4.0489],[3.3245],[2.7926],[2.5351],[2.5809],[2.8734],[3.2989],[3.6904],[3.9468],[4.034],[4.0106],[3.9266],[6.9809],[6.8606],[6.7862],[6.7351],[6.634],[6.4521],[6.2064],[6.0223],[6.0138],[6.2415],[6.6213],[6.95],[7.0468],[6.7787],[6.183],[5.4372],[4.7426],[4.2819],[4.1223],[4.2564],[4.6351],[5.1617],[5.7128],[6.1479],[6.4266],[6.6096],[6.716],[7.7032],[7.6053],[7.5479],[7.5319],[7.5213],[7.4511],[7.3298],[7.2287],[7.25],[7.4245],[7.6936],[7.9287],[7.9989],[7.7957],[7.3309],[6.7649],[6.284],[6.0213],[6.0106],[6.2],[6.5564],[7.0319],[7.5266],[7.9383],[8.267],[8.6511],[9.1638],[8.5457],[8.4734],[8.466],[8.5553],[8.6883],[8.7723],[8.7606],[8.6915],[8.6543],[8.6915],[8.7851],[8.9074],[8.9734],[8.8904],[8.6011],[8.1745],[7.817],[7.6383],[7.6606],[7.8149],[8.1043],[8.516],[8.9819],[9.3489],[9.6128],[10.05],[10.967],[9.3926],[9.366],[9.4553],[9.6936],[9.9755],[10.166],[10.2202],[10.1926],[10.1553],[10.15],[10.1755],[10.234],[10.2745],[10.2106],[9.9638],[9.5468],[9.1436],[8.9245],[8.8968],[9.0191],[9.3085],[9.8617],[10.5809],[11.1489],[11.3638],[11.5457],[12.3181],[10.1149],[10.2255],[10.4904],[10.8755],[11.2564],[11.4926],[11.5989],[11.6426],[11.7436],[11.8628],[11.9245],[11.8851],[11.7574],[11.5585],[11.2255],[10.7713],[10.3426],[10.1309],[10.1585],[10.3298],[10.7074],[11.4989],[12.6734],[13.7309],[14.0628],[13.7532],[13.6713],[10.9298],[11.3309],[11.7936],[12.2521],[12.616],[12.8394],[12.9691],[13.1362],[13.4202],[13.7564],[13.9],[13.7202],[13.3181],[12.8511],[12.4],[11.9606],[11.6245],[11.5574],[11.7479],[12.0638],[12.484],[13.3309],[14.7883],[16.3479],[17.0436],[16.4543],[15.3574],[12.3053],[13.0191],[13.5926],[13.9585],[14.1777],[14.334],[14.4894],[14.7404],[15.1564],[15.6234],[15.8266],[15.5266],[14.8489],[14.1489],[13.617],[13.2287],[12.9394],[12.9468],[13.3117],[13.8351],[14.2957],[14.9734],[16.2915],[18.0489],[19.2181],[18.9021],[17.4234],[14.3479],[15.2447],[15.7862],[15.9511],[15.9777],[16.0628],[16.2319],[16.4617],[16.7989],[17.2117],[17.3681],[16.9596],[16.1128],[15.3181],[14.8447],[14.5277],[14.1979],[14.0766],[14.4979],[15.3043],[16.0394],[16.6064],[17.4979],[18.9511],[20.3032],[20.5245],[19.3957],[16.5511],[17.4862],[17.9362],[17.9532],[17.8787],[17.9702],[18.1351],[18.2319],[18.3043],[18.4277],[18.3883],[17.8564],[16.9787],[16.2755],[16.0702],[16.0181],[15.7223],[15.4266],[15.7628],[16.8394],[18.0223],[18.7681],[19.2755],[20.0564],[20.9713],[21.2745],[20.5319],[18.2755],[19.1255],[19.5362],[19.5745],[19.5649],[19.7128],[19.8543],[19.7862],[19.583],[19.4106],[19.1606],[18.5553],[17.767],[17.3362],[17.5564],[17.9628],[17.9511],[17.6351],[17.7734],[18.7957],[20.2255],[21.2511],[21.6617],[21.7968],[21.8426],[21.5011],[20.5404],[19.1181],[19.8223],[20.2755],[20.467],[20.5936],[20.7521],[20.8457],[20.717],[20.4723],[20.2426],[19.9723],[19.4904],[18.9415],[18.8053],[19.3426],[20.1266],[20.5021],[20.334],[20.216],[20.733],[21.8138],[22.8809],[23.4543],[23.4319],[22.8585],[21.7021],[20.1021]]},{"header":{"disciplineName":["Meteorological products"],"parameterCategory":[2],"parameterCategoryName":["u-component of wind"],"parameterNumberName":["u-component of wind"],"parameterNumber":[2],"parameterUnits":["m s-1"],"refTime":["2017-03-17T0000:00.000Z"],"numberPoints":[621],"nx":[27],"ny":[23],"lo1":[-20],"la1":[70],"lo2":[45],"la2":[45],"dx":[2.5],"dy":[2.5]},"data":[[2.5819],[2.9936],[3.3298],[3.6074],[3.8277],[4.0128],[4.1872],[4.3915],[4.6181],[4.8702],[5.1266],[5.3872],[5.6074],[5.7745],[5.8936],[5.9564],[5.9851],[5.9819],[5.9777],[5.9734],[5.9798],[5.9915],[6.0064],[6.0149],[6.0181],[6.0106],[5.9968],[2.917],[3.567],[4.0372],[4.3457],[4.533],[4.6628],[4.8128],[5.0191],[5.3213],[5.6968],[6.1053],[6.4904],[6.7926],[6.9787],[7.0202],[6.9372],[6.766],[6.5564],[6.3574],[6.1926],[6.083],[6.0404],[6.0532],[6.1074],[6.1872],[6.2691],[6.3638],[3.9372],[4.5936],[5.0234],[5.2681],[5.384],[5.4564],[5.5681],[5.7766],[6.1106],[6.533],[6.9638],[7.3266],[7.534],[7.5511],[7.367],[7.0223],[6.6],[6.1777],[5.8181],[5.5766],[5.4617],[5.4755],[5.5872],[5.7787],[6.0181],[6.2819],[6.5479],[5.684],[6.0915],[6.3638],[6.5011],[6.5691],[6.5979],[6.6564],[6.7798],[6.9894],[7.2457],[7.4777],[7.6106],[7.5628],[7.3351],[6.9585],[6.5],[6.0404],[5.6777],[5.4404],[5.3426],[5.3681],[5.4936],[5.6936],[5.9383],[6.1947],[6.4819],[6.7723],[7.7819],[7.8543],[7.9404],[8.0032],[8.0266],[7.9809],[7.9117],[7.8394],[7.767],[7.7074],[7.6117],[7.4319],[7.15],[6.7734],[6.3681],[6.0234],[5.8032],[5.7287],[5.7872],[5.934],[6.0915],[6.2362],[6.3511],[6.4606],[6.5787],[6.7064],[6.8574],[9.5043],[9.334],[9.2511],[9.1979],[9.0883],[8.8979],[8.6309],[8.3287],[8.0255],[7.7479],[7.4947],[7.2085],[6.8819],[6.5468],[6.2574],[6.0809],[6.0638],[6.1926],[6.366],[6.5362],[6.6298],[6.6426],[6.6149],[6.5979],[6.617],[6.6702],[6.7723],[10.4926],[10.1596],[9.8777],[9.5862],[9.25],[8.8489],[8.4021],[7.984],[7.6309],[7.3968],[7.2574],[7.1638],[7.0543],[6.9298],[6.7713],[6.666],[6.6234],[6.6223],[6.6128],[6.5383],[6.4064],[6.2574],[6.1862],[6.2362],[6.3947],[6.6032],[6.8064],[11.0585],[10.5755],[10.0511],[9.4766],[8.8894],[8.3085],[7.7585],[7.2947],[6.966],[6.816],[6.8351],[6.967],[7.1383],[7.2511],[7.2723],[7.2096],[7.0851],[6.8968],[6.6543],[6.3521],[6.0681],[5.8968],[5.9255],[6.1628],[6.5043],[6.8074],[7.0053],[11.5436],[10.9223],[10.1777],[9.3851],[8.6404],[7.9862],[7.3957],[6.8628],[6.3915],[6.0585],[5.9223],[6.0096],[6.266],[6.583],[6.8415],[6.9904],[7.0106],[6.9213],[6.7287],[6.4936],[6.3213],[6.2957],[6.4596],[6.7691],[7.0415],[7.1489],[7.0404],[11.5447],[10.8128],[9.9394],[9.05],[8.2532],[7.5936],[7.017],[6.4043],[5.7255],[5.0713],[4.6064],[4.4457],[4.6202],[5.0234],[5.4936],[5.9223],[6.2394],[6.4436],[6.5511],[6.5968],[6.6819],[6.8489],[7.116],[7.3521],[7.4106],[7.184],[6.733],[10.3011],[9.533],[8.6319],[7.6915],[6.8851],[6.2585],[5.7691],[5.2957],[4.7457],[4.1702],[3.7106],[3.5149],[3.6234],[3.9606],[4.3968],[4.8255],[5.2128],[5.5255],[5.7809],[5.9968],[6.216],[6.5074],[6.8277],[7.0457],[7.0436],[6.7957],[6.4106],[7.8904],[7.1798],[6.3362],[5.4596],[4.716],[4.2032],[3.9809],[3.9426],[3.9862],[4.0681],[4.1596],[4.2904],[4.4234],[4.5255],[4.5862],[4.6053],[4.6638],[4.7489],[4.8362],[4.9309],[5.0628],[5.2894],[5.6106],[5.9277],[6.133],[6.2223],[6.3117],[5.3574],[4.7979],[4.1926],[3.5979],[3.1479],[2.966],[3.1117],[3.55],[4.2043],[4.9617],[5.6628],[6.1543],[6.3117],[6.1245],[5.7021],[5.2543],[4.934],[4.7447],[4.5979],[4.4479],[4.3223],[4.334],[4.5394],[4.9],[5.3351],[5.767],[6.2564],[3.5479],[3.2319],[2.9979],[2.9362],[3.066],[3.3745],[3.8074],[4.3521],[5.0287],[5.8298],[6.6213],[7.1926],[7.35],[7.0809],[6.567],[6.0606],[5.7266],[5.5362],[5.3298],[5.0223],[4.6681],[4.434],[4.4649],[4.7809],[5.2681],[5.7723],[6.234],[2.2362],[2.1979],[2.3723],[2.85],[3.5532],[4.2521],[4.7426],[4.983],[5.1394],[5.4255],[5.8638],[6.334],[6.6277],[6.6755],[6.5947],[6.516],[6.5245],[6.5277],[6.3894],[6.0457],[5.6011],[5.2745],[5.2362],[5.5553],[6.0596],[6.4947],[6.6755],[0.9181],[1.1851],[1.6681],[2.4457],[3.3617],[4.1362],[4.4585],[4.3426],[4.0489],[3.8979],[4.0745],[4.5149],[5.0713],[5.6117],[6.1096],[6.5234],[6.8138],[6.8968],[6.7543],[6.4404],[6.1181],[5.9468],[6.0755],[6.5234],[7.1298],[7.5862],[7.5798],[-0.0553],[0.5181],[1.2181],[2.0404],[2.8489],[3.3947],[3.5202],[3.3117],[3.0362],[2.9394],[3.083],[3.4649],[4.0043],[4.65],[5.2979],[5.8085],[6.0766],[6.0681],[5.9011],[5.7521],[5.7553],[5.9404],[6.3202],[6.8819],[7.5213],[7.9628],[7.9372],[0.1989],[1.0021],[1.8489],[2.6426],[3.2436],[3.5223],[3.5213],[3.4447],[3.4713],[3.5777],[3.6511],[3.6351],[3.616],[3.7277],[3.9617],[4.1798],[4.2649],[4.2021],[4.167],[4.3351],[4.766],[5.3287],[5.866],[6.3202],[6.6947],[6.8851],[6.7415],[1.7564],[2.4883],[3.2574],[3.9564],[4.4277],[4.5809],[4.5404],[4.5521],[4.7223],[4.834],[4.6064],[3.9819],[3.217],[2.6213],[2.3372],[2.2606],[2.2734],[2.333],[2.5234],[2.983],[3.6766],[4.3957],[4.9234],[5.1266],[5.05],[4.7383],[4.2606],[3.2202],[3.566],[3.9277],[4.3362],[4.6745],[4.7904],[4.7362],[4.7372],[4.8479],[4.8245],[4.3777],[3.4936],[2.4798],[1.6862],[1.2702],[1.1872],[1.3053],[1.5255],[1.8053],[2.1979],[2.7128],[3.2596],[3.6064],[3.6181],[3.234],[2.5436],[1.6532],[2.9436],[2.8362],[2.7021],[2.7245],[2.8681],[2.9553],[2.9415],[2.9404],[3.0234],[3.0362],[2.7532],[2.1979],[1.5979],[1.1798],[1.0362],[1.1649],[1.4447],[1.7181],[1.8415],[1.8511],[1.8479],[1.9202],[1.9723],[1.8596],[1.4383],[0.6553],[-0.4223],[0.4883],[0.2862],[0.0181],[-0.1447],[-0.1298],[-0.0415],[0.0362],[0.1574],[0.3734],[0.6032],[0.6872],[0.6372],[0.5926],[0.634],[0.8021],[1.1074],[1.484],[1.7521],[1.7032],[1.384],[0.9617],[0.6149],[0.3362],[0.034],[-0.416],[-1.1383],[-2.1404],[-3.0213],[-2.9202],[-2.8638],[-2.8447],[-2.7755],[-2.6372],[-2.4638],[-2.1989],[-1.8266],[-1.4628],[-1.2032],[-1.0149],[-0.8351],[-0.6106],[-0.3489],[-0.017],[0.3702],[0.6255],[0.6032],[0.334],[0.0011],[-0.3532],[-0.7766],[-1.3202],[-1.9479],[-2.667],[-3.517]]},{"header":{"disciplineName":["Meteorological products"],"parameterCategory":[2],"parameterCategoryName":["v-component of wind"],"parameterNumberName":["v-component of wind"],"parameterNumber":[3],"parameterUnits":["m s-1"],"refTime":["2017-03-17T0000:00.000Z"],"numberPoints":[621],"nx":[27],"ny":[23],"lo1":[-20],"la1":[70],"lo2":[45],"la2":[45],"dx":[2.5],"dy":[2.5]},"data":[[0.8904],[1.3883],[1.784],[2.0309],[2.0957],[2.0245],[1.8064],[1.5074],[1.1564],[0.7968],[0.466],[0.1957],[-0.0043],[-0.117],[-0.1543],[-0.134],[-0.0755],[-0.0191],[0.0181],[0.0096],[-0.034],[-0.1202],[-0.2277],[-0.3351],[-0.4106],[-0.4681],[-0.5011],[2.6085],[2.8213],[2.8521],[2.7319],[2.4904],[2.1883],[1.8798],[1.5851],[1.3213],[1.0872],[0.8702],[0.6755],[0.5064],[0.3713],[0.2755],[0.2255],[0.2011],[0.1926],[0.1713],[0.1234],[0.0277],[-0.0947],[-0.2266],[-0.3447],[-0.4149],[-0.45],[-0.4521],[4.1745],[3.9989],[3.6149],[3.1309],[2.633],[2.2181],[1.9202],[1.7404],[1.6255],[1.5202],[1.3532],[1.1117],[0.8117],[0.4947],[0.2106],[0.0138],[-0.0872],[-0.0989],[-0.0628],[0.0032],[0.0394],[0.0649],[0.0777],[0.0904],[0.1096],[0.1468],[0.1713],[4.9553],[4.5872],[4.0128],[3.3596],[2.7702],[2.3234],[2.0734],[1.9734],[1.933],[1.8277],[1.5766],[1.1702],[0.6479],[0.116],[-0.3223],[-0.5798],[-0.6383],[-0.5309],[-0.3096],[-0.0617],[0.1809],[0.3777],[0.5415],[0.6947],[0.8117],[0.9149],[0.9702],[4.9702],[4.7011],[4.2106],[3.5851],[2.9681],[2.4723],[2.1447],[1.9553],[1.8117],[1.5851],[1.2011],[0.6468],[0.0117],[-0.5564],[-0.9383],[-1.0362],[-0.8915],[-0.5723],[-0.2043],[0.1351],[0.4043],[0.6181],[0.8],[0.9734],[1.1511],[1.3053],[1.3979],[4.5489],[4.5011],[4.1638],[3.5904],[2.9032],[2.2628],[1.7468],[1.383],[1.0979],[0.7851],[0.3532],[-0.2],[-0.7649],[-1.1947],[-1.3521],[-1.2064],[-0.8138],[-0.3426],[0.067],[0.3479],[0.5021],[0.6202],[0.7638],[0.9596],[1.1872],[1.4117],[1.5787],[3.8191],[3.8734],[3.5787],[3.0021],[2.2564],[1.517],[0.9096],[0.4915],[0.2213],[-0.0202],[-0.317],[-0.7404],[-1.1904],[-1.5245],[-1.5777],[-1.3202],[-0.8564],[-0.366],[-1.3792e-08],[0.2],[0.316],[0.4638],[0.733],[1.0872],[1.4457],[1.7415],[1.9404],[2.8862],[2.7894],[2.4266],[1.8479],[1.1872],[0.5468],[0.0532],[-0.233],[-0.3287],[-0.3372],[-0.4096],[-0.634],[-1.0202],[-1.4032],[-1.6011],[-1.5245],[-1.2128],[-0.833],[-0.5245],[-0.3053],[-0.05],[0.3638],[0.9298],[1.5447],[2.0309],[2.3064],[2.3915],[1.9117],[1.5777],[1.1021],[0.5894],[0.1234],[-0.2713],[-0.5798],[-0.7585],[-0.734],[-0.5415],[-0.3298],[-0.284],[-0.5117],[-0.9287],[-1.3277],[-1.5117],[-1.4574],[-1.25],[-0.9979],[-0.7011],[-0.2447],[0.4436],[1.2691],[2.0085],[2.4287],[2.5043],[2.3606],[1.1011],[0.5383],[-0.0596],[-0.5106],[-0.7777],[-0.9894],[-1.2362],[-1.4681],[-1.5128],[-1.25],[-0.7404],[-0.2755],[-0.1096],[-0.3191],[-0.7149],[-1.0521],[-1.1734],[-1.116],[-0.9319],[-0.616],[-0.0809],[0.6989],[1.5415],[2.1489],[2.3096],[2.0713],[1.6989],[0.3755],[-0.3702],[-1.1234],[-1.584],[-1.7564],[-1.8234],[-2.0223],[-2.3255],[-2.4777],[-2.1904],[-1.4457],[-0.5596],[0.0681],[0.2],[-0.0426],[-0.3819],[-0.5819],[-0.6021],[-0.4851],[-0.1968],[0.3287],[1.0574],[1.7617],[2.1223],[1.9894],[1.5181],[1.0606],[-0.4585],[-1.3457],[-2.2245],[-2.7309],[-2.7809],[-2.5989],[-2.5149],[-2.617],[-2.6766],[-2.366],[-1.5798],[-0.5894],[0.1617],[0.4223],[0.2436],[-0.0691],[-0.2777],[-0.3149],[-0.1957],[0.1213],[0.6755],[1.3979],[2],[2.2074],[1.933],[1.4394],[1.0638],[-1.3287],[-2.2702],[-3.1787],[-3.6255],[-3.4489],[-2.8787],[-2.3021],[-1.9362],[-1.7309],[-1.4191],[-0.8702],[-0.2436],[0.1713],[0.184],[-0.0766],[-0.3809],[-0.5319],[-0.4915],[-0.2915],[0.116],[0.7596],[1.5362],[2.1564],[2.366],[2.1638],[1.8298],[1.6383],[-1.9457],[-2.8447],[-3.6021],[-3.8372],[-3.4032],[-2.5298],[-1.6128],[-0.9309],[-0.5181],[-0.2415],[-0.0181],[0.0989],[-0.0277],[-0.3819],[-0.7819],[-1.0149],[-1.0085],[-0.8394],[-0.5585],[-0.133],[0.5309],[1.3532],[2.066],[2.417],[2.4255],[2.3351],[2.3149],[-2.15],[-2.9213],[-3.4394],[-3.3872],[-2.7894],[-1.9106],[-1.0968],[-0.4787],[-0.034],[0.2883],[0.4436],[0.3096],[-0.1457],[-0.7798],[-1.284],[-1.4574],[-1.3287],[-1.0947],[-0.8777],[-0.5777],[-0.0096],[0.8553],[1.7777],[2.4553],[2.7936],[2.884],[2.8383],[-1.984],[-2.6287],[-2.9202],[-2.6649],[-2.0394],[-1.4255],[-1.0117],[-0.6979],[-0.2574],[0.3415],[0.8287],[0.8543],[0.3085],[-0.5447],[-1.2553],[-1.5362],[-1.4809],[-1.3638],[-1.3447],[-1.2511],[-0.7734],[0.2457],[1.5989],[2.8394],[3.5862],[3.7032],[3.2989],[-1.5085],[-1.9926],[-2.1777],[-1.8989],[-1.4043],[-1.1032],[-1.084],[-0.9904],[-0.4479],[0.5521],[1.4872],[1.783],[1.2043],[0.1],[-0.917],[-1.4734],[-1.6457],[-1.7468],[-1.9309],[-1.9585],[-1.4181],[-0.0968],[1.7904],[3.6287],[4.7287],[4.7117],[3.6904],[-0.6277],[-0.9266],[-1.1394],[-1.0617],[-0.8532],[-0.8255],[-1.0128],[-0.9947],[-0.3489],[0.8479],[1.9734],[2.3138],[1.6404],[0.3989],[-0.7489],[-1.4436],[-1.7968],[-2.0649],[-2.3011],[-2.2191],[-1.4596],[0.1468],[2.3351],[4.433],[5.6021],[5.3468],[3.8],[0.5819],[0.4117],[0.0617],[-0.1926],[-0.3351],[-0.5447],[-0.8085],[-0.8245],[-0.2702],[0.7372],[1.6181],[1.7564],[1.0638],[0.0202],[-0.85],[-1.3734],[-1.7277],[-2.0266],[-2.1149],[-1.7096],[-0.6543],[1.0032],[2.9777],[4.7447],[5.5904],[5.0851],[3.4085],[1.7255],[1.4755],[0.9457],[0.433],[0.0617],[-0.2426],[-0.5191],[-0.617],[-0.3532],[0.1979],[0.634],[0.5511],[0.0191],[-0.5489],[-0.883],[-1.0787],[-1.3777],[-1.6404],[-1.467],[-0.6596],[0.6255],[2.0489],[3.3979],[4.4255],[4.7043],[3.9681],[2.434],[2.2766],[1.7596],[1.1213],[0.5798],[0.267],[0.0723],[-0.1447],[-0.3681],[-0.4362],[-0.3032],[-0.166],[-0.2574],[-0.5064],[-0.5989],[-0.5064],[-0.5138],[-0.816],[-1.0638],[-0.6947],[0.3468],[1.5894],[2.583],[3.2798],[3.6809],[3.5128],[2.5543],[1.0702],[2.1489],[1.4043],[0.7809],[0.4138],[0.316],[0.3106],[0.1383],[-0.2032],[-0.5181],[-0.5755],[-0.4362],[-0.333],[-0.2691],[-0.083],[0.1766],[0.2064],[-0.117],[-0.35],[0.0138],[0.867],[1.6436],[2.0968],[2.4394],[2.7521],[2.5489],[1.4181],[-0.2574],[1.7585],[1.0553],[0.5234],[0.266],[0.2447],[0.2638],[0.0681],[-0.3745],[-0.767],[-0.7968],[-0.4691],[-0.0915],[0.2074],[0.5074],[0.7883],[0.8351],[0.5819],[0.3564],[0.4904],[0.7798],[0.8351],[0.7936],[1.1394],[1.8053],[1.8702],[0.6511],[-1.2638]]}]