html/data/WT_pct09_ind_wt_8_8.json
[{"header":{"disciplineName":["Meteorological products"],"parameterCategory":[0],"parameterCategoryName":["Temperature"],"parameterNumberName":["Temperature"],"parameterNumber":[0],"parameterUnits":["K"],"refTime":["2017-03-17T0000:00.000Z"],"numberPoints":[621],"nx":[27],"ny":[23],"lo1":[-20],"la1":[70],"lo2":[45],"la2":[45],"dx":[2.5],"dy":[2.5]},"data":[[0.7172],[0.9121],[1.0638],[1.1793],[1.269],[1.3552],[1.4534],[1.5784],[1.756],[1.9716],[2.2172],[2.4672],[2.7121],[2.9224],[3.0793],[3.1759],[3.1983],[3.1759],[3.1],[3.0026],[2.9069],[2.8095],[2.7414],[2.6871],[2.6543],[2.631],[2.6069],[1.7517],[1.8336],[1.8647],[1.8802],[1.8905],[1.9345],[2.0353],[2.2121],[2.4543],[2.7534],[3.0836],[3.4017],[3.675],[3.8853],[4.0129],[4.05],[4.019],[3.9198],[3.7888],[3.6491],[3.5241],[3.4259],[3.3603],[3.3397],[3.3474],[3.3664],[3.3948],[2.7267],[2.7078],[2.656],[2.6034],[2.6078],[2.6759],[2.8293],[3.0776],[3.3966],[3.7578],[4.1078],[4.419],[4.6491],[4.7948],[4.8414],[4.8121],[4.731],[4.6302],[4.5267],[4.4379],[4.3802],[4.3414],[4.3241],[4.3233],[4.3302],[4.3388],[4.3414],[3.5147],[3.4181],[3.3336],[3.2897],[3.3241],[3.4569],[3.7017],[4.0448],[4.4526],[4.8681],[5.25],[5.5534],[5.7414],[5.8276],[5.8284],[5.7828],[5.7138],[5.6767],[5.656],[5.6672],[5.7034],[5.731],[5.744],[5.7353],[5.6991],[5.6336],[5.5569],[4.1069],[4.0164],[3.9491],[3.9353],[4.0043],[4.1828],[4.4784],[4.875],[5.3371],[5.8026],[6.2155],[6.5345],[6.7328],[6.819],[6.8155],[6.7853],[6.7466],[6.7474],[6.7784],[6.8362],[6.9112],[6.969],[6.9905],[6.9836],[6.9293],[6.8578],[6.7733],[4.8431],[4.8345],[4.8233],[4.8172],[4.8595],[4.9914],[5.2448],[5.6034],[6.0448],[6.4974],[6.9043],[7.2172],[7.4103],[7.5112],[7.5233],[7.5052],[7.4931],[7.5043],[7.5552],[7.625],[7.6922],[7.7716],[7.8224],[7.8586],[7.8707],[7.8621],[7.8552],[6.0345],[6.0966],[6.0879],[6.0284],[5.981],[6.0181],[6.1707],[6.4534],[6.806],[7.1922],[7.5448],[7.8198],[8.0017],[8.0793],[8.1181],[8.1534],[8.2138],[8.3086],[8.4397],[8.5603],[8.6802],[8.7983],[8.9147],[9.0207],[9.0957],[9.1172],[9.1172],[7.4888],[7.4983],[7.3931],[7.2371],[7.1112],[7.0853],[7.1836],[7.4198],[7.75],[8.125],[8.4759],[8.7569],[8.944],[9.0448],[9.1181],[9.2216],[9.3905],[9.6328],[9.8836],[10.1009],[10.2655],[10.4276],[10.5905],[10.7552],[10.8509],[10.85],[10.7767],[8.7664],[8.6224],[8.4147],[8.2147],[8.0853],[8.0776],[8.219],[8.4905],[8.8759],[9.3345],[9.8069],[10.2198],[10.5095],[10.6483],[10.7129],[10.7991],[10.969],[11.2207],[11.4578],[11.6155],[11.6957],[11.7733],[11.9543],[12.1966],[12.3983],[12.475],[12.4483],[9.7724],[9.5621],[9.3966],[9.2828],[9.2681],[9.3431],[9.5388],[9.8414],[10.2767],[10.8293],[11.4552],[12.0483],[12.4621],[12.631],[12.5836],[12.4793],[12.4336],[12.4759],[12.4931],[12.4],[12.2371],[12.1828],[12.3905],[12.8276],[13.294],[13.5828],[13.7388],[10.7621],[10.6879],[10.7259],[10.8336],[10.9897],[11.1802],[11.4267],[11.7474],[12.1569],[12.6776],[13.3034],[13.9207],[14.3741],[14.4966],[14.2974],[13.944],[13.6595],[13.4991],[13.3784],[13.1509],[12.8974],[12.8707],[13.2664],[14.0241],[14.769],[15.1603],[15.2259],[11.8724],[12.0095],[12.2466],[12.5448],[12.8716],[13.2543],[13.694],[14.1422],[14.5474],[14.9112],[15.2922],[15.6948],[16.0026],[16.0388],[15.7241],[15.2595],[14.9328],[14.8966],[15.0302],[15.1095],[15.1698],[15.4681],[16.281],[17.4526],[18.419],[18.6759],[18.2138],[12.9095],[13.1034],[13.3845],[13.7552],[14.2862],[15.0284],[15.9276],[16.7733],[17.3233],[17.5172],[17.5164],[17.5103],[17.5362],[17.4052],[17.0121],[16.525],[16.3103],[16.5922],[17.2457],[17.9302],[18.5233],[19.2897],[20.5448],[22.1603],[23.4707],[23.7793],[22.9957],[13.7155],[13.8388],[14.0474],[14.5147],[15.4],[16.7233],[18.2802],[19.631],[20.3974],[20.4595],[20.0707],[19.6103],[19.2595],[18.8793],[18.3034],[17.6552],[17.375],[17.7776],[18.7129],[19.7466],[20.6319],[21.6216],[23.1181],[25.1086],[26.981],[27.9828],[27.8966],[14.4716],[14.5664],[14.8819],[15.6966],[17.156],[19.1069],[21.1543],[22.7655],[23.5379],[23.4121],[22.7155],[21.8974],[21.194],[20.4879],[19.6078],[18.6647],[18.0914],[18.225],[18.9414],[19.7974],[20.544],[21.4397],[22.9466],[25.131],[27.4681],[29.3698],[30.644],[15.5336],[15.8397],[16.5259],[17.906],[19.95],[22.2741],[24.3422],[25.6819],[26.1112],[25.75],[24.9138],[23.944],[22.9828],[21.9741],[20.8474],[19.7267],[18.9534],[18.7509],[19.0233],[19.4448],[19.9241],[20.7707],[22.3655],[24.569],[26.8681],[28.8552],[30.6871],[17.1897],[17.881],[18.994],[20.7612],[23.0147],[25.2121],[26.8026],[27.5328],[27.5138],[27.0371],[26.3241],[25.431],[24.356],[23.1543],[21.956],[20.9672],[20.319],[20.0483],[20.0103],[20.1233],[20.5552],[21.6957],[23.6888],[26.031],[27.9017],[28.9457],[29.7526],[19.4431],[20.4793],[21.7629],[23.4052],[25.2414],[26.8276],[27.7784],[28.0017],[27.8086],[27.5293],[27.175],[26.5362],[25.4569],[24.1388],[22.9871],[22.2517],[21.906],[21.7345],[21.5716],[21.5543],[22.0707],[23.5784],[26.0716],[28.7534],[30.4681],[30.6302],[29.9233],[21.7517],[22.9802],[24.1],[25.1681],[26.1733],[27.0121],[27.4871],[27.6086],[27.6103],[27.7284],[27.8155],[27.469],[26.4784],[25.169],[24.0776],[23.5034],[23.2948],[23.144],[22.9267],[22.8543],[23.3121],[24.7207],[27.1233],[29.9388],[32.006],[32.444],[31.4164],[23.1707],[24.3724],[25.2138],[25.6853],[25.9655],[26.2716],[26.5828],[26.8517],[27.1457],[27.556],[27.9172],[27.8388],[27.1379],[26.1026],[25.2431],[24.769],[24.5164],[24.3078],[24.1405],[24.1216],[24.3698],[25.0733],[26.4914],[28.6716],[31.0026],[32.5095],[32.5759],[22.9888],[23.9862],[24.6129],[24.7983],[24.7966],[24.919],[25.2267],[25.5983],[25.9681],[26.3983],[26.8224],[27.0155],[26.8293],[26.4259],[26.0793],[25.8276],[25.6017],[25.4198],[25.4422],[25.6302],[25.719],[25.6095],[25.7224],[26.6991],[28.6138],[30.6871],[31.8871],[21.4828],[22.1431],[22.6078],[22.7974],[22.8836],[23.0603],[23.3569],[23.644],[23.8828],[24.1716],[24.5733],[25.0129],[25.3983],[25.7233],[25.9569],[26.0172],[25.9086],[25.85],[26.0491],[26.3517],[26.344],[25.8578],[25.344],[25.525],[26.669],[28.2914],[29.4836],[19.6371],[19.9233],[20.2],[20.4647],[20.7259],[20.9905],[21.2259],[21.3793],[21.5026],[21.6966],[22.0509],[22.6069],[23.3276],[24.0629],[24.5681],[24.7138],[24.675],[24.7172],[24.9259],[25],[24.7207],[24.2974],[24.1957],[24.6759],[25.525],[26.3181],[26.6595]]},{"header":{"disciplineName":["Meteorological products"],"parameterCategory":[2],"parameterCategoryName":["u-component of wind"],"parameterNumberName":["u-component of wind"],"parameterNumber":[2],"parameterUnits":["m s-1"],"refTime":["2017-03-17T0000:00.000Z"],"numberPoints":[621],"nx":[27],"ny":[23],"lo1":[-20],"la1":[70],"lo2":[45],"la2":[45],"dx":[2.5],"dy":[2.5]},"data":[[1.8957],[2.1129],[2.2526],[2.325],[2.3405],[2.35],[2.3647],[2.4345],[2.5603],[2.725],[2.9121],[3.0681],[3.1733],[3.2078],[3.1741],[3.0966],[3.0052],[2.9362],[2.9095],[2.9224],[2.9543],[2.981],[2.9603],[2.8612],[2.6897],[2.4448],[2.1595],[1.3569],[1.7198],[1.9914],[2.1595],[2.25],[2.3121],[2.4069],[2.5767],[2.8336],[3.1517],[3.481],[3.756],[3.9009],[3.9026],[3.7638],[3.5328],[3.281],[3.056],[2.9078],[2.8259],[2.8078],[2.7991],[2.7483],[2.6224],[2.4155],[2.1431],[1.8707],[1.0853],[1.4974],[1.8259],[2.0672],[2.2267],[2.3612],[2.5336],[2.7871],[3.1276],[3.5241],[3.9017],[4.194],[4.3207],[4.2552],[4.0302],[3.6991],[3.3629],[3.0776],[2.9017],[2.8431],[2.8595],[2.9043],[2.9284],[2.8948],[2.7983],[2.6664],[2.5388],[2.0905],[2.3819],[2.6388],[2.8517],[3.0103],[3.1414],[3.2681],[3.4198],[3.6078],[3.8069],[3.9767],[4.0569],[4.0267],[3.8741],[3.6483],[3.4138],[3.2241],[3.1207],[3.1319],[3.2276],[3.3698],[3.5181],[3.6336],[3.7147],[3.7629],[3.8026],[3.8638],[4.2353],[4.2672],[4.3259],[4.4112],[4.4655],[4.4879],[4.4491],[4.3638],[4.2353],[4.0716],[3.8828],[3.6716],[3.4612],[3.2638],[3.1543],[3.1414],[3.2552],[3.4621],[3.7302],[3.9905],[4.2095],[4.3707],[4.481],[4.575],[4.6733],[4.8095],[4.9707],[6.4259],[6.1733],[6.0043],[5.8897],[5.8034],[5.6793],[5.4845],[5.2138],[4.8836],[4.5259],[4.1828],[3.8733],[3.6336],[3.494],[3.4836],[3.6164],[3.8802],[4.2069],[4.5284],[4.7871],[4.9353],[5.0078],[5.0362],[5.0776],[5.1707],[5.319],[5.5147],[7.8371],[7.3957],[7.025],[6.7422],[6.5198],[6.3043],[6.0586],[5.7845],[5.5198],[5.3052],[5.1509],[5.05],[4.9741],[4.9043],[4.8552],[4.8552],[4.9078],[5.0121],[5.1052],[5.169],[5.1664],[5.1491],[5.1422],[5.1879],[5.3052],[5.4655],[5.6716],[8.45],[7.9017],[7.4233],[7.0371],[6.7466],[6.5138],[6.3216],[6.1629],[6.0759],[6.0931],[6.2017],[6.3509],[6.4319],[6.3845],[6.1853],[5.9043],[5.619],[5.369],[5.1724],[5.0155],[4.8922],[4.8103],[4.8241],[4.9397],[5.1172],[5.3181],[5.5207],[8.5733],[7.9879],[7.4405],[7.0052],[6.6966],[6.519],[6.4155],[6.3466],[6.294],[6.3052],[6.3621],[6.4509],[6.4991],[6.4017],[6.1466],[5.7828],[5.3974],[5.075],[4.8078],[4.5767],[4.3603],[4.1966],[4.1707],[4.3129],[4.5664],[4.8466],[5.0707],[8.3655],[7.806],[7.2181],[6.7],[6.356],[6.2276],[6.231],[6.2422],[6.1362],[5.8888],[5.5784],[5.306],[5.1052],[4.9431],[4.7828],[4.6052],[4.4405],[4.3121],[4.1879],[3.9793],[3.6991],[3.4086],[3.2629],[3.375],[3.7147],[4.1336],[4.494],[7.756],[7.3034],[6.6828],[6.0362],[5.5948],[5.5224],[5.7466],[6.0319],[6.0767],[5.7681],[5.2],[4.5966],[4.1345],[3.8638],[3.7207],[3.6129],[3.5284],[3.4466],[3.319],[3.1],[2.7681],[2.4112],[2.2034],[2.2707],[2.6448],[3.1983],[3.7466],[6.444],[6.1181],[5.5224],[4.8578],[4.4681],[4.6164],[5.2828],[6.1328],[6.7276],[6.8112],[6.4345],[5.8336],[5.2397],[4.7517],[4.3164],[3.8388],[3.319],[2.8121],[2.3655],[2],[1.6767],[1.4],[1.2293],[1.2414],[1.4707],[1.9009],[2.4784],[4.2543],[4.0069],[3.6405],[3.3483],[3.4414],[4.1181],[5.3224],[6.7],[7.819],[8.4155],[8.4448],[8.0931],[7.525],[6.8095],[5.9448],[4.9181],[3.8086],[2.7595],[1.9302],[1.3914],[1.1112],[0.9948],[0.9397],[0.8569],[0.7638],[0.7491],[0.9509],[1.8466],[1.7586],[1.931],[2.4517],[3.3569],[4.5698],[5.8966],[7.1138],[8.0241],[8.5405],[8.7155],[8.5897],[8.1767],[7.5043],[6.5698],[5.4991],[4.3836],[3.35],[2.4914],[1.9155],[1.6552],[1.6578],[1.769],[1.7672],[1.5026],[1.0224],[0.556],[0.6198],[0.9612],[1.8647],[3.175],[4.5517],[5.6431],[6.2302],[6.3103],[6.1103],[5.881],[5.7862],[5.7776],[5.6836],[5.4026],[5.0026],[4.6103],[4.281],[3.956],[3.5414],[3.0974],[2.8241],[2.8983],[3.2897],[3.7181],[3.7888],[3.2672],[2.2647],[1.2017],[2.1741],[3.5371],[4.906],[5.7879],[5.856],[5.0759],[3.7595],[2.3931],[1.4517],[1.1103],[1.2293],[1.5276],[1.7922],[2.0888],[2.5379],[3.1172],[3.5862],[3.7224],[3.5379],[3.3586],[3.5647],[4.3043],[5.2983],[5.994],[5.8647],[4.7345],[2.4095],[3.6776],[4.7888],[5.2948],[4.8991],[3.6603],[1.9336],[0.1405],[-1.3233],[-2.1948],[-2.4233],[-2.1578],[-1.6534],[-1.0931],[-0.4759],[0.2957],[1.1784],[1.9681],[2.4483],[2.6793],[2.9017],[3.4147],[4.2862],[5.3362],[6.1586],[6.2966],[5.4345],[2.2905],[3.1483],[3.3741],[2.669],[1.1578],[-0.6345],[-2.1155],[-2.9922],[-3.3741],[-3.4914],[-3.4509],[-3.2388],[-2.8371],[-2.3207],[-1.7302],[-1.0914],[-0.4267],[0.2414],[0.9371],[1.7319],[2.6267],[3.469],[4.025],[4.2241],[4.1914],[4.025],[3.5836],[0.0836],[0.1138],[-0.5164],[-1.8371],[-3.4586],[-4.7112],[-5.0655],[-4.5526],[-3.7284],[-3.1957],[-3.1103],[-3.1466],[-2.9534],[-2.425],[-1.7353],[-1.0802],[-0.5207],[0.0698],[0.894],[2.0922],[3.4595],[4.3552],[4.2319],[3.1216],[1.7491],[0.9371],[0.8491],[-3.5612],[-3.9845],[-4.7353],[-5.6345],[-6.3966],[-6.6302],[-6.1],[-4.9845],[-3.8543],[-3.2845],[-3.2974],[-3.4086],[-3.1103],[-2.2845],[-1.1836],[-0.1319],[0.7034],[1.3836],[2.1353],[3.1293],[4.1974],[4.6931],[3.9707],[2.081],[-0.0138],[-1.1776],[-1.0629],[-7.6371],[-7.8284],[-7.9397],[-7.7905],[-7.4017],[-6.9267],[-6.3724],[-5.7526],[-5.2155],[-4.9319],[-4.831],[-4.5836],[-3.8879],[-2.7328],[-1.3474],[0.0224],[1.156],[1.8974],[2.2655],[2.4716],[2.6397],[2.5448],[1.7595],[0.2276],[-1.4172],[-2.3086],[-2.1621],[-10.9724],[-10.7586],[-10.2233],[-9.2276],[-8.1103],[-7.4172],[-7.325],[-7.5526],[-7.7293],[-7.6578],[-7.2733],[-6.5759],[-5.6552],[-4.6267],[-3.5198],[-2.3164],[-1.1957],[-0.5103],[-0.4784],[-0.9164],[-1.3853],[-1.6664],[-1.8922],[-2.2655],[-2.7405],[-3.0181],[-2.9509],[-11.8888],[-11.7716],[-11.2655],[-10.2164],[-9.0353],[-8.4138],[-8.5983],[-9.2491],[-9.8043],[-9.8793],[-9.4802],[-8.8095],[-8.1948],[-7.7293],[-7.2241],[-6.4422],[-5.4957],[-4.8095],[-4.7026],[-4.994],[-5.1983],[-4.9991],[-4.4172],[-3.7233],[-3.1914],[-2.925],[-2.8491]]},{"header":{"disciplineName":["Meteorological products"],"parameterCategory":[2],"parameterCategoryName":["v-component of wind"],"parameterNumberName":["v-component of wind"],"parameterNumber":[3],"parameterUnits":["m s-1"],"refTime":["2017-03-17T0000:00.000Z"],"numberPoints":[621],"nx":[27],"ny":[23],"lo1":[-20],"la1":[70],"lo2":[45],"la2":[45],"dx":[2.5],"dy":[2.5]},"data":[[-0.6207],[-0.2922],[0.1284],[0.6207],[1.1621],[1.7181],[2.25],[2.6974],[3.0241],[3.1784],[3.1569],[2.9802],[2.6767],[2.3052],[1.9293],[1.5879],[1.2862],[1.0371],[0.7974],[0.5569],[0.2698],[-0.0405],[-0.3784],[-0.6931],[-0.9586],[-1.1362],[-1.2155],[0.2629],[0.4845],[0.7276],[1.0267],[1.4009],[1.8448],[2.3414],[2.8],[3.1431],[3.3026],[3.2319],[2.9569],[2.519],[2.0164],[1.5517],[1.1724],[0.9052],[0.7233],[0.5716],[0.3897],[0.1259],[-0.2276],[-0.6457],[-1.0621],[-1.4129],[-1.6362],[-1.7009],[1.1759],[1.294],[1.369],[1.4948],[1.7371],[2.1147],[2.5966],[3.0914],[3.4681],[3.5991],[3.4276],[2.975],[2.325],[1.6138],[0.9793],[0.5103],[0.2483],[0.1466],[0.1112],[0.0526],[-0.1095],[-0.4069],[-0.7922],[-1.2198],[-1.5741],[-1.7914],[-1.825],[1.6784],[1.7655],[1.7871],[1.8491],[2.0422],[2.4026],[2.8914],[3.3905],[3.7336],[3.8017],[3.5172],[2.9267],[2.1371],[1.3138],[0.6112],[0.1353],[-0.1026],[-0.1534],[-0.094],[-0.0534],[-0.1017],[-0.281],[-0.5759],[-0.9328],[-1.2603],[-1.4836],[-1.5586],[1.6983],[1.8379],[1.9207],[2.0198],[2.2241],[2.5474],[2.9578],[3.3284],[3.5379],[3.481],[3.1207],[2.5276],[1.8078],[1.1302],[0.5897],[0.2578],[0.0957],[0.0776],[0.1224],[0.1664],[0.1448],[0.0414],[-0.1672],[-0.45],[-0.7569],[-1.0345],[-1.2172],[1.3871],[1.5784],[1.744],[1.8888],[2.0871],[2.3233],[2.5767],[2.7569],[2.7836],[2.5983],[2.2216],[1.7517],[1.2845],[0.9259],[0.6922],[0.5741],[0.5147],[0.4724],[0.4328],[0.3914],[0.3647],[0.3017],[0.1802],[-0.0509],[-0.3655],[-0.7138],[-0.9819],[0.856],[1.0052],[1.1552],[1.3224],[1.5121],[1.7216],[1.9164],[2.0138],[1.9672],[1.7603],[1.4526],[1.1198],[0.8681],[0.7371],[0.7043],[0.6922],[0.6586],[0.5578],[0.4543],[0.3948],[0.4095],[0.4397],[0.4112],[0.2431],[-0.0629],[-0.3974],[-0.6491],[0.0672],[0.0966],[0.2052],[0.4112],[0.7216],[1.075],[1.4095],[1.6414],[1.7121],[1.6138],[1.3871],[1.1086],[0.8621],[0.6862],[0.5681],[0.481],[0.369],[0.2517],[0.1647],[0.1828],[0.3112],[0.4853],[0.5819],[0.4931],[0.2466],[-0.019],[-0.1233],[-0.8819],[-0.95],[-0.8164],[-0.4379],[0.1216],[0.7595],[1.3276],[1.7267],[1.9026],[1.8681],[1.6707],[1.3621],[1.0017],[0.6578],[0.3612],[0.1336],[-0.0302],[-0.1362],[-0.1526],[-0.0595],[0.1603],[0.4276],[0.6276],[0.6414],[0.4948],[0.3328],[0.3578],[-1.706],[-1.8233],[-1.6155],[-1.0345],[-0.1793],[0.7147],[1.4112],[1.7828],[1.8267],[1.656],[1.3819],[1.0733],[0.731],[0.3836],[0.0655],[-0.1457],[-0.269],[-0.2879],[-0.2612],[-0.1698],[0.0147],[0.2836],[0.5741],[0.7543],[0.769],[0.7017],[0.7319],[-2.2284],[-2.4457],[-2.2707],[-1.5672],[-0.481],[0.6405],[1.3991],[1.5931],[1.3103],[0.8397],[0.4112],[0.1379],[-0.0483],[-0.2319],[-0.4121],[-0.5138],[-0.5034],[-0.3948],[-0.2862],[-0.2034],[-0.0966],[0.1517],[0.5483],[0.9707],[1.2681],[1.3672],[1.3655],[-2.5207],[-2.9647],[-2.9629],[-2.2216],[-0.8586],[0.6302],[1.6405],[1.8052],[1.2457],[0.394],[-0.3216],[-0.719],[-0.8897],[-1.0578],[-1.2733],[-1.4198],[-1.3491],[-1.0638],[-0.7052],[-0.4526],[-0.2664],[0.0017],[0.4741],[1.1112],[1.7155],[2.1371],[2.3526],[-2.7819],[-3.4216],[-3.5284],[-2.6155],[-0.7931],[1.2888],[2.7707],[3.094],[2.3414],[1.0655],[-0.1259],[-0.9319],[-1.481],[-2.0241],[-2.6414],[-3.0905],[-3.0776],[-2.5552],[-1.7767],[-1.075],[-0.6362],[-0.3207],[0.0922],[0.7121],[1.4672],[2.2655],[2.9707],[-3.0328],[-3.619],[-3.4698],[-2.1155],[0.2724],[2.8526],[4.6086],[4.9302],[3.9069],[2.1957],[0.4845],[-0.8595],[-1.9491],[-3.0405],[-4.1603],[-4.9491],[-5.0086],[-4.2655],[-3.0491],[-1.8983],[-1.125],[-0.6948],[-0.4],[-0.0431],[0.5086],[1.3543],[2.45],[-3.0379],[-3.2284],[-2.5129],[-0.6241],[2.031],[4.5069],[5.8793],[5.769],[4.4224],[2.481],[0.5905],[-0.9905],[-2.3931],[-3.7879],[-5.1069],[-5.9922],[-6.0371],[-5.2147],[-3.9052],[-2.594],[-1.5474],[-0.7879],[-0.2948],[-0.1155],[-0.0991],[0.1517],[0.9836],[-2.4638],[-2.1259],[-0.8957],[1.1466],[3.3733],[4.9595],[5.3819],[4.6845],[3.294],[1.6853],[0.1724],[-1.2121],[-2.5836],[-3.9716],[-5.1922],[-5.8974],[-5.8767],[-5.2345],[-4.2776],[-3.1966],[-1.9379],[-0.4853],[0.756],[1.1569],[0.5517],[-0.3897],[-0.6319],[-1.1819],[-0.5172],[0.7241],[2.2259],[3.3862],[3.7379],[3.2784],[2.4216],[1.5716],[0.8121],[-0.0198],[-1.0966],[-2.4241],[-3.7802],[-4.831],[-5.3336],[-5.2914],[-4.9569],[-4.525],[-3.8009],[-2.3422],[-0.0931],[2.1155],[2.9638],[1.8276],[-0.4172],[-2.0026],[0.3009],[0.8612],[1.5578],[2.1078],[2.1612],[1.6784],[1.0233],[0.675],[0.7164],[0.7802],[0.3836],[-0.6621],[-2.1181],[-3.5259],[-4.5],[-4.9129],[-4.9121],[-4.7793],[-4.5802],[-3.9491],[-2.35],[0.2466],[2.8043],[3.75],[2.2397],[-0.8009],[-3.2509],[1.0871],[1.1879],[1.1897],[0.9828],[0.5491],[0.0862],[-0.025],[0.4052],[1.0897],[1.4147],[0.925],[-0.2991],[-1.7897],[-3.0733],[-3.9155],[-4.3379],[-4.4448],[-4.3198],[-3.9009],[-2.9983],[-1.4034],[0.7034],[2.5103],[2.8603],[1.2034],[-1.7069],[-4.0897],[0.7198],[0.3241],[-0.1216],[-0.4819],[-0.6353],[-0.4379],[0.2112],[1.1379],[1.8716],[1.8853],[1.0716],[-0.1716],[-1.294],[-2.0784],[-2.6534],[-3.1603],[-3.494],[-3.3595],[-2.5681],[-1.2784],[0.0905],[1.0966],[1.4198],[0.8526],[-0.5457],[-2.3931],[-3.9336],[-0.15],[-0.8422],[-1.3914],[-1.5155],[-1.1267],[-0.2931],[0.7647],[1.6853],[2.0534],[1.6655],[0.7448],[-0.1595],[-0.6879],[-0.9198],[-1.2707],[-1.9328],[-2.5871],[-2.5931],[-1.6862],[-0.281],[0.7147],[0.644],[-0.3517],[-1.5112],[-2.244],[-2.5931],[-3.0078],[-0.5362],[-1.2672],[-1.7828],[-1.7491],[-1.1647],[-0.2371],[0.6966],[1.3069],[1.3578],[0.8793],[0.1672],[-0.3621],[-0.5586],[-0.6431],[-1.0017],[-1.781],[-2.5983],[-2.8086],[-2.1138],[-0.9448],[-0.325],[-0.9629],[-2.4931],[-3.725],[-3.7828],[-2.9914],[-2.5216],[-0.3371],[-0.9276],[-1.431],[-1.5233],[-1.1828],[-0.6155],[-0.0647],[0.2526],[0.2474],[-0.075],[-0.5267],[-0.9431],[-1.2716],[-1.6138],[-2.125],[-2.8284],[-3.4966],[-3.744],[-3.3052],[-2.4603],[-1.9638],[-2.4974],[-3.8319],[-4.9155],[-4.8457],[-3.8759],[-3.1172]]}]