html/data/WT_pct09_ind_wt_11_1.json
[{"header":{"disciplineName":["Meteorological products"],"parameterCategory":[0],"parameterCategoryName":["Temperature"],"parameterNumberName":["Temperature"],"parameterNumber":[0],"parameterUnits":["K"],"refTime":["2017-03-17T0000:00.000Z"],"numberPoints":[621],"nx":[27],"ny":[23],"lo1":[-20],"la1":[70],"lo2":[45],"la2":[45],"dx":[2.5],"dy":[2.5]},"data":[[-11.627],[-10.7293],[-9.9351],[-9.2362],[-8.6293],[-8.1132],[-7.6661],[-7.2925],[-6.9833],[-6.7408],[-6.573],[-6.4638],[-6.4397],[-6.481],[-6.5787],[-6.7247],[-6.896],[-7.0845],[-7.2845],[-7.4776],[-7.6592],[-7.8408],[-8.0236],[-8.2167],[-8.4511],[-8.7328],[-9.0718],[-8.1994],[-7.7316],[-7.3603],[-7.0592],[-6.7822],[-6.5029],[-6.2259],[-5.9397],[-5.6799],[-5.4534],[-5.3029],[-5.2144],[-5.2086],[-5.2776],[-5.4224],[-5.6167],[-5.8523],[-6.1236],[-6.3983],[-6.6649],[-6.9178],[-7.1546],[-7.3649],[-7.5672],[-7.7764],[-8.0155],[-8.3063],[-5.3971],[-5.3718],[-5.3822],[-5.358],[-5.2638],[-5.0971],[-4.8661],[-4.619],[-4.3983],[-4.2374],[-4.1557],[-4.1626],[-4.242],[-4.3845],[-4.5661],[-4.7879],[-5.0328],[-5.2891],[-5.5707],[-5.8672],[-6.158],[-6.4649],[-6.7454],[-7.0098],[-7.2615],[-7.5213],[-7.7983],[-3.8638],[-4.0121],[-4.1086],[-4.096],[-3.9822],[-3.773],[-3.5397],[-3.3362],[-3.2086],[-3.1776],[-3.2362],[-3.3833],[-3.5707],[-3.7477],[-3.9098],[-4.0178],[-4.1167],[-4.2339],[-4.3799],[-4.6006],[-4.8845],[-5.2351],[-5.6167],[-5.9994],[-6.3822],[-6.7466],[-7.0971],[-3.1833],[-3.1868],[-3.1029],[-2.9523],[-2.7477],[-2.5236],[-2.3224],[-2.1971],[-2.1626],[-2.2293],[-2.3902],[-2.5925],[-2.7902],[-2.9408],[-3.0155],[-3.0155],[-2.9695],[-2.9477],[-2.996],[-3.158],[-3.4431],[-3.827],[-4.2879],[-4.7707],[-5.2466],[-5.7052],[-6.1351],[-2.3799],[-2.1534],[-1.9351],[-1.7374],[-1.5672],[-1.4339],[-1.3293],[-1.2626],[-1.2397],[-1.2684],[-1.3534],[-1.4764],[-1.596],[-1.6879],[-1.7489],[-1.7592],[-1.7672],[-1.7994],[-1.9132],[-2.1477],[-2.4856],[-2.896],[-3.3546],[-3.8063],[-4.2523],[-4.6592],[-5.0661],[-0.9305],[-0.6707],[-0.5063],[-0.4534],[-0.4466],[-0.4489],[-0.4305],[-0.3718],[-0.2971],[-0.2259],[-0.1937],[-0.2052],[-0.2741],[-0.3741],[-0.4971],[-0.6259],[-0.7638],[-0.9557],[-1.1994],[-1.5086],[-1.8868],[-2.2845],[-2.681],[-3.0282],[-3.3511],[-3.6511],[-3.9626],[0.8925],[1.0351],[1.0443],[0.973],[0.8684],[0.7787],[0.758],[0.7891],[0.8316],[0.8592],[0.8236],[0.7374],[0.6029],[0.45],[0.2994],[0.158],[0.0201],[-0.1397],[-0.327],[-0.5718],[-0.8695],[-1.2086],[-1.558],[-1.9052],[-2.2167],[-2.5167],[-2.8305],[2.6615],[2.7213],[2.6948],[2.6178],[2.5259],[2.4477],[2.3753],[2.2718],[2.1167],[1.896],[1.6247],[1.3408],[1.0937],[0.9236],[0.8431],[0.8546],[0.919],[0.9971],[1.0293],[0.9891],[0.8362],[0.5753],[0.1971],[-0.2569],[-0.7431],[-1.2063],[-1.6167],[4.1994],[4.2787],[4.3052],[4.3029],[4.2592],[4.15],[3.9845],[3.7086],[3.3534],[2.9443],[2.5408],[2.1787],[1.9305],[1.8052],[1.8328],[1.9707],[2.1672],[2.3776],[2.55],[2.6224],[2.6006],[2.4132],[2.0638],[1.542],[0.9178],[0.2971],[-0.2109],[5.5615],[5.6374],[5.6626],[5.6443],[5.5534],[5.3649],[5.0822],[4.7397],[4.3845],[4.0695],[3.8144],[3.6408],[3.5328],[3.4695],[3.4845],[3.5328],[3.6155],[3.696],[3.7661],[3.8029],[3.8259],[3.7879],[3.6305],[3.2856],[2.7695],[2.1764],[1.6477],[6.7259],[6.7259],[6.6695],[6.5649],[6.3891],[6.1385],[5.8201],[5.5305],[5.3293],[5.2707],[5.3247],[5.4017],[5.4466],[5.4017],[5.2994],[5.1741],[5.0431],[4.9247],[4.8259],[4.7856],[4.8362],[4.9753],[5.1029],[5.081],[4.8695],[4.496],[4.0638],[7.6443],[7.5718],[7.4695],[7.3534],[7.2017],[6.9833],[6.7167],[6.5017],[6.4006],[6.4707],[6.6615],[6.8741],[7.0086],[7.0098],[6.8626],[6.6638],[6.4776],[6.3155],[6.2098],[6.1626],[6.2339],[6.4466],[6.7236],[6.9293],[6.9661],[6.8937],[6.7454],[8.3534],[8.3075],[8.2695],[8.2856],[8.2891],[8.1914],[7.996],[7.7684],[7.6213],[7.6155],[7.7431],[7.9799],[8.2017],[8.3155],[8.273],[8.1328],[7.9707],[7.8695],[7.8132],[7.8017],[7.881],[8.0741],[8.3282],[8.5224],[8.6523],[8.827],[9.1489],[8.9822],[9.0075],[9.119],[9.3178],[9.5086],[9.5557],[9.4155],[9.1511],[8.9098],[8.7707],[8.8385],[9.0971],[9.4385],[9.6971],[9.7351],[9.5684],[9.3259],[9.1374],[9.0339],[9.0316],[9.1546],[9.4236],[9.7511],[9.9351],[9.9925],[10.2236],[10.9661],[9.6029],[9.7155],[9.9707],[10.3454],[10.6833],[10.8247],[10.7385],[10.5109],[10.2753],[10.1638],[10.2293],[10.4891],[10.8534],[11.1075],[11.073],[10.7293],[10.2672],[9.8994],[9.7213],[9.7431],[10.0351],[10.6121],[11.3052],[11.7121],[11.673],[11.5994],[12.196],[10.3144],[10.5672],[10.9546],[11.4293],[11.8236],[12.0109],[11.9845],[11.8741],[11.8213],[11.8443],[11.9511],[12.0937],[12.2224],[12.2316],[11.9914],[11.496],[10.95],[10.5649],[10.4592],[10.6029],[11.0856],[12.0213],[13.2282],[14.1006],[14.0902],[13.4546],[13.2132],[11.3247],[11.773],[12.2661],[12.7121],[13.0362],[13.2052],[13.2557],[13.3213],[13.4856],[13.696],[13.8201],[13.7339],[13.4672],[13.0891],[12.6477],[12.1638],[11.7546],[11.5937],[11.7086],[12.0155],[12.5603],[13.5833],[15.0787],[16.4178],[16.6868],[15.7328],[14.558],[12.8052],[13.4764],[13.9776],[14.2511],[14.3902],[14.4799],[14.596],[14.7891],[15.1201],[15.481],[15.6132],[15.3029],[14.6569],[13.9684],[13.4305],[13.0511],[12.804],[12.8029],[13.1178],[13.5937],[14.1339],[14.9466],[16.3075],[17.8776],[18.6534],[18.0109],[16.5144],[14.6983],[15.5167],[15.9477],[16.0086],[15.9454],[15.9833],[16.1328],[16.3534],[16.6695],[17.0213],[17.1052],[16.65],[15.7695],[14.9351],[14.4615],[14.2259],[14.0017],[13.9224],[14.2638],[14.9454],[15.6523],[16.3144],[17.2925],[18.6787],[19.7914],[19.7902],[18.6776],[16.6282],[17.496],[17.8822],[17.8534],[17.7316],[17.7672],[17.9362],[18.0511],[18.1557],[18.2833],[18.1994],[17.6201],[16.6557],[15.8879],[15.6684],[15.7144],[15.5362],[15.2695],[15.4902],[16.4017],[17.5121],[18.3029],[18.9339],[19.7661],[20.6408],[20.8592],[20.1316],[18.1155],[18.9328],[19.3741],[19.4374],[19.4063],[19.5063],[19.6351],[19.6006],[19.4489],[19.3063],[19.0477],[18.3994],[17.5098],[16.973],[17.1661],[17.6489],[17.7098],[17.3753],[17.4247],[18.3569],[19.7385],[20.773],[21.2397],[21.4787],[21.6328],[21.3799],[20.4661],[18.85],[19.5247],[20.0282],[20.2868],[20.3971],[20.5259],[20.5937],[20.4925],[20.2718],[20.0649],[19.8121],[19.3109],[18.6718],[18.4351],[18.9339],[19.7557],[20.1546],[19.9534],[19.8236],[20.381],[21.5282],[22.5523],[23.0511],[23.0626],[22.6649],[21.7397],[20.2672]]},{"header":{"disciplineName":["Meteorological products"],"parameterCategory":[2],"parameterCategoryName":["u-component of wind"],"parameterNumberName":["u-component of wind"],"parameterNumber":[2],"parameterUnits":["m s-1"],"refTime":["2017-03-17T0000:00.000Z"],"numberPoints":[621],"nx":[27],"ny":[23],"lo1":[-20],"la1":[70],"lo2":[45],"la2":[45],"dx":[2.5],"dy":[2.5]},"data":[[1.4575],[1.6701],[1.8368],[1.9575],[2.0609],[2.1816],[2.323],[2.5218],[2.7632],[3.0471],[3.3483],[3.6471],[3.9425],[4.1908],[4.4023],[4.5667],[4.7046],[4.8161],[4.9069],[4.992],[5.0805],[5.1609],[5.2345],[5.3184],[5.3897],[5.4471],[5.492],[1.6],[1.9724],[2.2563],[2.4839],[2.6943],[2.9161],[3.1943],[3.5184],[3.9],[4.2966],[4.6931],[5.0471],[5.3276],[5.5356],[5.6402],[5.6908],[5.6805],[5.6494],[5.6172],[5.6046],[5.6149],[5.6621],[5.7253],[5.8218],[5.9253],[6.0276],[6.1287],[2.6322],[3.0057],[3.3138],[3.5954],[3.8805],[4.1989],[4.546],[4.9379],[5.3161],[5.6828],[5.9759],[6.1793],[6.2724],[6.2678],[6.1713],[6.0471],[5.9011],[5.8],[5.7402],[5.7563],[5.8287],[5.9667],[6.1494],[6.3598],[6.5805],[6.7897],[6.9655],[4.6575],[4.9184],[5.1529],[5.4069],[5.6644],[5.9345],[6.1885],[6.4172],[6.5885],[6.6851],[6.6862],[6.5954],[6.4276],[6.2253],[6.0276],[5.8943],[5.8437],[5.8943],[6.0207],[6.2172],[6.4448],[6.6954],[6.954],[7.2138],[7.4667],[7.6782],[7.8253],[7.2632],[7.3621],[7.4943],[7.6264],[7.7322],[7.8023],[7.7908],[7.7057],[7.5425],[7.331],[7.0747],[6.7839],[6.4989],[6.2782],[6.1575],[6.1977],[6.3908],[6.6977],[7.0517],[7.3793],[7.6414],[7.8195],[7.9529],[8.0621],[8.1356],[8.2034],[8.2402],[9.577],[9.5253],[9.5126],[9.4862],[9.3966],[9.1943],[8.9126],[8.5678],[8.2356],[7.9299],[7.6678],[7.431],[7.2253],[7.092],[7.0816],[7.2195],[7.508],[7.877],[8.2276],[8.4517],[8.5299],[8.4759],[8.3586],[8.2506],[8.169],[8.1379],[8.1276],[11.046],[10.8494],[10.677],[10.4701],[10.1862],[9.8034],[9.3701],[8.9759],[8.6724],[8.508],[8.431],[8.3943],[8.3379],[8.2471],[8.1908],[8.2103],[8.3368],[8.4874],[8.5759],[8.5299],[8.3563],[8.1287],[7.9345],[7.8345],[7.8322],[7.8724],[7.923],[11.7276],[11.3701],[11.0356],[10.6908],[10.3103],[9.8816],[9.4299],[9.0391],[8.7782],[8.6529],[8.6437],[8.6667],[8.6368],[8.5241],[8.4011],[8.3092],[8.2552],[8.2023],[8.0713],[7.8414],[7.5747],[7.3816],[7.3552],[7.492],[7.7069],[7.869],[7.9276],[11.7943],[11.3414],[10.9115],[10.508],[10.1287],[9.7368],[9.2828],[8.8115],[8.3448],[7.9506],[7.6667],[7.4632],[7.3218],[7.2414],[7.2368],[7.3161],[7.4264],[7.4977],[7.4264],[7.2218],[7.0161],[6.9644],[7.1368],[7.477],[7.8069],[7.9632],[7.8678],[11.1989],[10.7598],[10.308],[9.9011],[9.5379],[9.177],[8.708],[8.0908],[7.3356],[6.5632],[5.8678],[5.3655],[5.1057],[5.1149],[5.369],[5.8195],[6.3253],[6.7195],[6.8736],[6.8149],[6.6885],[6.6908],[6.9057],[7.2506],[7.5345],[7.6057],[7.4149],[9.9322],[9.5759],[9.146],[8.7161],[8.2954],[7.8793],[7.3977],[6.7874],[6.0563],[5.2621],[4.5368],[3.9977],[3.731],[3.7897],[4.1276],[4.6874],[5.323],[5.8402],[6.1057],[6.1149],[6.0138],[5.9839],[6.1138],[6.3575],[6.5805],[6.7011],[6.7356],[8.2494],[7.9747],[7.5828],[7.0885],[6.554],[6.0586],[5.6368],[5.3126],[5.0322],[4.7828],[4.5517],[4.3851],[4.2943],[4.2931],[4.3897],[4.6011],[4.8609],[5.0701],[5.1575],[5.0897],[4.9632],[4.9184],[5.0092],[5.2011],[5.4414],[5.7414],[6.1517],[6.4345],[6.2126],[5.9046],[5.4402],[4.9069],[4.4632],[4.2575],[4.3276],[4.6092],[5.0034],[5.4092],[5.7517],[5.9517],[5.9644],[5.7747],[5.4862],[5.1828],[4.9011],[4.6092],[4.3276],[4.1103],[4.069],[4.1943],[4.4425],[4.746],[5.1391],[5.6793],[4.6138],[4.4402],[4.2517],[3.9966],[3.7552],[3.6414],[3.7678],[4.1057],[4.6],[5.1874],[5.8138],[6.4333],[6.9115],[7.1],[6.9356],[6.5092],[5.9241],[5.2839],[4.6575],[4.077],[3.6897],[3.5713],[3.7678],[4.1575],[4.6023],[4.9678],[5.2897],[2.9609],[2.8126],[2.7506],[2.7977],[3.0264],[3.4034],[3.8632],[4.2483],[4.5345],[4.7989],[5.1897],[5.7299],[6.3115],[6.7299],[6.8368],[6.6253],[6.1644],[5.5],[4.7011],[3.908],[3.3115],[3.1103],[3.3782],[4.0069],[4.7126],[5.2],[5.2943],[1.631],[1.5943],[1.6586],[1.9552],[2.5368],[3.2609],[3.8598],[4.1517],[4.1747],[4.1379],[4.2448],[4.5816],[5.0241],[5.3908],[5.5644],[5.5161],[5.2563],[4.7989],[4.1379],[3.4218],[2.8322],[2.6586],[3.0207],[3.8701],[4.9149],[5.7046],[5.8759],[0.7954],[1.0195],[1.2736],[1.7287],[2.3851],[3.0632],[3.5126],[3.6828],[3.7195],[3.8069],[3.9851],[4.1851],[4.2632],[4.1782],[3.9897],[3.7701],[3.5667],[3.3575],[3.0874],[2.7931],[2.5966],[2.6598],[3.1057],[3.9632],[5.0632],[6.031],[6.4299],[0.5425],[1.1115],[1.6218],[2.1644],[2.6897],[3.0414],[3.1816],[3.269],[3.5253],[3.992],[4.4264],[4.5253],[4.1954],[3.5793],[2.9],[2.3609],[2.0655],[2.023],[2.1598],[2.4345],[2.7805],[3.2034],[3.6943],[4.2862],[4.9908],[5.6747],[6.0333],[0.9425],[1.7],[2.3057],[2.8115],[3.1736],[3.2724],[3.1747],[3.2149],[3.6172],[4.246],[4.6897],[4.6184],[4.0575],[3.2575],[2.4701],[1.8379],[1.4805],[1.4494],[1.7391],[2.2954],[2.9931],[3.6437],[4.108],[4.3644],[4.4874],[4.5368],[4.4414],[1.7218],[2.292],[2.6609],[2.9621],[3.1908],[3.246],[3.1816],[3.2333],[3.5552],[3.9678],[4.092],[3.8046],[3.2874],[2.7713],[2.331],[1.931],[1.6069],[1.4931],[1.669],[2.1069],[2.7115],[3.2874],[3.6621],[3.7034],[3.4299],[2.9126],[2.2598],[1.8805],[2.0494],[2.0586],[2.0885],[2.2299],[2.3805],[2.4655],[2.5816],[2.769],[2.8644],[2.6793],[2.3138],[2.0276],[1.9494],[1.9253],[1.7943],[1.6207],[1.531],[1.5874],[1.7552],[1.977],[2.208],[2.3299],[2.2333],[1.8057],[1.0552],[0.0713],[0.3425],[0.3483],[0.2345],[0.1851],[0.3034],[0.5023],[0.6759],[0.8345],[0.9839],[0.9977],[0.831],[0.6299],[0.5908],[0.7287],[0.8437],[0.8609],[0.9161],[1.0747],[1.2494],[1.3034],[1.2264],[1.0598],[0.8322],[0.4724],[-0.0977],[-0.9161],[-1.9195],[-2.7011],[-2.5575],[-2.4402],[-2.346],[-2.1954],[-2.0345],[-1.9115],[-1.7552],[-1.5379],[-1.354],[-1.2598],[-1.1586],[-0.9966],[-0.8609],[-0.8195],[-0.7483],[-0.4483],[0.0356],[0.4425],[0.5816],[0.4736],[0.1782],[-0.2954],[-0.9425],[-1.7218],[-2.5805],[-3.4483]]},{"header":{"disciplineName":["Meteorological products"],"parameterCategory":[2],"parameterCategoryName":["v-component of wind"],"parameterNumberName":["v-component of wind"],"parameterNumber":[3],"parameterUnits":["m s-1"],"refTime":["2017-03-17T0000:00.000Z"],"numberPoints":[621],"nx":[27],"ny":[23],"lo1":[-20],"la1":[70],"lo2":[45],"la2":[45],"dx":[2.5],"dy":[2.5]},"data":[[0.0977],[0.3575],[0.6207],[0.8839],[1.1161],[1.2989],[1.446],[1.5356],[1.5644],[1.5425],[1.4736],[1.3644],[1.2241],[1.0701],[0.9034],[0.7287],[0.5448],[0.3299],[0.0989],[-0.1632],[-0.4506],[-0.7529],[-1.0632],[-1.3448],[-1.5908],[-1.769],[-1.8885],[1.0966],[1.1736],[1.2448],[1.3241],[1.4057],[1.5161],[1.6333],[1.7609],[1.8667],[1.9161],[1.923],[1.8506],[1.7322],[1.5736],[1.377],[1.1701],[0.9379],[0.6862],[0.4023],[0.0747],[-0.2724],[-0.6333],[-0.9724],[-1.2701],[-1.5046],[-1.6471],[-1.6954],[2.0954],[2.0299],[1.9471],[1.8989],[1.8989],[1.9644],[2.0713],[2.1966],[2.2989],[2.3241],[2.254],[2.0839],[1.8368],[1.5368],[1.2575],[1.0057],[0.8023],[0.6103],[0.4195],[0.2184],[-0.0161],[-0.2782],[-0.5402],[-0.7885],[-0.9782],[-1.1023],[-1.1759],[2.7575],[2.6471],[2.5425],[2.4644],[2.4345],[2.4575],[2.5276],[2.5931],[2.5977],[2.5149],[2.3],[1.9667],[1.5644],[1.1586],[0.8437],[0.6448],[0.5667],[0.5632],[0.592],[0.5897],[0.5253],[0.3908],[0.208],[0.0011],[-0.2115],[-0.4092],[-0.5816],[2.9862],[2.9379],[2.8563],[2.7632],[2.6598],[2.5701],[2.5069],[2.4644],[2.3931],[2.2276],[1.9425],[1.5563],[1.1276],[0.7598],[0.5529],[0.5299],[0.6575],[0.8736],[1.0575],[1.1494],[1.123],[0.9851],[0.7701],[0.5161],[0.2448],[-0.0287],[-0.2897],[2.8644],[2.8379],[2.7506],[2.5713],[2.3345],[2.0816],[1.892],[1.769],[1.6885],[1.5598],[1.3379],[1.0345],[0.6977],[0.4667],[0.4356],[0.6345],[0.9713],[1.3115],[1.5345],[1.5632],[1.4149],[1.1494],[0.8425],[0.5299],[0.2483],[-0.0011],[-0.2172],[2.3759],[2.3034],[2.169],[1.9276],[1.6345],[1.3391],[1.1161],[1.031],[1.0276],[1.0299],[0.9195],[0.7],[0.4161],[0.2506],[0.3103],[0.6184],[1.0506],[1.4333],[1.6276],[1.5678],[1.3264],[1.0092],[0.7023],[0.4299],[0.2138],[0.0437],[-0.0632],[1.5437],[1.3885],[1.2552],[1.1115],[0.954],[0.7954],[0.6943],[0.6897],[0.7851],[0.8655],[0.8437],[0.6517],[0.3655],[0.1494],[0.1667],[0.4356],[0.8402],[1.1943],[1.3483],[1.292],[1.1138],[0.923],[0.7644],[0.5954],[0.3954],[0.1954],[0.092],[0.5885],[0.377],[0.323],[0.3954],[0.4724],[0.4966],[0.4402],[0.408],[0.4494],[0.554],[0.6368],[0.608],[0.454],[0.308],[0.3011],[0.4805],[0.7575],[0.9747],[1.0471],[1.0195],[1.0034],[1.0414],[1.0586],[0.9218],[0.6011],[0.1828],[-0.1184],[-0.1828],[-0.4368],[-0.4287],[-0.2184],[-0.0092],[0.0034],[-0.223],[-0.5149],[-0.6678],[-0.5494],[-0.2069],[0.1747],[0.4759],[0.6805],[0.8552],[1.0322],[1.1575],[1.1517],[1.0529],[0.9655],[1.0264],[1.2115],[1.3322],[1.1609],[0.6368],[-0.0437],[-0.5609],[-0.6793],[-0.9885],[-1.0092],[-0.8195],[-0.6782],[-0.8529],[-1.3563],[-1.946],[-2.269],[-2.0943],[-1.4368],[-0.5379],[0.3356],[1.0356],[1.531],[1.823],[1.8678],[1.6644],[1.3195],[1.0724],[1.0828],[1.3046],[1.4575],[1.2667],[0.6724],[-0.0701],[-0.5989],[-1.0655],[-1.3862],[-1.4747],[-1.4103],[-1.4172],[-1.6885],[-2.2483],[-2.8747],[-3.1828],[-2.9368],[-2.1322],[-0.9977],[0.1609],[1.1391],[1.854],[2.2632],[2.3057],[2.0046],[1.5253],[1.154],[1.1103],[1.3195],[1.4828],[1.331],[0.8609],[0.3506],[0.0701],[-1.431],[-1.708],[-1.8414],[-1.8667],[-1.9149],[-2.0816],[-2.3851],[-2.7161],[-2.8494],[-2.577],[-1.8701],[-0.9023],[0.1],[0.9782],[1.6552],[2.0632],[2.1218],[1.8069],[1.3241],[0.9816],[1.0057],[1.2828],[1.4897],[1.3966],[1.0943],[0.9057],[0.9713],[-1.7368],[-1.9149],[-2.0184],[-2.0678],[-2.0609],[-2.0287],[-2.023],[-2.0425],[-1.9678],[-1.6989],[-1.1621],[-0.4632],[0.2356],[0.8264],[1.2563],[1.4885],[1.431],[1.0609],[0.6195],[0.4391],[0.708],[1.2322],[1.5897],[1.5506],[1.3103],[1.2667],[1.5069],[-1.8586],[-1.9391],[-1.9839],[-1.9782],[-1.9126],[-1.8046],[-1.723],[-1.6701],[-1.5414],[-1.1943],[-0.6069],[0.0782],[0.6425],[0.9632],[1.0655],[0.9609],[0.6207],[0.0632],[-0.4276],[-0.4483],[0.1828],[1.1609],[1.8989],[2.0494],[1.8138],[1.6322],[1.6966],[-1.7115],[-1.7862],[-1.7805],[-1.6724],[-1.5471],[-1.5172],[-1.6276],[-1.7333],[-1.5908],[-1.0345],[-0.1632],[0.6977],[1.2126],[1.2816],[1.0494],[0.6057],[-0.0448],[-0.8506],[-1.4954],[-1.4862],[-0.5448],[0.9851],[2.3598],[2.9839],[2.8931],[2.4552],[2],[-1.2862],[-1.4471],[-1.454],[-1.2483],[-1.0897],[-1.1713],[-1.5023],[-1.7299],[-1.4908],[-0.6805],[0.3839],[1.2149],[1.4874],[1.254],[0.777],[0.208],[-0.5195],[-1.4575],[-2.2759],[-2.3598],[-1.3057],[0.6586],[2.708],[4.0287],[4.3023],[3.7149],[2.6506],[-0.5333],[-0.8471],[-0.9598],[-0.7966],[-0.6586],[-0.8586],[-1.2529],[-1.4],[-0.9667],[-0.054],[0.8356],[1.231],[1.0241],[0.5345],[0.0862],[-0.2931],[-0.8322],[-1.6793],[-2.5207],[-2.7],[-1.6828],[0.431],[2.8885],[4.7667],[5.4276],[4.8195],[3.2943],[0.5299],[-0.008],[-0.3448],[-0.354],[-0.3598],[-0.6264],[-0.9736],[-0.9299],[-0.3552],[0.4195],[0.8138],[0.5816],[-0.0034],[-0.4736],[-0.6115],[-0.6345],[-0.9322],[-1.6011],[-2.2575],[-2.2793],[-1.2379],[0.7897],[3.1655],[5.077],[5.7931],[5.1046],[3.3747],[1.6253],[0.8506],[0.2747],[0.0701],[-0.0851],[-0.3862],[-0.6218],[-0.4644],[0.0736],[0.5149],[0.4],[-0.231],[-0.8552],[-0.9885],[-0.7069],[-0.531],[-0.8126],[-1.3736],[-1.6609],[-1.2368],[-0.0207],[1.7425],[3.6299],[5.0356],[5.3598],[4.3943],[2.554],[2.3149],[1.3874],[0.7333],[0.4276],[0.2161],[-0.0517],[-0.223],[-0.0931],[0.2264],[0.3483],[-0.0264],[-0.6736],[-1.008],[-0.7299],[-0.1862],[-0.0552],[-0.5149],[-1.0391],[-0.9368],[-0.0724],[1.2149],[2.5598],[3.7897],[4.5552],[4.3736],[3.031],[1.0333],[2.323],[1.5092],[0.9575],[0.6276],[0.3724],[0.1195],[-0.0299],[-0.0333],[0.0333],[-0.0414],[-0.3586],[-0.7299],[-0.7161],[-0.1678],[0.4586],[0.5207],[-0.031],[-0.4724],[-0.1839],[0.708],[1.6253],[2.3333],[3.0149],[3.5057],[3.1701],[1.6138],[-0.5713],[1.8989],[1.4402],[1.0747],[0.6425],[0.2138],[-0.092],[-0.2678],[-0.3897],[-0.4793],[-0.5517],[-0.631],[-0.6678],[-0.4402],[0.1828],[0.8483],[0.992],[0.6],[0.2805],[0.4931],[0.923],[1.0678],[1.0851],[1.5069],[2.1816],[2.0759],[0.5494],[-1.7253]]}]