html/data/WT_pct09_ind_wt_5_1.json
[{"header":{"disciplineName":["Meteorological products"],"parameterCategory":[0],"parameterCategoryName":["Temperature"],"parameterNumberName":["Temperature"],"parameterNumber":[0],"parameterUnits":["K"],"refTime":["2017-03-17T0000:00.000Z"],"numberPoints":[621],"nx":[27],"ny":[23],"lo1":[-20],"la1":[70],"lo2":[45],"la2":[45],"dx":[2.5],"dy":[2.5]},"data":[[-4.6481],[-4.4406],[-4.2651],[-4.1009],[-3.9953],[-3.9274],[-3.8764],[-3.8538],[-3.816],[-3.7745],[-3.716],[-3.6613],[-3.6217],[-3.6387],[-3.7274],[-3.9255],[-4.2142],[-4.5877],[-5.0236],[-5.4745],[-5.8915],[-6.2462],[-6.5104],[-6.684],[-6.7745],[-6.8292],[-6.8877],[-2.716],[-2.5387],[-2.4236],[-2.3575],[-2.333],[-2.35],[-2.3802],[-2.416],[-2.416],[-2.3764],[-2.2953],[-2.1896],[-2.0915],[-2.0349],[-2.0858],[-2.2538],[-2.5613],[-2.9783],[-3.4783],[-4.0009],[-4.484],[-4.8557],[-5.1085],[-5.2047],[-5.2406],[-5.1991],[-5.1726],[-1.1179],[-1.05],[-1.033],[-1.05],[-1.0764],[-1.1179],[-1.1538],[-1.1538],[-1.1274],[-1.0708],[-0.9708],[-0.85],[-0.7255],[-0.6613],[-0.6896],[-0.85],[-1.1481],[-1.5726],[-2.084],[-2.5953],[-3.0481],[-3.3594],[-3.5198],[-3.5311],[-3.4481],[-3.3274],[-3.2198],[-0.116],[-0.1481],[-0.2047],[-0.2274],[-0.2292],[-0.1934],[-0.1104],[-0.0292],[0.0745],[0.1858],[0.3009],[0.4123],[0.5198],[0.5708],[0.55],[0.416],[0.1481],[-0.2198],[-0.65],[-1.0613],[-1.3877],[-1.5575],[-1.5783],[-1.4594],[-1.2858],[-1.1085],[-0.984],[0.3953],[0.3425],[0.3142],[0.3179],[0.3934],[0.5311],[0.7047],[0.8802],[1.0632],[1.2179],[1.3481],[1.4689],[1.5651],[1.6387],[1.6406],[1.5594],[1.3708],[1.0934],[0.7802],[0.516],[0.3689],[0.3802],[0.5198],[0.7745],[1.05],[1.2858],[1.4613],[0.9198],[0.9198],[0.9236],[0.9632],[1.0481],[1.1802],[1.367],[1.5632],[1.7557],[1.9198],[2.0745],[2.2292],[2.3651],[2.484],[2.5387],[2.5198],[2.4179],[2.2368],[2.0538],[1.9387],[1.9689],[2.1613],[2.4896],[2.8858],[3.2575],[3.5613],[3.784],[1.8142],[1.8198],[1.8028],[1.7858],[1.8009],[1.8708],[1.9877],[2.1425],[2.3236],[2.5198],[2.7085],[2.9236],[3.1311],[3.3047],[3.4179],[3.4481],[3.3896],[3.2953],[3.2274],[3.2689],[3.467],[3.8236],[4.2821],[4.7557],[5.1858],[5.5104],[5.7443],[2.9613],[2.8425],[2.7066],[2.6066],[2.5575],[2.5953],[2.7085],[2.867],[3.0764],[3.333],[3.6236],[3.9274],[4.2292],[4.4745],[4.6217],[4.6764],[4.6443],[4.6104],[4.616],[4.7689],[5.0632],[5.4896],[5.9594],[6.4009],[6.7613],[7.0274],[7.2481],[4.0179],[3.7349],[3.4934],[3.3708],[3.3934],[3.5028],[3.6877],[3.916],[4.1934],[4.5368],[4.9311],[5.3745],[5.7953],[6.1085],[6.2764],[6.3085],[6.267],[6.2123],[6.2255],[6.3406],[6.5783],[6.8821],[7.2255],[7.5349],[7.7877],[8.0179],[8.2708],[4.9236],[4.5594],[4.3519],[4.3651],[4.5406],[4.8104],[5.0802],[5.3387],[5.6236],[5.9821],[6.4406],[6.9632],[7.4519],[7.8066],[7.9726],[7.9745],[7.8708],[7.7613],[7.6745],[7.6274],[7.6481],[7.7179],[7.8425],[8.0368],[8.2745],[8.5613],[8.933],[5.75],[5.5028],[5.4953],[5.6934],[6.0236],[6.3764],[6.6745],[6.9104],[7.1311],[7.4292],[7.8274],[8.2991],[8.7538],[9.0745],[9.1953],[9.1651],[9.0858],[8.9802],[8.8689],[8.716],[8.5481],[8.45],[8.4972],[8.7047],[9.0066],[9.3613],[9.7387],[6.5896],[6.5764],[6.7387],[7.0274],[7.3613],[7.7028],[8.0217],[8.2953],[8.5274],[8.7594],[9.0274],[9.3519],[9.6783],[9.9047],[9.9858],[9.9821],[10.016],[10.0972],[10.1594],[10.1236],[10.0123],[9.9877],[10.1858],[10.5877],[11.0425],[11.3726],[11.5292],[7.5274],[7.6802],[7.8632],[8.033],[8.2406],[8.5802],[9.0613],[9.5877],[9.9896],[10.2047],[10.3538],[10.5255],[10.7292],[10.8764],[10.9368],[10.9594],[11.0858],[11.3594],[11.6594],[11.8557],[11.9689],[12.2085],[12.7594],[13.5462],[14.3085],[14.7142],[14.7028],[8.6349],[8.8236],[8.8689],[8.8802],[9.084],[9.6594],[10.5613],[11.4594],[12.0519],[12.2443],[12.2425],[12.2764],[12.4292],[12.5538],[12.5462],[12.4311],[12.4085],[12.5934],[12.8877],[13.15],[13.4123],[13.9236],[14.8877],[16.1934],[17.4292],[18.2274],[18.5519],[9.767],[9.9142],[9.9066],[10.0123],[10.584],[11.7387],[13.1802],[14.3858],[14.9783],[14.9821],[14.7877],[14.7236],[14.8387],[14.8934],[14.6934],[14.2462],[13.8179],[13.6217],[13.6236],[13.7047],[13.9462],[14.6255],[15.967],[17.7519],[19.45],[20.7255],[21.6708],[10.6368],[10.7991],[10.9708],[11.5349],[12.7745],[14.6142],[16.4934],[17.7557],[18.1217],[17.9085],[17.5934],[17.5104],[17.5726],[17.4726],[16.9651],[16.1613],[15.3557],[14.8123],[14.5481],[14.484],[14.7028],[15.55],[17.1783],[19.2745],[21.1519],[22.4066],[23.433],[11.284],[11.6387],[12.1575],[13.2066],[15.0009],[17.2292],[19.1877],[20.2632],[20.467],[20.2802],[20.1972],[20.2896],[20.3009],[19.9085],[19.1198],[18.1406],[17.2745],[16.7274],[16.5066],[16.516],[16.8575],[17.8557],[19.6934],[21.9726],[23.7274],[24.4198],[24.5575],[12.3632],[13.067],[13.8972],[15.1217],[16.9066],[18.95],[20.6349],[21.5236],[21.816],[22.067],[22.5311],[22.933],[22.8236],[22.1274],[21.1349],[20.2123],[19.5368],[19.1783],[19.1443],[19.3764],[19.8783],[20.9217],[22.7519],[25.0594],[26.8142],[27.1047],[26.2066],[14.4764],[15.6009],[16.6066],[17.6387],[18.9179],[20.3802],[21.6311],[22.4198],[22.9953],[23.8047],[24.7802],[25.3236],[25.0009],[24.0198],[22.984],[22.2368],[21.7311],[21.4292],[21.4387],[21.7934],[22.3594],[23.1858],[24.6462],[26.7557],[28.7217],[29.367],[28.416],[17.4575],[18.8726],[19.9425],[20.6594],[21.35],[22.2274],[23.1255],[23.884],[24.6349],[25.6745],[26.7443],[27.1236],[26.5142],[25.4142],[24.5462],[24.0538],[23.6425],[23.1953],[23.0764],[23.4443],[24.0274],[24.5179],[25.2594],[26.7462],[28.7142],[30.0632],[29.9726],[20.3934],[21.7991],[22.8047],[23.3009],[23.6481],[24.1726],[24.8538],[25.5028],[26.1802],[27.033],[27.8028],[27.9179],[27.2274],[26.2934],[25.7953],[25.6689],[25.3915],[24.8821],[24.6538],[25.0481],[25.6651],[25.9406],[26.0274],[26.6538],[28.0349],[29.4368],[29.967],[22.3179],[23.3764],[24.1462],[24.5123],[24.7387],[25.1085],[25.6425],[26.1066],[26.5368],[27.0613],[27.5594],[27.6557],[27.2406],[26.7708],[26.7066],[26.8877],[26.8425],[26.4802],[26.3123],[26.6689],[27.2311],[27.4311],[27.3726],[27.5142],[28.1028],[28.7009],[28.8142],[22.7858],[23.3236],[23.7557],[24.0047],[24.1972],[24.5009],[24.8858],[25.1859],[25.4085],[25.7387],[26.1745],[26.5349],[26.6745],[26.7311],[26.9047],[27.1368],[27.2406],[27.1764],[27.1387],[27.2311],[27.3557],[27.4915],[27.7934],[28.2783],[28.6443],[28.4368],[27.5953]]},{"header":{"disciplineName":["Meteorological products"],"parameterCategory":[2],"parameterCategoryName":["u-component of wind"],"parameterNumberName":["u-component of wind"],"parameterNumber":[2],"parameterUnits":["m s-1"],"refTime":["2017-03-17T0000:00.000Z"],"numberPoints":[621],"nx":[27],"ny":[23],"lo1":[-20],"la1":[70],"lo2":[45],"la2":[45],"dx":[2.5],"dy":[2.5]},"data":[[3.2396],[3.5547],[3.7698],[3.8906],[3.9264],[3.9245],[3.8981],[3.8981],[3.9302],[4.0151],[4.1208],[4.2264],[4.3189],[4.3679],[4.366],[4.3245],[4.266],[4.217],[4.2075],[4.2547],[4.3377],[4.4792],[4.6434],[4.8208],[4.9811],[5.1245],[5.2491],[2.3],[2.7377],[3.0396],[3.2245],[3.3226],[3.3868],[3.4566],[3.5698],[3.7472],[3.9736],[4.2151],[4.4396],[4.5962],[4.6566],[4.6283],[4.5264],[4.4113],[4.3113],[4.266],[4.3226],[4.4642],[4.6755],[4.9358],[5.2019],[5.4623],[5.6962],[5.9208],[1.4943],[1.8547],[2.1208],[2.3189],[2.4868],[2.6717],[2.9075],[3.1981],[3.5528],[3.9321],[4.3189],[4.6623],[4.9113],[5.0491],[5.0792],[5.0377],[4.9906],[4.9585],[5],[5.134],[5.3189],[5.5434],[5.7868],[6],[6.2],[6.3868],[6.6],[1.2774],[1.4019],[1.534],[1.6887],[1.9],[2.1698],[2.4698],[2.8132],[3.1811],[3.5698],[3.9547],[4.3245],[4.6453],[4.917],[5.1377],[5.3453],[5.5679],[5.8396],[6.1434],[6.4811],[6.7698],[7.0151],[7.1962],[7.3019],[7.3774],[7.4604],[7.6075],[1.8038],[1.7075],[1.6887],[1.8019],[2],[2.2358],[2.4566],[2.6415],[2.8075],[3],[3.2321],[3.5377],[3.8679],[4.2377],[4.6302],[5.0472],[5.5151],[6.0415],[6.5868],[7.0906],[7.517],[7.7981],[7.9585],[8.0396],[8.0981],[8.2226],[8.4453],[2.9302],[2.717],[2.6377],[2.6925],[2.8113],[2.8868],[2.8811],[2.7981],[2.7038],[2.6849],[2.8057],[3.0528],[3.3717],[3.717],[4.0509],[4.3849],[4.7698],[5.1981],[5.6679],[6.1491],[6.6038],[6.9396],[7.2132],[7.4264],[7.6774],[8.0245],[8.4604],[4.4755],[4.2453],[4.1189],[4.0396],[3.966],[3.8075],[3.566],[3.2623],[3.0245],[2.9415],[3.0547],[3.3094],[3.6038],[3.8321],[3.9226],[3.9283],[3.9151],[3.9377],[4.0642],[4.3113],[4.6358],[5.0321],[5.4566],[5.9075],[6.3887],[6.9057],[7.5019],[6.2774],[5.9906],[5.6906],[5.3792],[5.0528],[4.6943],[4.3075],[3.9396],[3.6906],[3.5906],[3.6679],[3.8679],[4.0528],[4.1321],[4.0585],[3.834],[3.5302],[3.2113],[2.9755],[2.8943],[3.0075],[3.3302],[3.7887],[4.2868],[4.7887],[5.2396],[5.6717],[7.8321],[7.3226],[6.7491],[6.1472],[5.6151],[5.1736],[4.817],[4.5226],[4.2679],[4.0679],[3.9264],[3.8358],[3.8113],[3.8],[3.783],[3.7113],[3.5283],[3.2208],[2.8283],[2.4736],[2.2887],[2.3396],[2.6113],[2.9321],[3.1434],[3.2358],[3.266],[8.3189],[7.5736],[6.7377],[5.9189],[5.2472],[4.8226],[4.6094],[4.4755],[4.266],[3.934],[3.5057],[3.0792],[2.8189],[2.7962],[2.9887],[3.3038],[3.4962],[3.4264],[3.0679],[2.5528],[2.1019],[1.8962],[1.8962],[1.9358],[1.817],[1.517],[1.1528],[7.4057],[6.6415],[5.7547],[4.8509],[4.1075],[3.7264],[3.6792],[3.7755],[3.7774],[3.5491],[3.0962],[2.6075],[2.2623],[2.234],[2.5132],[2.966],[3.3453],[3.4264],[3.1396],[2.6264],[2.1472],[1.8811],[1.8075],[1.7377],[1.4887],[1.034],[0.534],[5.7755],[5.2321],[4.5642],[3.7943],[3.1434],[2.8642],[3.0132],[3.4245],[3.7792],[3.9038],[3.7849],[3.5377],[3.3038],[3.1943],[3.234],[3.3774],[3.4792],[3.4075],[3.1472],[2.7925],[2.5472],[2.4849],[2.5245],[2.5151],[2.3283],[2.0075],[1.6755],[4.3283],[4.1321],[3.8642],[3.4849],[3.1887],[3.2302],[3.6585],[4.2981],[4.8811],[5.2585],[5.4358],[5.4962],[5.4415],[5.2792],[5.0151],[4.6528],[4.266],[3.8736],[3.5547],[3.3849],[3.3887],[3.517],[3.6491],[3.6792],[3.6302],[3.5717],[3.5585],[3.3208],[3.3736],[3.5226],[3.7057],[4.0245],[4.5472],[5.2208],[5.8038],[6.1434],[6.2736],[6.3887],[6.5981],[6.7962],[6.8453],[6.6075],[6.1208],[5.4906],[4.9113],[4.5132],[4.3528],[4.4208],[4.5585],[4.6208],[4.6094],[4.6547],[4.8623],[5.1604],[2.4679],[2.6415],[3.1208],[3.8057],[4.6604],[5.4906],[6.0962],[6.2208],[5.9283],[5.5283],[5.3887],[5.6698],[6.2396],[6.7811],[7.0302],[6.9019],[6.4887],[5.9604],[5.5302],[5.3509],[5.3547],[5.4019],[5.3868],[5.3698],[5.5415],[5.9604],[6.4057],[1.8509],[2.1906],[2.9],[3.8434],[4.8151],[5.4925],[5.5981],[5.1283],[4.334],[3.683],[3.5906],[4.0585],[4.8962],[5.7415],[6.3453],[6.5755],[6.4811],[6.2113],[5.9717],[5.9321],[6.0434],[6.1547],[6.1887],[6.2566],[6.5453],[7.0547],[7.4679],[2.1283],[2.7774],[3.666],[4.6132],[5.3019],[5.4358],[4.966],[4.1434],[3.4208],[3.1528],[3.4113],[3.983],[4.5887],[5.0245],[5.2528],[5.2981],[5.2491],[5.2358],[5.4094],[5.8038],[6.3],[6.6849],[6.8472],[6.9057],[7.0887],[7.4472],[7.7396],[3.617],[4.5415],[5.5132],[6.2943],[6.6],[6.2849],[5.5434],[4.8189],[4.5528],[4.7792],[5.2358],[5.4698],[5.2925],[4.7698],[4.1264],[3.5906],[3.3415],[3.4717],[4.0396],[4.9283],[5.8849],[6.5623],[6.7811],[6.6377],[6.4283],[6.3472],[6.3981],[5.5434],[6.4302],[7.1434],[7.5981],[7.634],[7.2472],[6.6774],[6.2981],[6.3113],[6.5491],[6.6113],[6.1887],[5.266],[4.0868],[2.9642],[2.1472],[1.783],[1.9264],[2.5906],[3.6434],[4.7396],[5.5264],[5.7547],[5.4245],[4.7509],[4.0925],[3.7509],[6.3623],[6.7585],[6.8868],[6.8547],[6.7377],[6.5604],[6.3962],[6.2981],[6.2019],[5.9208],[5.3208],[4.4434],[3.4792],[2.583],[1.883],[1.4491],[1.2604],[1.3472],[1.7283],[2.3547],[3.1094],[3.7491],[3.9981],[3.7132],[2.9189],[1.8774],[1.0302],[4.7755],[4.5981],[4.1208],[3.6868],[3.4792],[3.5358],[3.7075],[3.7755],[3.4679],[2.7623],[1.8943],[1.1868],[0.8321],[0.8075],[0.9679],[1.2],[1.3943],[1.4566],[1.3906],[1.3302],[1.417],[1.6547],[1.8585],[1.7755],[1.2264],[0.1717],[-1.0132],[0.6604],[0.2547],[-0.3094],[-0.7245],[-0.8566],[-0.7038],[-0.4566],[-0.3604],[-0.6453],[-1.2226],[-1.7226],[-1.8113],[-1.4717],[-0.9151],[-0.2774],[0.4075],[0.9774],[1.1887],[0.9132],[0.3906],[-0.0377],[-0.2019],[-0.2057],[-0.2547],[-0.5736],[-1.3547],[-2.5377],[-4.7226],[-4.9075],[-5.0245],[-4.9887],[-4.8717],[-4.7604],[-4.6906],[-4.7075],[-4.8491],[-4.983],[-4.834],[-4.3113],[-3.634],[-3.0302],[-2.4226],[-1.6132],[-0.734],[-0.2358],[-0.3868],[-0.8566],[-1.2623],[-1.5],[-1.7208],[-1.9962],[-2.2868],[-2.7547],[-3.5906]]},{"header":{"disciplineName":["Meteorological products"],"parameterCategory":[2],"parameterCategoryName":["v-component of wind"],"parameterNumberName":["v-component of wind"],"parameterNumber":[3],"parameterUnits":["m s-1"],"refTime":["2017-03-17T0000:00.000Z"],"numberPoints":[621],"nx":[27],"ny":[23],"lo1":[-20],"la1":[70],"lo2":[45],"la2":[45],"dx":[2.5],"dy":[2.5]},"data":[[0.4679],[0.4642],[0.4075],[0.3509],[0.2849],[0.2509],[0.2434],[0.2472],[0.2302],[0.1755],[0.0302],[-0.2245],[-0.583],[-1.0453],[-1.5755],[-2.1226],[-2.6472],[-3.1094],[-3.4774],[-3.7415],[-3.8925],[-3.9434],[-3.8981],[-3.783],[-3.6019],[-3.3736],[-3.1094],[1.5962],[1.4],[1.1283],[0.8283],[0.5642],[0.3811],[0.2943],[0.2849],[0.3],[0.2887],[0.183],[-0.0358],[-0.3868],[-0.8453],[-1.3925],[-1.9283],[-2.4245],[-2.8151],[-3.0887],[-3.2377],[-3.2528],[-3.1566],[-3.0038],[-2.7849],[-2.5604],[-2.3189],[-2.083],[2.4698],[2.1057],[1.6642],[1.2491],[0.9226],[0.7283],[0.6566],[0.6642],[0.6792],[0.6415],[0.4868],[0.1943],[-0.2283],[-0.7679],[-1.3358],[-1.8887],[-2.3528],[-2.7075],[-2.8925],[-2.9528],[-2.8434],[-2.6189],[-2.3038],[-1.9604],[-1.6094],[-1.2887],[-1.0453],[2.7057],[2.2642],[1.8528],[1.5566],[1.4057],[1.3774],[1.4038],[1.4415],[1.417],[1.2906],[1.0377],[0.666],[0.1774],[-0.3472],[-0.866],[-1.3585],[-1.7736],[-2.1057],[-2.3226],[-2.4283],[-2.3811],[-2.1925],[-1.8491],[-1.417],[-0.9453],[-0.5264],[-0.2283],[2.5453],[2.1245],[1.8962],[1.8528],[1.9434],[2.0811],[2.1925],[2.2151],[2.1226],[1.9321],[1.6245],[1.2472],[0.8226],[0.4321],[0.066],[-0.2509],[-0.5585],[-0.8642],[-1.1887],[-1.4792],[-1.6698],[-1.6811],[-1.4792],[-1.0792],[-0.5811],[-0.0962],[0.2566],[2.2962],[1.9547],[1.8698],[1.983],[2.1717],[2.3075],[2.3698],[2.3472],[2.2566],[2.1283],[1.917],[1.6528],[1.3566],[1.0868],[0.8585],[0.7038],[0.5245],[0.2811],[-0.0491],[-0.4415],[-0.7849],[-0.9604],[-0.8868],[-0.5755],[-0.1038],[0.3547],[0.683],[2.017],[1.6925],[1.6151],[1.6774],[1.7434],[1.7509],[1.7302],[1.7415],[1.8472],[1.9887],[2.0566],[1.9642],[1.7038],[1.3698],[1.0717],[0.8642],[0.7245],[0.5811],[0.3981],[0.1887],[0.0245],[-0.0075],[0.1396],[0.4585],[0.8585],[1.2453],[1.466],[1.5811],[1.1623],[1.0208],[0.9868],[0.9321],[0.8453],[0.8208],[1.0189],[1.4321],[1.9472],[2.3377],[2.3717],[2.0415],[1.4906],[0.9208],[0.4811],[0.2113],[0.1038],[0.0981],[0.2264],[0.4925],[0.8868],[1.3491],[1.7811],[2.1358],[2.366],[2.466],[0.8981],[0.3585],[0.1566],[0.1698],[0.2321],[0.2736],[0.3774],[0.7113],[1.3075],[2.0245],[2.5528],[2.6623],[2.2943],[1.6264],[0.8943],[0.2868],[-0.1623],[-0.4453],[-0.4811],[-0.1906],[0.4321],[1.2623],[2.0585],[2.6075],[2.8755],[2.9679],[2.9717],[-0.0566],[-0.7623],[-0.9491],[-0.7208],[-0.3208],[0.034],[0.3113],[0.6396],[1.1208],[1.7038],[2.1736],[2.3132],[2.0962],[1.6491],[1.1509],[0.6415],[0.0736],[-0.5113],[-0.9038],[-0.8057],[-0.1094],[0.9377],[1.9396],[2.5245],[2.7],[2.6925],[2.7434],[-1.1396],[-2.0151],[-2.2415],[-1.8264],[-1.0415],[-0.2849],[0.2226],[0.4868],[0.7057],[0.9774],[1.2528],[1.417],[1.4434],[1.4302],[1.383],[1.1925],[0.634],[-0.2434],[-1.0774],[-1.3396],[-0.7717],[0.3547],[1.4264],[2.0113],[2.1245],[2.1226],[2.3358],[-2.017],[-3.0189],[-3.4208],[-2.9906],[-1.9189],[-0.7094],[0.1491],[0.5151],[0.5491],[0.5528],[0.6132],[0.7208],[0.8472],[1.0528],[1.2981],[1.3302],[0.8528],[-0.1604],[-1.234],[-1.6849],[-1.1736],[0.0151],[1.1472],[1.7302],[1.834],[1.9509],[2.3981],[-2.3962],[-3.4491],[-4.0604],[-3.7415],[-2.4377],[-0.7057],[0.6377],[1.2208],[1.1585],[0.9057],[0.7321],[0.6736],[0.6453],[0.6868],[0.8094],[0.8038],[0.3396],[-0.6321],[-1.6509],[-1.9962],[-1.3321],[-0.034],[1.1528],[1.766],[1.934],[2.1736],[2.7377],[-2.4302],[-3.4113],[-4.1358],[-3.8113],[-2.2113],[0.0094],[1.7736],[2.4208],[2.1245],[1.5491],[1.1717],[0.9887],[0.7925],[0.534],[0.2509],[-0.0925],[-0.6698],[-1.5547],[-2.3321],[-2.4113],[-1.5264],[-0.0811],[1.1774],[1.8377],[2.0811],[2.3472],[2.8151],[-2.5038],[-3.2792],[-3.8528],[-3.3528],[-1.4774],[0.9981],[2.8226],[3.2415],[2.5547],[1.7094],[1.3509],[1.366],[1.266],[0.7792],[0.0585],[-0.7283],[-1.5906],[-2.4604],[-3.0528],[-2.9],[-1.8151],[-0.2226],[1.1849],[2.0132],[2.3623],[2.5132],[2.5509],[-2.6057],[-2.9925],[-3.1887],[-2.5057],[-0.6811],[1.5472],[2.9774],[2.9962],[2.1358],[1.4377],[1.5],[1.9623],[2.0811],[1.4623],[0.3264],[-0.9189],[-2.0321],[-2.9698],[-3.5075],[-3.2547],[-2.0943],[-0.3528],[1.3321],[2.4717],[2.9887],[2.9245],[2.3245],[-2.2887],[-2.134],[-1.9453],[-1.2792],[-0.0189],[1.3811],[2.134],[1.9528],[1.4132],[1.3736],[2.0321],[2.8057],[2.8774],[1.9792],[0.5208],[-0.9245],[-2.1113],[-3.0094],[-3.5019],[-3.2736],[-2.1585],[-0.3717],[1.5094],[2.966],[3.6774],[3.466],[2.2679],[-1.3415],[-0.7],[-0.2755],[0.0585],[0.4755],[0.8491],[0.966],[0.9094],[1.0849],[1.7811],[2.7491],[3.2679],[2.8472],[1.5887],[0.0981],[-1.1453],[-2.0396],[-2.6906],[-3.0321],[-2.7887],[-1.7849],[-0.183],[1.5792],[3.0377],[3.8321],[3.6208],[2.2075],[-0.0226],[0.7717],[1.1547],[1.1415],[0.8792],[0.5377],[0.3453],[0.5528],[1.2849],[2.3019],[2.9736],[2.7849],[1.7453],[0.383],[-0.7377],[-1.4358],[-1.8755],[-2.183],[-2.2396],[-1.7981],[-0.7811],[0.5094],[1.7264],[2.6774],[3.2717],[3.2189],[2.0472],[1.2868],[1.7792],[1.9283],[1.7434],[1.3396],[0.8717],[0.6453],[0.9472],[1.7396],[2.4849],[2.5358],[1.6981],[0.434],[-0.5906],[-1.1189],[-1.3566],[-1.5736],[-1.6981],[-1.434],[-0.5698],[0.6377],[1.6604],[2.1302],[2.2377],[2.3698],[2.4642],[1.8019],[2.3604],[2.283],[2.1113],[1.9679],[1.8075],[1.5509],[1.3566],[1.4755],[1.8774],[2.1075],[1.7226],[0.7774],[-0.1415],[-0.583],[-0.6774],[-0.8679],[-1.2396],[-1.4151],[-0.9038],[0.3113],[1.6415],[2.3849],[2.2321],[1.6245],[1.3151],[1.4642],[1.2642],[2.8358],[2.2358],[1.8415],[1.7528],[1.783],[1.6642],[1.4075],[1.217],[1.1717],[1.0887],[0.6868],[0.1208],[-0.1811],[-0.1245],[-0.0981],[-0.5075],[-1.134],[-1.3321],[-0.7472],[0.3642],[1.3415],[1.6528],[1.2189],[0.483],[0.1094],[0.2547],[0.2396],[2.2358],[1.4283],[0.9434],[0.7868],[0.7019],[0.4755],[0.1264],[-0.1962],[-0.3472],[-0.4679],[-0.6717],[-0.7981],[-0.6377],[-0.3057],[-0.2887],[-0.7849],[-1.3868],[-1.4642],[-0.9604],[-0.4038],[-0.2151],[-0.3962],[-0.7],[-0.9189],[-0.966],[-0.8528],[-0.9792]]}]