html/data/WT_pct09_ind_wt_8_1.json
[{"header":{"disciplineName":["Meteorological products"],"parameterCategory":[0],"parameterCategoryName":["Temperature"],"parameterNumberName":["Temperature"],"parameterNumber":[0],"parameterUnits":["K"],"refTime":["2017-03-17T0000:00.000Z"],"numberPoints":[621],"nx":[27],"ny":[23],"lo1":[-20],"la1":[70],"lo2":[45],"la2":[45],"dx":[2.5],"dy":[2.5]},"data":[[0.814],[1.0044],[1.1491],[1.2588],[1.3447],[1.4325],[1.5386],[1.6842],[1.8772],[2.1351],[2.4298],[2.7605],[3.0947],[3.3982],[3.65],[3.8333],[3.9439],[3.9614],[3.9167],[3.8123],[3.6649],[3.5149],[3.3649],[3.2281],[3.1088],[3.0228],[2.9421],[1.4842],[1.6061],[1.7],[1.7886],[1.8991],[2.0377],[2.2316],[2.4921],[2.8026],[3.1667],[3.5404],[3.9096],[4.2465],[4.5175],[4.6921],[4.7781],[4.7737],[4.6825],[4.5325],[4.35],[4.1605],[3.9912],[3.8474],[3.7412],[3.6904],[3.657],[3.6596],[2.2632],[2.293],[2.336],[2.4061],[2.5439],[2.7456],[3.0149],[3.3465],[3.7228],[4.1167],[4.4956],[4.8395],[5.1175],[5.3123],[5.4219],[5.4482],[5.4035],[5.2974],[5.1702],[5.0395],[4.9096],[4.8053],[4.7254],[4.6588],[4.6219],[4.5991],[4.5868],[3.0474],[2.9886],[2.9675],[3.0175],[3.1474],[3.3737],[3.6746],[4.0368],[4.4307],[4.8281],[5.2088],[5.5342],[5.8053],[6.0088],[6.1456],[6.2281],[6.2588],[6.264],[6.2518],[6.2377],[6.2228],[6.1895],[6.1561],[6.0974],[6.0175],[5.9193],[5.8184],[3.7044],[3.5974],[3.5482],[3.5772],[3.6886],[3.9009],[4.1886],[4.5447],[4.9412],[5.3588],[5.7684],[6.1412],[6.4719],[6.736],[6.9491],[7.0939],[7.193],[7.2632],[7.3061],[7.3412],[7.3614],[7.3658],[7.3386],[7.2737],[7.1684],[7.0395],[6.9026],[4.4553],[4.3737],[4.3325],[4.3395],[4.414],[4.5763],[4.8202],[5.136],[5.5149],[5.9447],[6.3842],[6.8044],[7.1737],[7.4649],[7.6763],[7.7991],[7.8693],[7.8991],[7.9096],[7.9202],[7.9307],[7.9439],[7.9482],[7.9237],[7.8649],[7.7833],[7.6982],[5.6667],[5.6009],[5.5447],[5.5044],[5.5105],[5.5877],[5.7395],[5.9912],[6.3342],[6.7325],[7.1711],[7.5842],[7.9281],[8.1816],[8.3395],[8.4289],[8.4719],[8.5132],[8.5544],[8.6061],[8.6649],[8.7368],[8.8228],[8.8728],[8.8781],[8.8246],[8.7465],[7.2605],[7.1298],[6.9965],[6.8842],[6.8105],[6.7921],[6.8596],[7.0325],[7.3219],[7.7149],[8.1623],[8.5877],[8.9298],[9.1526],[9.2904],[9.3912],[9.5149],[9.6719],[9.8482],[10.0096],[10.1491],[10.2816],[10.4307],[10.5658],[10.6158],[10.5614],[10.4193],[8.8061],[8.5781],[8.393],[8.2535],[8.1623],[8.0956],[8.0956],[8.2096],[8.4982],[8.9544],[9.5],[10.0377],[10.4491],[10.6921],[10.8044],[10.9044],[11.0526],[11.2588],[11.4456],[11.5509],[11.5886],[11.6412],[11.7851],[12.0202],[12.2281],[12.307],[12.2561],[10.0895],[9.8684],[9.7781],[9.7693],[9.7596],[9.7149],[9.6842],[9.7868],[10.1079],[10.6667],[11.3614],[12.0386],[12.5307],[12.7491],[12.7588],[12.6851],[12.6605],[12.6605],[12.6132],[12.4281],[12.1561],[12.014],[12.1772],[12.6421],[13.1763],[13.543],[13.714],[11.2702],[11.2307],[11.386],[11.6132],[11.7763],[11.8263],[11.8447],[11.9719],[12.3096],[12.8895],[13.6018],[14.2798],[14.7412],[14.8684],[14.6825],[14.3693],[14.0825],[13.8781],[13.6474],[13.2632],[12.8377],[12.6649],[13.0307],[13.8588],[14.7754],[15.343],[15.4667],[12.4614],[12.6281],[13.0044],[13.4447],[13.8079],[14.0588],[14.286],[14.5579],[14.9254],[15.3702],[15.843],[16.2781],[16.5667],[16.5588],[16.2509],[15.8167],[15.4991],[15.4298],[15.4447],[15.3675],[15.2298],[15.3851],[16.1623],[17.4544],[18.6851],[19.2009],[18.8728],[13.5149],[13.7404],[14.1667],[14.7193],[15.3307],[15.9632],[16.6307],[17.2482],[17.6965],[17.9123],[17.9518],[17.9544],[17.9518],[17.8175],[17.464],[17.0482],[16.8825],[17.1912],[17.7965],[18.3579],[18.7763],[19.3746],[20.5912],[22.3439],[23.9684],[24.6193],[24.0403],[14.3386],[14.4965],[14.8851],[15.5974],[16.593],[17.8079],[19.0614],[20.0991],[20.6456],[20.6079],[20.1842],[19.7009],[19.3491],[19.014],[18.5325],[18.0061],[17.8368],[18.3123],[19.2614],[20.2167],[20.9342],[21.7377],[23.1746],[25.3219],[27.5368],[28.9193],[29.0693],[15.1456],[15.3325],[15.8728],[16.9544],[18.5211],[20.3175],[22.0061],[23.2316],[23.7219],[23.4281],[22.6246],[21.7421],[21.0184],[20.3535],[19.5553],[18.7211],[18.257],[18.493],[19.2658],[20.0675],[20.6518],[21.3833],[22.8746],[25.2693],[28.0035],[30.2719],[31.7395],[16.2895],[16.7702],[17.7289],[19.35],[21.4175],[23.4974],[25.1623],[26.1377],[26.3272],[25.7912],[24.8114],[23.7035],[22.6579],[21.6219],[20.5149],[19.4333],[18.736],[18.6474],[18.9886],[19.3711],[19.7246],[20.4965],[22.193],[24.7579],[27.5079],[29.8281],[31.7307],[17.9851],[18.9009],[20.3026],[22.2447],[24.4096],[26.2789],[27.4702],[27.9053],[27.7368],[27.1465],[26.2754],[25.1921],[23.9605],[22.657],[21.4289],[20.4386],[19.8737],[19.7167],[19.7561],[19.8193],[20.1596],[21.3193],[23.5526],[26.3561],[28.693],[30.0184],[30.8254],[20.0904],[21.3281],[22.8474],[24.6088],[26.3342],[27.6211],[28.2526],[28.2912],[28.0289],[27.6737],[27.1614],[26.3219],[25.0781],[23.6702],[22.486],[21.7825],[21.5395],[21.4868],[21.3921],[21.3009],[21.7281],[23.2702],[26.0009],[29.0912],[31.1904],[31.5939],[30.9114],[22.0535],[23.3474],[24.6211],[25.8105],[26.8272],[27.543],[27.8789],[27.9123],[27.8816],[27.9149],[27.8518],[27.3447],[26.2632],[24.9149],[23.8263],[23.2974],[23.1982],[23.1596],[22.993],[22.8368],[23.1912],[24.5868],[27.1254],[30.1263],[32.3939],[33.0061],[32.1053],[23.0298],[24.2044],[25.1368],[25.7816],[26.2395],[26.6474],[26.9904],[27.2509],[27.4921],[27.8018],[28.036],[27.8623],[27.1193],[26.0825],[25.2018],[24.7254],[24.5544],[24.4561],[24.3474],[24.3088],[24.5026],[25.1781],[26.6026],[28.764],[31.1018],[32.6851],[32.936],[22.5447],[23.5123],[24.2246],[24.6184],[24.8807],[25.2342],[25.6675],[26.0351],[26.3298],[26.6482],[26.9728],[27.1009],[26.8974],[26.4579],[26.0149],[25.6877],[25.4833],[25.4281],[25.5825],[25.8605],[25.9974],[25.9237],[26.0061],[26.8658],[28.6474],[30.7061],[32.0193],[20.9825],[21.6711],[22.2254],[22.5904],[22.8982],[23.2781],[23.6816],[23.9675],[24.136],[24.3219],[24.6386],[25.0333],[25.3842],[25.6167],[25.6965],[25.6184],[25.5193],[25.6167],[26.0263],[26.5123],[26.6439],[26.2465],[25.7175],[25.7596],[26.7175],[28.2535],[29.4482],[19.2579],[19.5842],[19.9096],[20.257],[20.6386],[21.0254],[21.3439],[21.5211],[21.5947],[21.714],[22.0009],[22.5149],[23.1825],[23.8088],[24.1588],[24.1833],[24.1518],[24.3728],[24.8088],[25.0939],[24.957],[24.6044],[24.4719],[24.8009],[25.4544],[26.1105],[26.3851]]},{"header":{"disciplineName":["Meteorological products"],"parameterCategory":[2],"parameterCategoryName":["u-component of wind"],"parameterNumberName":["u-component of wind"],"parameterNumber":[2],"parameterUnits":["m s-1"],"refTime":["2017-03-17T0000:00.000Z"],"numberPoints":[621],"nx":[27],"ny":[23],"lo1":[-20],"la1":[70],"lo2":[45],"la2":[45],"dx":[2.5],"dy":[2.5]},"data":[[0.4632],[0.5991],[0.6886],[0.7377],[0.7816],[0.8509],[0.9833],[1.1877],[1.4658],[1.7965],[2.1412],[2.457],[2.7219],[2.9254],[3.0588],[3.1518],[3.2377],[3.3325],[3.4596],[3.6193],[3.8009],[3.9693],[4.1114],[4.1842],[4.1868],[4.1211],[4.0123],[0.3912],[0.6149],[0.7588],[0.8237],[0.8447],[0.8807],[0.9904],[1.1947],[1.5018],[1.8816],[2.2842],[2.6518],[2.9404],[3.1246],[3.2202],[3.2474],[3.2588],[3.3044],[3.3895],[3.5237],[3.6842],[3.8316],[3.9307],[3.9377],[3.8763],[3.7325],[3.5228],[0.3912],[0.6675],[0.8667],[0.9825],[1.0482],[1.1149],[1.2395],[1.4675],[1.793],[2.193],[2.6053],[2.9702],[3.2175],[3.357],[3.3947],[3.3623],[3.3351],[3.3272],[3.3763],[3.4719],[3.5912],[3.6833],[3.7316],[3.6974],[3.6026],[3.457],[3.2868],[1.3088],[1.5588],[1.7737],[1.9342],[2.0368],[2.1193],[2.2289],[2.4009],[2.6325],[2.914],[3.1965],[3.4219],[3.5746],[3.6289],[3.6272],[3.6044],[3.6219],[3.6632],[3.75],[3.85],[3.9263],[3.9623],[3.9333],[3.8482],[3.7246],[3.6],[3.4956],[3.6272],[3.736],[3.8535],[3.9482],[4.0035],[4.0096],[4.0044],[4.0167],[4.0605],[4.1465],[4.2325],[4.2939],[4.3184],[4.2991],[4.2754],[4.2912],[4.3623],[4.4807],[4.6202],[4.7158],[4.7439],[4.6798],[4.5368],[4.3561],[4.1781],[4.0123],[3.9061],[6.7202],[6.593],[6.5018],[6.407],[6.2965],[6.1412],[5.9719],[5.7991],[5.6965],[5.6596],[5.6632],[5.6746],[5.657],[5.5904],[5.4939],[5.4325],[5.4219],[5.4719],[5.5395],[5.5482],[5.4702],[5.3009],[5.0833],[4.8386],[4.6351],[4.4702],[4.3632],[9.4465],[9.0649],[8.7237],[8.4298],[8.1421],[7.8404],[7.5237],[7.243],[7.0509],[7.0079],[7.0684],[7.1702],[7.2],[7.0719],[6.8281],[6.5184],[6.2491],[6.0518],[5.9061],[5.7632],[5.5702],[5.3307],[5.0982],[4.9307],[4.8561],[4.8807],[4.9421],[11.0088],[10.4605],[9.986],[9.6202],[9.3035],[8.9789],[8.6088],[8.2325],[7.9474],[7.8228],[7.8658],[7.9798],[7.9982],[7.807],[7.3781],[6.8219],[6.2825],[5.8614],[5.5711],[5.3184],[5.0561],[4.786],[4.593],[4.5825],[4.7772],[5.1281],[5.5377],[11.3211],[10.7482],[10.2912],[9.986],[9.7754],[9.5518],[9.2263],[8.7877],[8.307],[7.9053],[7.6605],[7.5342],[7.3781],[7.0553],[6.5456],[5.9237],[5.364],[4.9693],[4.7149],[4.5079],[4.2588],[3.9807],[3.8202],[3.9254],[4.3509],[5.0175],[5.736],[10.6368],[10.1412],[9.7316],[9.443],[9.2781],[9.1667],[8.9798],[8.6211],[8.0579],[7.3798],[6.7149],[6.1588],[5.686],[5.2412],[4.757],[4.2728],[3.8807],[3.6553],[3.5456],[3.4368],[3.243],[3.0053],[2.8711],[3.0447],[3.5614],[4.3421],[5.1719],[9.1491],[8.7228],[8.2456],[7.7956],[7.5009],[7.4526],[7.5675],[7.6439],[7.4351],[6.8605],[6.0325],[5.1588],[4.4254],[3.8605],[3.4035],[3.0088],[2.6702],[2.4158],[2.2465],[2.1184],[1.9693],[1.8254],[1.7991],[1.9982],[2.4623],[3.1061],[3.8351],[6.7816],[6.407],[5.8675],[5.2789],[4.9351],[5.0807],[5.7281],[6.5632],[7.1333],[7.1105],[6.5254],[5.6579],[4.8079],[4.1351],[3.5886],[3.0342],[2.4158],[1.7763],[1.2368],[0.8807],[0.7316],[0.757],[0.9184],[1.1544],[1.4026],[1.693],[2.0816],[3.7211],[3.4868],[3.2193],[2.9974],[3.0868],[3.7351],[4.9421],[6.3798],[7.5237],[8.0053],[7.7868],[7.1044],[6.3044],[5.5491],[4.8149],[3.9798],[2.9807],[1.9026],[0.9561],[0.35],[0.1904],[0.4088],[0.807],[1.1053],[1.1377],[0.9272],[0.7561],[0.8693],[1.057],[1.5535],[2.2868],[3.2518],[4.4167],[5.7061],[6.8754],[7.6868],[8.0202],[7.8877],[7.4509],[6.8456],[6.1412],[5.3561],[4.4667],[3.4632],[2.4088],[1.4649],[0.8421],[0.7123],[1.0816],[1.7228],[2.2509],[2.3018],[1.7737],[0.943],[-0.4342],[0.4114],[1.7868],[3.4158],[4.9175],[5.964],[6.4342],[6.3535],[5.9596],[5.5482],[5.2947],[5.15],[4.9272],[4.5377],[4.0193],[3.5325],[3.1246],[2.7307],[2.314],[1.9614],[1.9105],[2.3325],[3.1842],[4.0886],[4.5184],[4.0658],[2.807],[0.2272],[1.564],[3.2175],[4.7509],[5.6974],[5.743],[4.8728],[3.4],[1.9018],[0.9325],[0.7053],[0.9719],[1.2632],[1.3649],[1.3614],[1.564],[2.036],[2.5605],[2.8684],[2.9254],[2.9904],[3.3886],[4.2474],[5.3447],[6.1272],[6.0096],[4.7825],[1.4851],[2.714],[3.6956],[4.0298],[3.55],[2.3325],[0.6377],[-1.1404],[-2.5842],[-3.3096],[-3.2421],[-2.6596],[-2.0254],[-1.5456],[-1.0421],[-0.2482],[0.8711],[1.9974],[2.8184],[3.2868],[3.5982],[3.9719],[4.5044],[5.1298],[5.6184],[5.5868],[4.7386],[1.2596],[1.843],[1.7219],[0.7035],[-0.9526],[-2.6833],[-3.9877],[-4.7096],[-4.9772],[-4.9228],[-4.6053],[-4.1061],[-3.5281],[-2.8947],[-2.0614],[-0.9219],[0.3886],[1.607],[2.5833],[3.3921],[4.1079],[4.5175],[4.4307],[3.9061],[3.2833],[2.8132],[2.3921],[-1.286],[-1.3228],[-2.043],[-3.4623],[-5.1368],[-6.2921],[-6.4351],[-5.7307],[-4.8105],[-4.1965],[-3.9614],[-3.814],[-3.4404],[-2.7044],[-1.6026],[-0.2904],[0.9728],[1.9939],[2.8825],[3.864],[4.8509],[5.2728],[4.5342],[2.7728],[0.8719],[-0.2412],[-0.393],[-5.2167],[-5.4158],[-5.8605],[-6.5447],[-7.2018],[-7.3342],[-6.6298],[-5.35],[-4.164],[-3.5789],[-3.5123],[-3.4553],[-2.9728],[-1.9763],[-0.6246],[0.8096],[2.0123],[2.8702],[3.5482],[4.3333],[5.1544],[5.3412],[4.2272],[1.9246],[-0.5123],[-1.9061],[-1.9702],[-8.9605],[-9.0167],[-8.8491],[-8.4561],[-7.9605],[-7.3851],[-6.6518],[-5.8518],[-5.2202],[-4.9272],[-4.7474],[-4.3009],[-3.3956],[-2.1447],[-0.7632],[0.5877],[1.7447],[2.5535],[3.0026],[3.2798],[3.4921],[3.3254],[2.3553],[0.5693],[-1.3307],[-2.4798],[-2.6246],[-11.1526],[-11.2623],[-10.893],[-9.9974],[-8.9439],[-8.1877],[-7.8561],[-7.8079],[-7.8289],[-7.7316],[-7.2982],[-6.4404],[-5.3263],[-4.2342],[-3.2474],[-2.2325],[-1.1895],[-0.4018],[-0.1316],[-0.3035],[-0.5772],[-0.7509],[-0.9711],[-1.4798],[-2.214],[-2.8693],[-3.1667],[-10.7289],[-11.2377],[-11.2895],[-10.6702],[-9.786],[-9.2105],[-9.1886],[-9.5175],[-9.8456],[-9.8904],[-9.5035],[-8.7974],[-8.0474],[-7.514],[-7.0746],[-6.4386],[-5.5798],[-4.8702],[-4.6798],[-4.9219],[-5.0596],[-4.6728],[-3.8254],[-3.0132],[-2.6386],[-2.7851],[-3.0754]]},{"header":{"disciplineName":["Meteorological products"],"parameterCategory":[2],"parameterCategoryName":["v-component of wind"],"parameterNumberName":["v-component of wind"],"parameterNumber":[3],"parameterUnits":["m s-1"],"refTime":["2017-03-17T0000:00.000Z"],"numberPoints":[621],"nx":[27],"ny":[23],"lo1":[-20],"la1":[70],"lo2":[45],"la2":[45],"dx":[2.5],"dy":[2.5]},"data":[[-0.9193],[-0.5842],[-0.1456],[0.3632],[0.9149],[1.4789],[1.9886],[2.407],[2.7026],[2.8465],[2.8351],[2.6912],[2.4518],[2.1561],[1.8553],[1.5737],[1.3184],[1.0991],[0.893],[0.6912],[0.486],[0.2605],[0.0404],[-0.1632],[-0.3219],[-0.4368],[-0.4921],[-0.3114],[-0.0684],[0.2553],[0.6684],[1.15],[1.6904],[2.2298],[2.7035],[3.0544],[3.2307],[3.2351],[3.0737],[2.7965],[2.4579],[2.1167],[1.8114],[1.5491],[1.3149],[1.0974],[0.8675],[0.6132],[0.3351],[0.0588],[-0.2],[-0.4105],[-0.5588],[-0.6325],[0.3579],[0.4754],[0.6561],[0.9298],[1.3368],[1.8377],[2.3904],[2.9167],[3.307],[3.5132],[3.4991],[3.2895],[2.9702],[2.5833],[2.2105],[1.8763],[1.5789],[1.3298],[1.0842],[0.8167],[0.5526],[0.2728],[0.0096],[-0.2237],[-0.4167],[-0.5632],[-0.6763],[0.7623],[0.8132],[0.9149],[1.1298],[1.4982],[2.0079],[2.5991],[3.1509],[3.5605],[3.7342],[3.6877],[3.4482],[3.0991],[2.7228],[2.3649],[2.0342],[1.7263],[1.4114],[1.0851],[0.7553],[0.4465],[0.1816],[-0.0404],[-0.2114],[-0.3588],[-0.5061],[-0.6518],[0.9175],[0.9728],[1.0684],[1.2684],[1.6526],[2.1772],[2.7825],[3.3158],[3.6728],[3.7939],[3.6781],[3.4211],[3.1018],[2.8053],[2.5526],[2.2912],[1.9965],[1.6105],[1.1877],[0.7526],[0.3754],[0.0895],[-0.1333],[-0.2982],[-0.4579],[-0.6447],[-0.8447],[0.9088],[0.9561],[1.0184],[1.186],[1.5281],[2.0289],[2.6026],[3.1114],[3.436],[3.5],[3.3482],[3.0947],[2.8211],[2.6167],[2.4518],[2.2667],[1.9912],[1.5904],[1.1079],[0.6307],[0.2333],[-0.0588],[-0.2895],[-0.4991],[-0.7325],[-0.9877],[-1.1965],[0.5939],[0.5561],[0.5386],[0.6263],[0.9026],[1.3772],[1.9596],[2.5211],[2.9123],[3.0491],[2.9596],[2.7035],[2.4167],[2.1737],[1.9675],[1.7474],[1.4605],[1.0623],[0.6246],[0.2167],[-0.0851],[-0.2798],[-0.4325],[-0.6281],[-0.8877],[-1.1412],[-1.2772],[-0.1561],[-0.2851],[-0.3579],[-0.2772],[0.0219],[0.543],[1.2175],[1.9132],[2.4781],[2.7868],[2.8053],[2.5754],[2.1947],[1.7702],[1.3719],[1.0114],[0.6535],[0.2737],[-0.0982],[-0.4018],[-0.5649],[-0.5982],[-0.5807],[-0.5939],[-0.6921],[-0.8018],[-0.7956],[-1.1412],[-1.2982],[-1.2868],[-1.0614],[-0.6105],[0.0307],[0.7763],[1.5202],[2.15],[2.5518],[2.6465],[2.4325],[1.9693],[1.4149],[0.8851],[0.4535],[0.1026],[-0.2421],[-0.5974],[-0.9053],[-1.0693],[-1.0044],[-0.7439],[-0.4228],[-0.1702],[-0.0237],[0.0842],[-1.9754],[-2.1333],[-1.9772],[-1.5333],[-0.886],[-0.1561],[0.5272],[1.1026],[1.5281],[1.7833],[1.8254],[1.6377],[1.2395],[0.7693],[0.3561],[0.1018],[-0.0518],[-0.2465],[-0.5939],[-1.05],[-1.3789],[-1.3404],[-0.8649],[-0.1202],[0.6053],[1.0395],[1.136],[-2.557],[-2.7763],[-2.5746],[-1.9965],[-1.1684],[-0.3465],[0.2579],[0.5737],[0.6184],[0.5184],[0.3632],[0.1816],[-0.0535],[-0.2939],[-0.436],[-0.4035],[-0.257],[-0.207],[-0.4526],[-0.9693],[-1.4561],[-1.4675],[-0.814],[0.3351],[1.514],[2.2596],[2.3772],[-3.0254],[-3.3632],[-3.2325],[-2.5649],[-1.5009],[-0.4079],[0.3535],[0.5474],[0.2456],[-0.2868],[-0.7746],[-1.0798],[-1.2702],[-1.443],[-1.5509],[-1.4833],[-1.1982],[-0.886],[-0.8281],[-1.114],[-1.4816],[-1.4377],[-0.6763],[0.6737],[2.1368],[3.1781],[3.5307],[-3.4404],[-3.8018],[-3.6254],[-2.7333],[-1.25],[0.3386],[1.4447],[1.6667],[1.0509],[0.0149],[-0.9412],[-1.564],[-1.9623],[-2.3711],[-2.8526],[-3.1544],[-3.0404],[-2.5395],[-1.9877],[-1.6991],[-1.614],[-1.3456],[-0.564],[0.6693],[2.0263],[3.1246],[3.8158],[-3.6044],[-3.7368],[-3.2079],[-1.864],[0.0877],[2.0605],[3.3202],[3.4009],[2.3675],[0.7868],[-0.6825],[-1.6868],[-2.3851],[-3.1544],[-4.107],[-4.9061],[-5.0711],[-4.4614],[-3.4412],[-2.4825],[-1.7465],[-1.0307],[-0.1868],[0.7123],[1.464],[2.0798],[2.7518],[-3.2623],[-2.9333],[-1.8588],[-0.0781],[2.0211],[3.7825],[4.6018],[4.1921],[2.7412],[0.8386],[-0.8737],[-2.0825],[-2.9588],[-3.9018],[-5.0421],[-6.014],[-6.2763],[-5.6412],[-4.3947],[-3.0246],[-1.6868],[-0.3386],[0.9026],[1.5842],[1.4588],[0.9386],[0.8526],[-2.3228],[-1.5035],[-0.0289],[1.7754],[3.357],[4.1991],[4.0816],[3.136],[1.6649],[0.0351],[-1.4298],[-2.5921],[-3.5395],[-4.4754],[-5.4526],[-6.1807],[-6.3105],[-5.7175],[-4.6544],[-3.3167],[-1.6184],[0.4982],[2.4991],[3.3254],[2.3833],[0.4246],[-0.9561],[-0.9491],[0.1105],[1.5237],[2.7816],[3.3316],[2.9851],[2.0325],[0.9991],[0.1386],[-0.6193],[-1.4991],[-2.5789],[-3.6912],[-4.6763],[-5.4035],[-5.7456],[-5.6482],[-5.2123],[-4.5553],[-3.5447],[-1.7535],[0.9447],[3.6588],[4.7614],[3.2842],[0.1386],[-2.3789],[0.3737],[1.2842],[2.1421],[2.5228],[2.1053],[1.0342],[-0.0781],[-0.6],[-0.4851],[-0.3132],[-0.7368],[-1.8825],[-3.286],[-4.3842],[-4.9404],[-5.0307],[-4.8588],[-4.5991],[-4.2509],[-3.4728],[-1.7807],[0.9298],[3.6605],[4.6868],[2.9404],[-0.6465],[-3.614],[1.1228],[1.5219],[1.6009],[1.2325],[0.4289],[-0.5088],[-1.0193],[-0.7254],[0.0974],[0.6509],[0.257],[-1.0167],[-2.4991],[-3.4904],[-3.8684],[-3.914],[-3.8939],[-3.8061],[-3.4491],[-2.5974],[-1.0974],[0.8982],[2.6632],[3.0535],[1.3667],[-1.7386],[-4.3377],[1.1526],[0.9789],[0.3789],[-0.364],[-0.9596],[-1.1377],[-0.7342],[0.1491],[1.064],[1.3711],[0.7377],[-0.4746],[-1.5702],[-2.0904],[-2.2061],[-2.3579],[-2.6553],[-2.7333],[-2.1974],[-1.1105],[0.0596],[0.85],[1.0667],[0.6228],[-0.5833],[-2.3789],[-4.0421],[0.8553],[0.35],[-0.5702],[-1.3904],[-1.607],[-1.0886],[-0.0728],[0.9526],[1.5096],[1.3202],[0.5096],[-0.3956],[-0.8649],[-0.8386],[-0.7632],[-1.0789],[-1.6807],[-1.9263],[-1.3088],[-0.1684],[0.5246],[0.0974],[-1.1149],[-2.1596],[-2.5325],[-2.6474],[-3.1202],[0.6386],[0.1632],[-0.736],[-1.4789],[-1.5544],[-0.8684],[0.1658],[0.9535],[1.1184],[0.636],[-0.143],[-0.7246],[-0.8298],[-0.6202],[-0.5772],[-1.0202],[-1.7351],[-2.0868],[-1.6114],[-0.7114],[-0.486],[-1.6509],[-3.6202],[-4.9035],[-4.6325],[-3.4658],[-2.864],[0.3754],[0.1035],[-0.5535],[-1.1456],[-1.2588],[-0.8333],[-0.1904],[0.2368],[0.214],[-0.2404],[-0.8482],[-1.307],[-1.4737],[-1.4974],[-1.6535],[-2.1175],[-2.7456],[-3.1219],[-2.8947],[-2.3044],[-2.1825],[-3.2474],[-5.1404],[-6.5158],[-6.3009],[-4.9061],[-3.7237]]}]