html/data/WT_san09_ind_wt_5_2.json
[{"header":{"disciplineName":["Meteorological products"],"parameterCategory":[0],"parameterCategoryName":["Temperature"],"parameterNumberName":["Temperature"],"parameterNumber":[0],"parameterUnits":["K"],"refTime":["2017-03-17T0000:00.000Z"],"numberPoints":[621],"nx":[27],"ny":[23],"lo1":[-20],"la1":[70],"lo2":[45],"la2":[45],"dx":[2.5],"dy":[2.5]},"data":[[-4.951],[-4.7971],[-4.6363],[-4.5147],[-4.4147],[-4.3559],[-4.3196],[-4.298],[-4.2657],[-4.2294],[-4.1716],[-4.0882],[-4.0118],[-3.9275],[-3.8814],[-3.8922],[-3.9618],[-4.0951],[-4.2765],[-4.5118],[-4.7431],[-4.9686],[-5.1608],[-5.3255],[-5.448],[-5.5745],[-5.6941],[-3.452],[-3.3363],[-3.2245],[-3.1314],[-3.0588],[-3.0147],[-2.9814],[-2.9598],[-2.9402],[-2.9029],[-2.848],[-2.7716],[-2.6775],[-2.5902],[-2.5294],[-2.5049],[-2.5412],[-2.6392],[-2.7853],[-2.951],[-3.1186],[-3.25],[-3.3461],[-3.402],[-3.4324],[-3.4804],[-3.551],[-2.1098],[-2.0824],[-2.0451],[-1.9931],[-1.9206],[-1.8392],[-1.7373],[-1.6392],[-1.5461],[-1.4637],[-1.3931],[-1.3284],[-1.2667],[-1.2176],[-1.1873],[-1.1824],[-1.2108],[-1.2657],[-1.35],[-1.4216],[-1.4637],[-1.4637],[-1.398],[-1.3069],[-1.2127],[-1.1578],[-1.1706],[-1.0755],[-1.1314],[-1.1559],[-1.1294],[-1.0284],[-0.8618],[-0.6451],[-0.3951],[-0.1588],[0.05],[0.1931],[0.2804],[0.3118],[0.3127],[0.2853],[0.2539],[0.2127],[0.1637],[0.1255],[0.1186],[0.1618],[0.2755],[0.4608],[0.6814],[0.8863],[1.0461],[1.1147],[-0.3422],[-0.3873],[-0.4167],[-0.3765],[-0.2706],[-0.0686],[0.2147],[0.5794],[0.9412],[1.2784],[1.5235],[1.6686],[1.7176],[1.698],[1.6441],[1.5833],[1.5137],[1.4529],[1.4225],[1.4304],[1.5147],[1.6833],[1.9275],[2.2186],[2.5176],[2.7618],[2.9422],[0.3284],[0.3892],[0.4471],[0.498],[0.5539],[0.6775],[0.8931],[1.2255],[1.6196],[2.0127],[2.3431],[2.5471],[2.6373],[2.6412],[2.6049],[2.5569],[2.5167],[2.4745],[2.4686],[2.5059],[2.6225],[2.8402],[3.1235],[3.4471],[3.7686],[4.0559],[4.3157],[1.1402],[1.3294],[1.4696],[1.5108],[1.4637],[1.4186],[1.4784],[1.6971],[2.0559],[2.4843],[2.8696],[3.1382],[3.2941],[3.3716],[3.4098],[3.4461],[3.4804],[3.5225],[3.5853],[3.7118],[3.9098],[4.1853],[4.5098],[4.8118],[5.0676],[5.3],[5.5127],[2.1216],[2.3088],[2.4235],[2.3765],[2.2167],[2.0392],[1.9931],[2.1657],[2.5608],[3.0696],[3.5706],[3.9549],[4.2137],[4.3882],[4.5373],[4.6843],[4.8137],[4.9216],[5.0304],[5.1922],[5.4304],[5.7353],[6.0559],[6.3],[6.452],[6.5696],[6.699],[3.1539],[3.1539],[3.101],[2.9735],[2.7696],[2.5882],[2.5745],[2.8284],[3.3412],[4.0059],[4.6637],[5.198],[5.5794],[5.8559],[6.0941],[6.2912],[6.4275],[6.4951],[6.501],[6.5186],[6.6245],[6.8127],[7.0294],[7.2265],[7.3588],[7.4971],[7.6853],[4.1147],[3.8794],[3.7245],[3.6206],[3.5402],[3.5127],[3.6294],[3.9725],[4.5598],[5.2922],[6.0392],[6.6451],[7.0853],[7.3843],[7.6167],[7.7765],[7.8382],[7.7667],[7.5745],[7.3451],[7.1824],[7.1686],[7.2775],[7.4451],[7.6716],[7.9716],[8.3824],[4.951],[4.6735],[4.6],[4.701],[4.8647],[5.0392],[5.2539],[5.602],[6.1206],[6.7814],[7.4559],[8.0196],[8.4098],[8.6343],[8.7647],[8.8275],[8.8382],[8.7294],[8.4882],[8.1637],[7.8794],[7.7627],[7.849],[8.0873],[8.4157],[8.8098],[9.2559],[5.7735],[5.6324],[5.7353],[6.0118],[6.35],[6.6657],[6.9549],[7.2843],[7.7098],[8.2343],[8.7912],[9.2775],[9.598],[9.7304],[9.7422],[9.7324],[9.7765],[9.8461],[9.8265],[9.7137],[9.6029],[9.6461],[9.902],[10.3275],[10.7441],[11.0304],[11.1676],[6.7333],[6.6931],[6.7951],[6.998],[7.3078],[7.7196],[8.1931],[8.7059],[9.2],[9.6892],[10.1833],[10.651],[10.9863],[11.1088],[11.049],[10.9755],[11.049],[11.299],[11.5804],[11.7804],[11.9549],[12.2784],[12.8794],[13.6431],[14.2716],[14.549],[14.4333],[7.8588],[7.749],[7.6039],[7.5657],[7.8235],[8.4765],[9.4088],[10.3529],[11.0912],[11.5971],[12.002],[12.4363],[12.8304],[13.001],[12.898],[12.6863],[12.6255],[12.8069],[13.1098],[13.3657],[13.6118],[14.1294],[15.0775],[16.2971],[17.3647],[18.0069],[18.2363],[8.9196],[8.6667],[8.3431],[8.2725],[8.7941],[10.0029],[11.599],[13.0382],[13.9343],[14.2931],[14.45],[14.7225],[15.0843],[15.2686],[15.0882],[14.6637],[14.2863],[14.1637],[14.1863],[14.2098],[14.3088],[14.8529],[16.0637],[17.7059],[19.2186],[20.3196],[21.1804],[9.6529],[9.4363],[9.3137],[9.6794],[10.8422],[12.75],[14.8745],[16.5431],[17.3304],[17.4078],[17.2745],[17.3353],[17.5755],[17.6676],[17.3608],[16.7275],[16.0912],[15.7029],[15.4853],[15.3059],[15.2873],[15.8627],[17.2755],[19.1794],[20.8343],[21.8814],[22.7843],[10.2686],[10.3814],[10.8137],[11.8343],[13.5971],[15.8706],[18.0853],[19.5794],[20.1529],[20.1088],[19.9824],[20.0441],[20.1647],[20.0716],[19.5951],[18.8755],[18.1902],[17.7588],[17.5471],[17.4186],[17.4961],[18.1892],[19.7755],[21.8441],[23.4108],[23.8971],[23.8922],[11.4578],[12.0902],[13.0686],[14.4775],[16.3304],[18.4069],[20.2284],[21.3755],[21.8824],[22.1186],[22.4284],[22.7324],[22.7706],[22.4118],[21.7549],[21.0245],[20.4206],[20.0431],[19.9108],[19.9382],[20.1588],[20.9088],[22.5284],[24.7127],[26.3873],[26.6],[25.6637],[13.7725],[14.9029],[16.1598],[17.4745],[18.8902],[20.3882],[21.6961],[22.601],[23.25],[23.9627],[24.7853],[25.2824],[25.1284],[24.4304],[23.6304],[22.9804],[22.4265],[21.9814],[21.7676],[21.8255],[22.0745],[22.6382],[23.9167],[25.998],[28.05],[28.8578],[28.0578],[16.9412],[18.3843],[19.6314],[20.5833],[21.4314],[22.4059],[23.3931],[24.2137],[24.9745],[25.9029],[26.8549],[27.2549],[26.7902],[25.8529],[25.0706],[24.5961],[24.1147],[23.4922],[23.0794],[23.1176],[23.3863],[23.651],[24.252],[25.751],[27.8863],[29.5451],[29.7941],[19.9824],[21.448],[22.5363],[23.1441],[23.6],[24.2902],[25.1431],[25.8902],[26.5304],[27.2549],[27.95],[28.1108],[27.5069],[26.6147],[26.0814],[25.9353],[25.5951],[24.9343],[24.4451],[24.5716],[25.001],[25.1569],[25.1539],[25.752],[27.2618],[28.9843],[29.9049],[21.9392],[23.1324],[23.9539],[24.3245],[24.602],[25.1265],[25.8363],[26.4029],[26.7559],[27.1412],[27.5667],[27.7157],[27.3843],[26.9108],[26.7657],[26.8676],[26.7353],[26.2294],[25.8775],[26.1098],[26.6578],[26.9108],[26.802],[26.8745],[27.5137],[28.3784],[28.8314],[22.3882],[23.1402],[23.6324],[23.8539],[24.0363],[24.4137],[24.9206],[25.2804],[25.4294],[25.6078],[25.9637],[26.3696],[26.6029],[26.7039],[26.8353],[26.9549],[26.902],[26.6804],[26.5333],[26.651],[26.899],[27.1255],[27.3922],[27.8216],[28.2412],[28.2824],[27.7235]]},{"header":{"disciplineName":["Meteorological products"],"parameterCategory":[2],"parameterCategoryName":["u-component of wind"],"parameterNumberName":["u-component of wind"],"parameterNumber":[2],"parameterUnits":["m s-1"],"refTime":["2017-03-17T0000:00.000Z"],"numberPoints":[621],"nx":[27],"ny":[23],"lo1":[-20],"la1":[70],"lo2":[45],"la2":[45],"dx":[2.5],"dy":[2.5]},"data":[[2.5314],[2.5843],[2.5853],[2.5304],[2.4451],[2.3353],[2.2333],[2.1745],[2.1471],[2.1775],[2.2373],[2.3275],[2.4127],[2.4922],[2.5441],[2.5931],[2.652],[2.7304],[2.8627],[3.05],[3.2824],[3.5294],[3.7902],[4.0147],[4.1941],[4.3265],[4.4147],[2.1059],[2.2804],[2.3765],[2.4216],[2.4206],[2.3961],[2.3892],[2.4304],[2.5333],[2.7029],[2.9225],[3.1392],[3.3324],[3.4559],[3.5196],[3.5333],[3.5402],[3.6],[3.7373],[3.9824],[4.3284],[4.7225],[5.152],[5.5422],[5.8765],[6.1373],[6.3412],[1.4333],[1.6931],[1.9304],[2.1304],[2.3137],[2.4794],[2.6627],[2.8775],[3.152],[3.4804],[3.8324],[4.1775],[4.451],[4.6186],[4.6676],[4.6255],[4.5686],[4.552],[4.6451],[4.8775],[5.2451],[5.6824],[6.1569],[6.6],[6.9765],[7.3137],[7.5912],[1.0735],[1.2882],[1.5343],[1.8039],[2.0892],[2.3745],[2.6529],[2.9373],[3.248],[3.6078],[4.0039],[4.4039],[4.751],[5.0078],[5.1402],[5.1765],[5.1804],[5.2167],[5.3461],[5.5725],[5.8931],[6.2461],[6.5971],[6.9],[7.1706],[7.4392],[7.7167],[1.5892],[1.5608],[1.6127],[1.7324],[1.9059],[2.0892],[2.2676],[2.452],[2.6725],[2.9441],[3.2971],[3.7049],[4.1225],[4.4902],[4.7833],[5.0098],[5.1931],[5.3902],[5.6176],[5.8716],[6.1275],[6.3206],[6.4618],[6.5324],[6.6059],[6.7216],[6.9343],[2.7657],[2.4667],[2.2098],[2.0363],[1.9402],[1.902],[1.9216],[1.9882],[2.1147],[2.3451],[2.6814],[3.0892],[3.5176],[3.9265],[4.2775],[4.5667],[4.8304],[5.0755],[5.3216],[5.548],[5.7206],[5.8078],[5.8069],[5.75],[5.7088],[5.7598],[5.9304],[3.8873],[3.4353],[2.9843],[2.5824],[2.2971],[2.1304],[2.0941],[2.1765],[2.3657],[2.6402],[2.9725],[3.3343],[3.6745],[3.9608],[4.1578],[4.2882],[4.3755],[4.4402],[4.5088],[4.5735],[4.6314],[4.65],[4.648],[4.6382],[4.6529],[4.7588],[4.949],[4.6118],[4.15],[3.6627],[3.2451],[2.9696],[2.8745],[2.9353],[3.1206],[3.3451],[3.5725],[3.7961],[3.9657],[4.1098],[4.1931],[4.2098],[4.1608],[4.0294],[3.8353],[3.6137],[3.4176],[3.2765],[3.2118],[3.2216],[3.2725],[3.3627],[3.4902],[3.6627],[5.1265],[4.6647],[4.2333],[3.9382],[3.8343],[3.9098],[4.0853],[4.248],[4.3157],[4.2559],[4.1284],[4.0098],[3.9539],[3.9588],[3.999],[3.9814],[3.8696],[3.6108],[3.2333],[2.8216],[2.448],[2.2225],[2.1284],[2.1304],[2.1382],[2.1353],[2.1559],[5.6147],[5.1137],[4.7284],[4.5314],[4.5333],[4.6892],[4.8598],[4.8902],[4.6843],[4.2814],[3.8225],[3.4725],[3.3402],[3.4069],[3.5892],[3.7706],[3.8422],[3.7304],[3.4186],[2.9676],[2.5127],[2.1696],[1.9627],[1.8382],[1.6971],[1.502],[1.3235],[5.8657],[5.4147],[5.0775],[4.852],[4.7696],[4.8176],[4.8941],[4.8539],[4.6078],[4.1951],[3.7559],[3.4804],[3.4167],[3.5078],[3.652],[3.7637],[3.8127],[3.7637],[3.5725],[3.2716],[2.9441],[2.6804],[2.5382],[2.4461],[2.3167],[2.0794],[1.8373],[5.6853],[5.4696],[5.2343],[4.9157],[4.6196],[4.4745],[4.5196],[4.6608],[4.7441],[4.7284],[4.6814],[4.7039],[4.7637],[4.7539],[4.5706],[4.2549],[3.9137],[3.6412],[3.4471],[3.2902],[3.1578],[3.1147],[3.1686],[3.2529],[3.2853],[3.2049],[3.0833],[5.2912],[5.3373],[5.2461],[4.9108],[4.5088],[4.3108],[4.4833],[4.9294],[5.4039],[5.7784],[6.048],[6.2716],[6.4098],[6.3275],[5.9235],[5.2696],[4.5657],[4.0186],[3.6912],[3.5412],[3.5029],[3.5549],[3.6882],[3.848],[3.9451],[3.9755],[3.9784],[4.8902],[5.0216],[5.0461],[4.8725],[4.6588],[4.6676],[5.0324],[5.6039],[6.1206],[6.4098],[6.5304],[6.6539],[6.8265],[6.9451],[6.8186],[6.4186],[5.8765],[5.3735],[5.001],[4.7833],[4.6765],[4.6402],[4.6363],[4.6294],[4.5863],[4.5343],[4.4951],[4.3088],[4.3961],[4.5745],[4.7765],[5],[5.3157],[5.7206],[6.0882],[6.2275],[6.0814],[5.8127],[5.7147],[5.9431],[6.398],[6.8676],[7.1363],[7.151],[7.0039],[6.7873],[6.5941],[6.4461],[6.3255],[6.1392],[5.9245],[5.7255],[5.601],[5.5108],[3.452],[3.6735],[4.2422],[4.9931],[5.6657],[6.1157],[6.2931],[6.2157],[5.9451],[5.55],[5.198],[5.0725],[5.3108],[5.8461],[6.5029],[7.0716],[7.4049],[7.5127],[7.5029],[7.4765],[7.4951],[7.4686],[7.3049],[7.052],[6.9127],[6.9931],[7.1088],[2.952],[3.7314],[4.9029],[6.1647],[7.0843],[7.3902],[7.1353],[6.6539],[6.2324],[6.0118],[5.9598],[5.9882],[6.052],[6.1343],[6.2196],[6.3029],[6.3471],[6.3735],[6.4539],[6.6735],[7.0137],[7.2598],[7.2529],[7.0853],[7.0784],[7.4686],[8.0147],[3.7618],[5.1716],[6.7657],[8.1922],[8.9941],[8.9941],[8.399],[7.7049],[7.301],[7.2657],[7.3961],[7.399],[7.0882],[6.4735],[5.7392],[5.0755],[4.6265],[4.4373],[4.5608],[5.0078],[5.6716],[6.2225],[6.3706],[6.1833],[6.0696],[6.4137],[7.1196],[5.6598],[7.1716],[8.5118],[9.4569],[9.798],[9.5245],[8.8588],[8.1657],[7.6961],[7.4627],[7.2775],[6.9314],[6.2961],[5.4059],[4.4127],[3.5461],[2.9951],[2.8343],[3.0627],[3.6735],[4.5255],[5.2824],[5.5637],[5.2784],[4.7765],[4.5392],[4.7559],[6.7873],[7.6627],[8.0461],[8.0343],[7.7725],[7.3549],[6.8598],[6.3265],[5.7637],[5.1559],[4.5049],[3.8706],[3.2922],[2.7637],[2.2667],[1.8775],[1.7078],[1.8039],[2.1549],[2.7402],[3.5206],[4.2853],[4.699],[4.4735],[3.6775],[2.7235],[2.0578],[5.1363],[5.1265],[4.5343],[3.7608],[3.1265],[2.7382],[2.4627],[2.1451],[1.6902],[1.0912],[0.4667],[0.0029],[-0.1618],[-0.0951],[0.0755],[0.2735],[0.5363],[0.8696],[1.201],[1.5176],[1.9176],[2.4402],[2.8951],[2.8902],[2.2],[0.9412],[-0.399],[0.5157],[0.0716],[-0.7441],[-1.4912],[-1.9275],[-2.1422],[-2.3127],[-2.501],[-2.65],[-2.7539],[-2.8147],[-2.7775],[-2.5588],[-2.1755],[-1.7186],[-1.2333],[-0.7363],[-0.3098],[-0.102],[-0.1245],[-0.1892],[-0.0451],[0.2667],[0.4176],[0.0265],[-1.0431],[-2.5147],[-5.1676],[-5.4314],[-5.7059],[-5.7363],[-5.5902],[-5.552],[-5.7539],[-5.9647],[-5.8922],[-5.5108],[-5.0382],[-4.6569],[-4.3294],[-3.9441],[-3.4657],[-2.8549],[-2.2196],[-1.7431],[-1.5706],[-1.6961],[-1.8961],[-1.9392],[-1.8275],[-1.7578],[-2.0108],[-2.7304],[-3.8657]]},{"header":{"disciplineName":["Meteorological products"],"parameterCategory":[2],"parameterCategoryName":["v-component of wind"],"parameterNumberName":["v-component of wind"],"parameterNumber":[3],"parameterUnits":["m s-1"],"refTime":["2017-03-17T0000:00.000Z"],"numberPoints":[621],"nx":[27],"ny":[23],"lo1":[-20],"la1":[70],"lo2":[45],"la2":[45],"dx":[2.5],"dy":[2.5]},"data":[[-1.3716],[-1.451],[-1.5382],[-1.6363],[-1.7235],[-1.7892],[-1.8196],[-1.7892],[-1.702],[-1.5735],[-1.4225],[-1.2735],[-1.1304],[-1.0225],[-0.9412],[-0.898],[-0.8794],[-0.8912],[-0.9255],[-0.9853],[-1.0745],[-1.1657],[-1.2676],[-1.3373],[-1.3637],[-1.3324],[-1.2343],[-0.9706],[-1.1049],[-1.2578],[-1.4186],[-1.5676],[-1.6725],[-1.7078],[-1.651],[-1.5098],[-1.3216],[-1.1059],[-0.9108],[-0.7686],[-0.6765],[-0.6088],[-0.5598],[-0.5108],[-0.452],[-0.4],[-0.3549],[-0.3402],[-0.3647],[-0.4255],[-0.5039],[-0.5735],[-0.6206],[-0.6137],[-0.4284],[-0.5892],[-0.7471],[-0.8961],[-1.0431],[-1.1451],[-1.1784],[-1.1441],[-1.0206],[-0.8588],[-0.702],[-0.602],[-0.5637],[-0.5873],[-0.6333],[-0.6314],[-0.5627],[-0.4108],[-0.1843],[0.05],[0.2588],[0.4049],[0.4725],[0.4598],[0.3931],[0.2971],[0.1824],[-0.0343],[-0.1549],[-0.1833],[-0.1843],[-0.1833],[-0.2108],[-0.2137],[-0.1931],[-0.1284],[-0.048],[0.0078],[-0.002],[-0.0941],[-0.2559],[-0.3971],[-0.4725],[-0.4118],[-0.2196],[0.0863],[0.448],[0.7853],[1.0569],[1.2196],[1.2931],[1.2735],[1.1637],[0.9863],[0.048],[0.0284],[0.1716],[0.3853],[0.5735],[0.6863],[0.7382],[0.7765],[0.8176],[0.8657],[0.8853],[0.8451],[0.7265],[0.5441],[0.3627],[0.2441],[0.2402],[0.3647],[0.5882],[0.8657],[1.1304],[1.3578],[1.5176],[1.6324],[1.6833],[1.651],[1.4922],[-0.0824],[-0.1216],[0.0676],[0.3745],[0.6794],[0.9206],[1.0941],[1.2363],[1.352],[1.4676],[1.5343],[1.5314],[1.4373],[1.2922],[1.1225],[0.9873],[0.9147],[0.9127],[0.9627],[1.05],[1.15],[1.2559],[1.3882],[1.5304],[1.6676],[1.748],[1.7049],[-0.3686],[-0.5931],[-0.5441],[-0.3098],[0.049],[0.449],[0.8588],[1.2441],[1.5676],[1.7961],[1.8971],[1.8775],[1.749],[1.5755],[1.3853],[1.2245],[1.0814],[0.9765],[0.902],[0.9059],[0.9627],[1.0961],[1.2804],[1.5157],[1.7529],[1.9471],[1.9902],[-0.8284],[-1.2794],[-1.4196],[-1.2245],[-0.7529],[-0.0824],[0.6745],[1.3755],[1.9255],[2.2324],[2.2843],[2.1382],[1.8912],[1.6275],[1.3882],[1.1588],[0.9245],[0.7069],[0.5735],[0.5912],[0.7882],[1.1147],[1.4971],[1.8578],[2.1578],[2.3735],[2.4324],[-1.4578],[-2.0069],[-2.1471],[-1.8157],[-1.0765],[-0.1098],[0.9029],[1.7775],[2.3725],[2.6441],[2.6069],[2.3647],[2.0618],[1.8069],[1.5833],[1.3265],[0.9725],[0.5647],[0.252],[0.2225],[0.5137],[1.0657],[1.652],[2.1196],[2.4314],[2.6029],[2.6471],[-2.1775],[-2.6461],[-2.5696],[-1.9422],[-0.9294],[0.1902],[1.1637],[1.8775],[2.2824],[2.4206],[2.349],[2.1745],[2.0167],[1.9412],[1.9039],[1.7265],[1.2833],[0.6137],[-0.0206],[-0.2922],[-0.0373],[0.6069],[1.3431],[1.8971],[2.2029],[2.3637],[2.45],[-2.8314],[-3.1333],[-2.8098],[-1.9137],[-0.7676],[0.2775],[0.9882],[1.3618],[1.5284],[1.5922],[1.6078],[1.5941],[1.6049],[1.7029],[1.8343],[1.8039],[1.3843],[0.5686],[-0.3304],[-0.8608],[-0.7206],[-0.0255],[0.8314],[1.4853],[1.8559],[2.0775],[2.2755],[-3.2392],[-3.4324],[-3.0147],[-2.0578],[-0.9088],[0.0608],[0.6206],[0.8569],[0.9676],[1.1108],[1.2618],[1.3157],[1.2686],[1.2098],[1.2284],[1.199],[0.8833],[0.1539],[-0.7363],[-1.299],[-1.1294],[-0.3108],[0.7098],[1.4951],[1.9696],[2.2784],[2.5755],[-3.3304],[-3.549],[-3.252],[-2.399],[-1.2127],[-0.0814],[0.701],[1.1216],[1.3559],[1.5892],[1.7716],[1.7304],[1.3745],[0.8686],[0.4529],[0.1804],[-0.1137],[-0.65],[-1.2853],[-1.5922],[-1.2108],[-0.199],[0.9784],[1.8647],[2.3775],[2.7196],[3.0265],[-3.2882],[-3.6176],[-3.5284],[-2.7539],[-1.399],[0.1333],[1.3549],[2.0265],[2.2559],[2.3294],[2.3696],[2.2333],[1.7284],[0.9069],[0.0196],[-0.6716],[-1.1755],[-1.6186],[-1.9686],[-1.9431],[-1.2853],[-0.1157],[1.1176],[2.0265],[2.5176],[2.7951],[2.9824],[-3.3333],[-3.7225],[-3.6863],[-2.8873],[-1.3098],[0.5775],[2.0902],[2.7667],[2.6735],[2.3255],[2.1618],[2.1725],[1.9569],[1.2647],[0.1775],[-0.9471],[-1.8275],[-2.3931],[-2.6157],[-2.3725],[-1.552],[-0.3245],[0.9167],[1.8294],[2.3186],[2.4814],[2.399],[-3.3912],[-3.5745],[-3.3392],[-2.4451],[-0.8539],[1.0118],[2.4471],[2.8961],[2.4431],[1.7294],[1.4843],[1.7912],[2.0922],[1.7686],[0.7029],[-0.701],[-1.9314],[-2.701],[-2.9618],[-2.6706],[-1.8529],[-0.6627],[0.6039],[1.6608],[2.3118],[2.4088],[1.901],[-3.0216],[-2.7245],[-2.1176],[-1.2157],[-0.0147],[1.3108],[2.3402],[2.6157],[2.1412],[1.4755],[1.3049],[1.7451],[2.2284],[2.05],[1.0333],[-0.4353],[-1.7765],[-2.6637],[-3.0078],[-2.8098],[-2.1039],[-0.9745],[0.3765],[1.7382],[2.7294],[2.8706],[1.902],[-1.8922],[-1.0422],[-0.1627],[0.5137],[1.0069],[1.4863],[1.95],[2.1804],[2.05],[1.7686],[1.7078],[1.9304],[2.0578],[1.6451],[0.6412],[-0.6373],[-1.7853],[-2.6176],[-3.0255],[-2.9392],[-2.2873],[-1.1765],[0.2735],[1.8637],[3.1824],[3.4931],[2.2755],[-0.1559],[0.8775],[1.7137],[2.048],[1.9078],[1.6549],[1.6029],[1.7569],[1.9118],[1.9588],[1.8971],[1.7245],[1.3265],[0.6235],[-0.2696],[-1.1725],[-1.999],[-2.6902],[-3.0676],[-2.8961],[-2.0873],[-0.8745],[0.498],[1.9412],[3.2569],[3.7559],[2.6804],[1.6206],[2.2373],[2.6794],[2.7686],[2.498],[2.0176],[1.6225],[1.4824],[1.5412],[1.6],[1.4882],[1.1127],[0.5196],[-0.1922],[-0.8657],[-1.4676],[-2.0637],[-2.6167],[-2.8088],[-2.299],[-1.1245],[0.1833],[1.2147],[2.0402],[2.8961],[3.4353],[2.7755],[2.85],[2.6431],[2.5441],[2.5843],[2.599],[2.3559],[1.8725],[1.3667],[1.0529],[0.9373],[0.8657],[0.6794],[0.3324],[-0.1157],[-0.6167],[-1.1657],[-1.7647],[-2.1824],[-2.0765],[-1.1951],[0.1716],[1.3245],[1.7873],[1.8353],[2.0755],[2.5098],[2.2539],[3.2186],[2.2863],[1.6951],[1.6794],[1.9412],[1.9824],[1.5588],[0.8686],[0.3235],[0.149],[0.2637],[0.4392],[0.498],[0.348],[-0.0863],[-0.7363],[-1.3686],[-1.648],[-1.3235],[-0.4402],[0.5784],[1.1804],[1.1412],[0.801],[0.7647],[1.0843],[0.998],[2.6745],[1.4843],[0.6098],[0.3039],[0.3912],[0.4186],[0.0941],[-0.4765],[-0.9206],[-0.9765],[-0.7186],[-0.3402],[-0.0382],[0.0441],[-0.2471],[-0.8539],[-1.4167],[-1.551],[-1.2431],[-0.801],[-0.5539],[-0.5755],[-0.7294],[-0.7931],[-0.6088],[-0.3696],[-0.5882]]}]