html/data/WT_san09_ind_wt_5_5.json
[{"header":{"disciplineName":["Meteorological products"],"parameterCategory":[0],"parameterCategoryName":["Temperature"],"parameterNumberName":["Temperature"],"parameterNumber":[0],"parameterUnits":["K"],"refTime":["2017-03-17T0000:00.000Z"],"numberPoints":[621],"nx":[27],"ny":[23],"lo1":[-20],"la1":[70],"lo2":[45],"la2":[45],"dx":[2.5],"dy":[2.5]},"data":[[-5.207],[-5.0044],[-4.8117],[-4.6326],[-4.4815],[-4.3554],[-4.2587],[-4.1742],[-4.0896],[-3.999],[-3.8983],[-3.793],[-3.697],[-3.6198],[-3.5768],[-3.6091],[-3.6983],[-3.8668],[-4.0876],[-4.3446],[-4.6232],[-4.8883],[-5.1326],[-5.3386],[-5.5265],[-5.6983],[-5.8815],[-3.7185],[-3.5789],[-3.4648],[-3.3567],[-3.2701],[-3.1889],[-3.1084],[-3.0097],[-2.893],[-2.7574],[-2.607],[-2.4547],[-2.305],[-2.1923],[-2.1339],[-2.1487],[-2.25],[-2.4285],[-2.6748],[-2.9426],[-3.2077],[-3.4339],[-3.6044],[-3.7131],[-3.7742],[-3.8279],[-3.895],[-2.1701],[-2.1326],[-2.1057],[-2.0782],[-2.0366],[-1.9748],[-1.8688],[-1.7252],[-1.5634],[-1.3862],[-1.2017],[-1.0393],[-0.905],[-0.8151],[-0.7735],[-0.8003],[-0.8896],[-1.046],[-1.2366],[-1.4352],[-1.6003],[-1.707],[-1.7379],[-1.7084],[-1.6453],[-1.5889],[-1.5836],[-0.8661],[-0.8641],[-0.8869],[-0.9017],[-0.8762],[-0.801],[-0.6534],[-0.4453],[-0.2158],[0.0205],[0.2232],[0.3708],[0.4795],[0.544],[0.5768],[0.5641],[0.5305],[0.4554],[0.3654],[0.2862],[0.2527],[0.2869],[0.3815],[0.5158],[0.646],[0.7178],[0.7023],[0.0695],[0.1232],[0.1359],[0.1211],[0.1339],[0.2084],[0.3708],[0.6185],[0.9111],[1.1943],[1.4299],[1.5916],[1.699],[1.7795],[1.844],[1.903],[1.9406],[1.9574],[1.9567],[1.9607],[2.0077],[2.1218],[2.2822],[2.4601],[2.5862],[2.6211],[2.5554],[0.846],[1.0211],[1.1104],[1.1111],[1.0862],[1.0997],[1.2218],[1.4581],[1.7715],[2.099],[2.3762],[2.5742],[2.7191],[2.8527],[2.9836],[3.1178],[3.2453],[3.3279],[3.3634],[3.403],[3.4842],[3.6292],[3.8097],[3.9849],[4.0708],[4.0473],[3.9305],[1.7292],[1.9977],[2.1232],[2.1097],[2.0211],[1.9534],[2.005],[2.2104],[2.5433],[2.9077],[3.2299],[3.4789],[3.6869],[3.8688],[4.0735],[4.2876],[4.4809],[4.6077],[4.6883],[4.7661],[4.8896],[5.0782],[5.2815],[5.4185],[5.4238],[5.2963],[5.0876],[2.7198],[2.9352],[3.0238],[2.9674],[2.8359],[2.7513],[2.793],[3.0144],[3.3701],[3.7903],[4.1795],[4.5124],[4.7815],[5.0252],[5.2755],[5.5198],[5.7164],[5.8628],[5.9681],[6.0876],[6.256],[6.4896],[6.703],[6.7936],[6.7044],[6.452],[6.1634],[3.6305],[3.6923],[3.6762],[3.6104],[3.5433],[3.5379],[3.6601],[3.9138],[4.3064],[4.7748],[5.2614],[5.6869],[6.054],[6.3292],[6.5775],[6.7581],[6.8802],[6.9426],[6.9755],[7.0406],[7.1903],[7.3956],[7.5862],[7.6446],[7.5326],[7.2923],[7.0581],[4.4359],[4.3285],[4.2654],[4.2768],[4.3748],[4.5372],[4.7419],[5.0117],[5.3728],[5.8312],[6.3614],[6.8674],[7.2977],[7.5923],[7.7487],[7.7956],[7.7681],[7.6862],[7.5876],[7.5245],[7.5527],[7.6795],[7.8574],[7.9674],[7.9715],[7.8977],[7.8829],[5.2346],[5.0789],[5.0587],[5.2124],[5.4836],[5.7829],[6.0547],[6.3003],[6.5648],[6.9319],[7.399],[7.899],[8.307],[8.5325],[8.5775],[8.4963],[8.3862],[8.2836],[8.1822],[8.107],[8.1151],[8.2621],[8.5258],[8.8138],[9.0138],[9.1037],[9.1681],[6.0547],[5.9782],[6.0339],[6.2393],[6.5621],[6.9446],[7.3091],[7.5943],[7.8339],[8.1077],[8.446],[8.8245],[9.1185],[9.2272],[9.1581],[9.0493],[9.0252],[9.1312],[9.295],[9.4601],[9.6621],[10.0124],[10.5473],[11.1346],[11.5487],[11.6493],[11.4795],[6.8849],[6.905],[6.9198],[7.0077],[7.2755],[7.7581],[8.3594],[8.9178],[9.301],[9.5419],[9.7312],[9.9379],[10.0977],[10.1158],[9.9916],[9.8842],[9.9943],[10.3621],[10.8493],[11.3178],[11.7903],[12.4265],[13.3245],[14.3037],[15.0124],[15.1802],[14.8265],[7.7581],[7.7607],[7.6339],[7.5802],[7.8869],[8.6849],[9.7775],[10.7876],[11.3889],[11.5802],[11.5735],[11.5997],[11.6695],[11.6554],[11.4876],[11.3124],[11.3621],[11.7379],[12.2768],[12.8131],[13.3527],[14.1534],[15.354],[16.7621],[17.9064],[18.4581],[18.4701],[8.6433],[8.5587],[8.3721],[8.452],[9.1688],[10.5856],[12.3037],[13.6923],[14.344],[14.3312],[14.0681],[13.9252],[13.9413],[13.9077],[13.6574],[13.2822],[13.0621],[13.1473],[13.4393],[13.7621],[14.1674],[14.9748],[16.3822],[18.1339],[19.6822],[20.707],[21.4124],[9.4265],[9.348],[9.3956],[9.9923],[11.4433],[13.5695],[15.7272],[17.1789],[17.6164],[17.3272],[16.8869],[16.6762],[16.6621],[16.5621],[16.1735],[15.595],[15.107],[14.9111],[14.9621],[15.0896],[15.3896],[16.2124],[17.7849],[19.7406],[21.3936],[22.3923],[23.2185],[10.1366],[10.3238],[10.8634],[12.1084],[14.1594],[16.654],[18.8064],[20.005],[20.2003],[19.8916],[19.6292],[19.5809],[19.5574],[19.2903],[18.7332],[18.0534],[17.5044],[17.2547],[17.2668],[17.4117],[17.7668],[18.6862],[20.399],[22.4876],[24.0117],[24.4634],[24.4299],[11.2574],[11.9413],[12.9903],[14.5594],[16.6614],[18.9097],[20.6628],[21.5386],[21.7654],[21.9044],[22.2191],[22.5131],[22.4346],[21.9111],[21.1896],[20.5191],[20.046],[19.8238],[19.8433],[20.0493],[20.4695],[21.3802],[23.0782],[25.2305],[26.8057],[26.944],[25.9654],[13.3822],[14.595],[15.9064],[17.3238],[18.9158],[20.5191],[21.7782],[22.5218],[23.0715],[23.8534],[24.7822],[25.3064],[25.0326],[24.195],[23.3641],[22.7795],[22.3433],[21.9983],[21.8601],[22.0097],[22.3567],[22.9876],[24.2708],[26.2634],[28.148],[28.7956],[27.907],[16.4856],[17.9997],[19.2768],[20.2668],[21.2097],[22.2238],[23.1815],[23.9681],[24.8111],[25.9245],[27.0372],[27.4513],[26.8842],[25.856],[25.0742],[24.6567],[24.2232],[23.6393],[23.2708],[23.3446],[23.6238],[23.8621],[24.3896],[25.7581],[27.7131],[29.1802],[29.3117],[19.6889],[21.1232],[22.1735],[22.7896],[23.3077],[24.0191],[24.8715],[25.6701],[26.4775],[27.4346],[28.2621],[28.4064],[27.7205],[26.8003],[26.3003],[26.1372],[25.7755],[25.095],[24.648],[24.8064],[25.1809],[25.2245],[25.0977],[25.5728],[26.9299],[28.4909],[29.307],[21.8527],[22.9352],[23.6809],[24.0735],[24.4292],[25.0272],[25.7735],[26.4191],[26.9272],[27.4728],[27.9695],[28.0634],[27.6634],[27.1916],[27.0809],[27.156],[26.9346],[26.3983],[26.0735],[26.3023],[26.7339],[26.8225],[26.5943],[26.5983],[27.1453],[27.8708],[28.1943],[22.3956],[23.048],[23.503],[23.7862],[24.0748],[24.5554],[25.1178],[25.5245],[25.7607],[26.0124],[26.3862],[26.7225],[26.899],[27.0003],[27.1601],[27.2815],[27.1889],[26.9352],[26.7755],[26.8023],[26.8869],[26.9628],[27.1654],[27.595],[27.9487],[27.8037],[27.0433]]},{"header":{"disciplineName":["Meteorological products"],"parameterCategory":[2],"parameterCategoryName":["u-component of wind"],"parameterNumberName":["u-component of wind"],"parameterNumber":[2],"parameterUnits":["m s-1"],"refTime":["2017-03-17T0000:00.000Z"],"numberPoints":[621],"nx":[27],"ny":[23],"lo1":[-20],"la1":[70],"lo2":[45],"la2":[45],"dx":[2.5],"dy":[2.5]},"data":[[1.4779],[1.594],[1.6772],[1.7201],[1.7544],[1.802],[1.8852],[2.0128],[2.206],[2.4336],[2.6805],[2.9195],[3.1356],[3.3121],[3.4416],[3.555],[3.6638],[3.796],[3.951],[4.1389],[4.3423],[4.5396],[4.7034],[4.8181],[4.8718],[4.8725],[4.8362],[1.306],[1.5859],[1.7926],[1.9336],[2.0268],[2.1074],[2.2107],[2.3792],[2.6013],[2.894],[3.2114],[3.5161],[3.7738],[3.949],[4.0423],[4.0973],[4.1383],[4.1933],[4.3114],[4.4926],[4.7329],[4.9966],[5.2336],[5.4295],[5.553],[5.6148],[5.6409],[1.2658],[1.643],[1.9772],[2.2396],[2.4396],[2.6013],[2.7658],[2.9591],[3.2107],[3.5087],[3.8349],[4.1463],[4.3993],[4.551],[4.6054],[4.5926],[4.549],[4.543],[4.6087],[4.7624],[5.0034],[5.2899],[5.5893],[5.851],[6.0597],[6.2107],[6.3242],[1.3242],[1.6651],[2.0242],[2.3537],[2.6403],[2.8631],[3.047],[3.2054],[3.3839],[3.5872],[3.8181],[4.055],[4.2732],[4.4282],[4.5268],[4.5866],[4.6262],[4.694],[4.8128],[4.996],[5.2295],[5.5013],[5.7678],[6.0255],[6.2389],[6.4201],[6.5785],[1.7154],[1.8483],[2.0678],[2.3282],[2.5779],[2.7799],[2.9154],[2.9906],[3.0342],[3.0832],[3.1651],[3.2765],[3.4255],[3.5953],[3.8013],[4.0242],[4.2799],[4.5537],[4.8349],[5.1107],[5.3503],[5.557],[5.7329],[5.8758],[6.0094],[6.1416],[6.2826],[2.4289],[2.2792],[2.2523],[2.3107],[2.4195],[2.5289],[2.5953],[2.6235],[2.6174],[2.602],[2.5933],[2.6248],[2.6993],[2.8282],[3.0349],[3.3208],[3.6812],[4.0805],[4.4705],[4.8148],[5.0617],[5.2255],[5.3128],[5.3664],[5.4302],[5.5201],[5.6376],[3.2268],[2.8503],[2.5772],[2.4141],[2.357],[2.3638],[2.4141],[2.4718],[2.5201],[2.5711],[2.5993],[2.6255],[2.647],[2.6698],[2.7275],[2.8403],[3.0329],[3.2973],[3.596],[3.8765],[4.1007],[4.249],[4.3436],[4.4081],[4.4765],[4.5732],[4.7114],[4.0611],[3.5436],[3.0906],[2.7691],[2.5879],[2.5356],[2.5732],[2.6523],[2.7195],[2.7758],[2.8161],[2.8497],[2.8544],[2.8174],[2.7201],[2.5987],[2.496],[2.447],[2.4691],[2.5483],[2.6497],[2.7752],[2.896],[3.0081],[3.1208],[3.2483],[3.4101],[5.1275],[4.455],[3.8409],[3.3812],[3.1081],[3.0094],[3.0114],[2.9966],[2.9107],[2.7698],[2.6416],[2.5752],[2.5832],[2.6013],[2.5557],[2.404],[2.1638],[1.8913],[1.6336],[1.4631],[1.3926],[1.4268],[1.5356],[1.6698],[1.7973],[1.9195],[2.094],[6.2047],[5.3624],[4.5799],[3.9624],[3.5779],[3.4235],[3.3705],[3.2691],[3.0013],[2.6074],[2.2074],[1.9718],[1.945],[2.0705],[2.202],[2.2248],[2.0792],[1.7946],[1.443],[1.1154],[0.8987],[0.8362],[0.9221],[1.0839],[1.2409],[1.3805],[1.5846],[6.6356],[5.794],[4.9591],[4.2161],[3.702],[3.4617],[3.4537],[3.4738],[3.3221],[2.9456],[2.4772],[2.1168],[1.9886],[2.0691],[2.2268],[2.3168],[2.2658],[2.0604],[1.755],[1.4228],[1.1664],[1.0832],[1.194],[1.4228],[1.6772],[1.9248],[2.2114],[6.1034],[5.6114],[5.0034],[4.3101],[3.7268],[3.4758],[3.6248],[3.9926],[4.2691],[4.2611],[3.998],[3.6624],[3.4195],[3.2792],[3.1859],[3.0577],[2.8638],[2.6383],[2.3872],[2.1336],[1.9302],[1.8544],[1.9584],[2.2148],[2.5443],[2.894],[3.2456],[5.1711],[5.2161],[5.0523],[4.6349],[4.1866],[4.057],[4.4174],[5.0893],[5.7242],[6.0369],[6.0128],[5.8034],[5.5604],[5.302],[4.9651],[4.5503],[4.1302],[3.7879],[3.5436],[3.351],[3.1711],[3.0396],[3.0154],[3.1242],[3.3497],[3.6336],[3.9295],[4.445],[4.8436],[5.0886],[5.0913],[5.0094],[5.1295],[5.6],[6.2483],[6.7564],[6.9604],[6.9383],[6.8866],[6.9067],[6.9114],[6.7537],[6.3946],[5.9617],[5.5899],[5.3456],[5.1705],[4.9685],[4.7128],[4.4705],[4.3235],[4.3134],[4.4027],[4.506],[3.7805],[4.2329],[4.7436],[5.1926],[5.5752],[5.9584],[6.3315],[6.5644],[6.5436],[6.3356],[6.1752],[6.3215],[6.7779],[7.3396],[7.7228],[7.7933],[7.6228],[7.3799],[7.1732],[6.9886],[6.7624],[6.4423],[6.0926],[5.8235],[5.7101],[5.702],[5.6523],[2.8423],[3.3805],[4.198],[5.1081],[5.8711],[6.3027],[6.343],[6.0248],[5.5181],[5.0752],[4.9812],[5.3617],[6.1255],[6.9913],[7.7027],[8.0866],[8.1544],[8.0295],[7.8215],[7.6228],[7.4295],[7.2148],[6.994],[6.8671],[6.9027],[7.043],[7.0664],[2.2577],[3.2242],[4.5282],[5.8168],[6.6906],[6.8765],[6.449],[5.7242],[5.1094],[4.8772],[5.0624],[5.5564],[6.1523],[6.6886],[7.0785],[7.2617],[7.2322],[7.0134],[6.7315],[6.5309],[6.4819],[6.5121],[6.5557],[6.6477],[6.8685],[7.2107],[7.4537],[3.247],[4.7174],[6.2993],[7.6101],[8.2215],[7.9805],[7.1698],[6.3336],[5.9181],[6.0148],[6.3711],[6.6523],[6.6664],[6.449],[6.1215],[5.7805],[5.4067],[4.9698],[4.5973],[4.4752],[4.6772],[5.0456],[5.3295],[5.4591],[5.5638],[5.7852],[6.096],[5.7705],[7.1416],[8.2678],[8.9443],[8.9638],[8.351],[7.4745],[6.8228],[6.6235],[6.7483],[6.845],[6.6383],[6.1094],[5.3879],[4.6718],[4.0463],[3.4765],[2.9577],[2.6255],[2.6906],[3.2094],[3.9034],[4.3463],[4.3228],[3.9651],[3.6275],[3.5651],[7.6195],[8.1342],[8.1215],[7.7329],[7.098],[6.3846],[5.8201],[5.543],[5.4544],[5.2758],[4.8362],[4.2027],[3.5456],[2.9879],[2.5336],[2.147],[1.7846],[1.4859],[1.3872],[1.6638],[2.3698],[3.2013],[3.704],[3.5349],[2.7289],[1.6698],[0.8685],[6.2403],[5.8195],[4.8228],[3.7141],[2.8107],[2.2872],[2.1597],[2.2523],[2.2181],[1.7738],[1.0174],[0.3074],[-0.0678],[-0.1007],[0.0087],[0.1356],[0.2638],[0.4054],[0.6027],[0.9584],[1.5181],[2.1497],[2.5289],[2.3255],[1.4148],[-0.0315],[-1.4993],[1.2638],[0.6154],[-0.3577],[-1.2611],[-1.8443],[-2.0423],[-1.9436],[-1.7436],[-1.7416],[-2.1007],[-2.6732],[-3.0745],[-3.0819],[-2.7631],[-2.3114],[-1.7906],[-1.2027],[-0.6315],[-0.2161],[0.0356],[0.2027],[0.3436],[0.4121],[0.2141],[-0.4611],[-1.704],[-3.296],[-5.0926],[-5.2651],[-5.4034],[-5.4349],[-5.3644],[-5.304],[-5.3128],[-5.3423],[-5.3638],[-5.3946],[-5.4047],[-5.2933],[-5.0248],[-4.6443],[-4.1409],[-3.4644],[-2.6356],[-1.8691],[-1.3933],[-1.2671],[-1.3631],[-1.5819],[-1.8523],[-2.1161],[-2.4295],[-3.0503],[-4.0953]]},{"header":{"disciplineName":["Meteorological products"],"parameterCategory":[2],"parameterCategoryName":["v-component of wind"],"parameterNumberName":["v-component of wind"],"parameterNumber":[3],"parameterUnits":["m s-1"],"refTime":["2017-03-17T0000:00.000Z"],"numberPoints":[621],"nx":[27],"ny":[23],"lo1":[-20],"la1":[70],"lo2":[45],"la2":[45],"dx":[2.5],"dy":[2.5]},"data":[[-0.6369],[-0.5557],[-0.406],[-0.2161],[-0.0087],[0.202],[0.3839],[0.5121],[0.5752],[0.5597],[0.4678],[0.3134],[0.1148],[-0.094],[-0.3047],[-0.502],[-0.6779],[-0.8423],[-1.0221],[-1.2168],[-1.4336],[-1.6671],[-1.9],[-2.1054],[-2.2617],[-2.3517],[-2.3933],[-0.0034],[0.0181],[0.0772],[0.1812],[0.3248],[0.498],[0.6993],[0.8758],[1.0101],[1.0658],[1.0289],[0.9054],[0.7114],[0.4779],[0.2416],[0.0282],[-0.1617],[-0.3215],[-0.4953],[-0.6953],[-0.9262],[-1.196],[-1.4651],[-1.7128],[-1.9013],[-2.0262],[-2.0711],[0.7933],[0.7295],[0.6765],[0.6638],[0.7067],[0.8174],[0.9866],[1.1765],[1.343],[1.4268],[1.4027],[1.2544],[1.0047],[0.704],[0.3987],[0.1242],[-0.0651],[-0.2121],[-0.3081],[-0.4148],[-0.5389],[-0.6993],[-0.8839],[-1.0852],[-1.2658],[-1.4121],[-1.5322],[1.3336],[1.2745],[1.2208],[1.1852],[1.1933],[1.2644],[1.3987],[1.5564],[1.6987],[1.7745],[1.7309],[1.5638],[1.2792],[0.9275],[0.5698],[0.2631],[0.0356],[-0.0879],[-0.1416],[-0.1443],[-0.1403],[-0.1477],[-0.194],[-0.2919],[-0.4268],[-0.6101],[-0.8376],[1.5248],[1.6195],[1.6993],[1.749],[1.7826],[1.8141],[1.8611],[1.9336],[2.0034],[2.045],[2.0074],[1.8752],[1.6456],[1.3611],[1.0497],[0.7678],[0.5329],[0.3691],[0.2893],[0.2711],[0.2953],[0.3403],[0.3658],[0.3275],[0.2013],[-0.0322],[-0.3711],[1.4389],[1.7235],[1.9597],[2.1087],[2.1436],[2.1128],[2.0617],[2.0174],[2.0027],[2.0174],[2.0141],[1.9772],[1.8859],[1.7483],[1.5832],[1.4027],[1.2208],[1.0497],[0.9094],[0.8013],[0.747],[0.7342],[0.7195],[0.6456],[0.4738],[0.1678],[-0.2497],[1.0161],[1.4128],[1.7409],[1.9376],[2.0013],[1.9537],[1.8557],[1.7872],[1.7685],[1.8107],[1.8685],[1.9034],[1.8893],[1.8322],[1.7678],[1.6859],[1.6114],[1.5161],[1.4007],[1.2839],[1.1886],[1.1128],[1.0302],[0.8953],[0.653],[0.2973],[-0.1463],[0.2396],[0.6416],[1.0248],[1.343],[1.5477],[1.6376],[1.6389],[1.6322],[1.6738],[1.7832],[1.8933],[1.9403],[1.8846],[1.7557],[1.6221],[1.5423],[1.5275],[1.5463],[1.5557],[1.5376],[1.5027],[1.449],[1.3671],[1.2013],[0.9349],[0.5752],[0.1691],[-0.7966],[-0.4215],[0.1],[0.698],[1.2315],[1.5678],[1.6906],[1.6946],[1.7161],[1.8396],[2.0007],[2.0799],[1.9832],[1.7389],[1.4725],[1.2993],[1.2698],[1.3275],[1.4161],[1.4765],[1.5114],[1.5154],[1.4799],[1.3517],[1.1295],[0.8564],[0.5584],[-1.9329],[-1.5919],[-0.855],[0.1342],[1.0664],[1.6403],[1.7557],[1.5879],[1.4235],[1.4644],[1.6893],[1.8933],[1.9161],[1.7148],[1.4315],[1.2248],[1.151],[1.1658],[1.1946],[1.204],[1.2248],[1.2624],[1.2886],[1.2671],[1.1711],[1.0463],[0.9154],[-3.0389],[-2.747],[-1.855],[-0.5644],[0.6926],[1.455],[1.5483],[1.1765],[0.7678],[0.6725],[0.9362],[1.3034],[1.5154],[1.4758],[1.3148],[1.1792],[1.1215],[1.0779],[0.998],[0.9215],[0.9201],[1.0248],[1.1839],[1.3128],[1.3913],[1.4477],[1.4852],[-3.8497],[-3.6557],[-2.8181],[-1.4557],[-0.0034],[1.0255],[1.3242],[1.006],[0.5242],[0.2987],[0.4456],[0.7604],[0.9725],[0.9852],[0.8953],[0.8342],[0.8208],[0.7846],[0.702],[0.6638],[0.7886],[1.0946],[1.4691],[1.7913],[2.0282],[2.2242],[2.3852],[-4.0758],[-4.0208],[-3.4268],[-2.2208],[-0.6396],[0.8087],[1.6148],[1.6591],[1.2336],[0.7966],[0.6174],[0.6101],[0.5812],[0.4188],[0.2255],[0.1067],[0.0812],[0.0758],[0.102],[0.2732],[0.6879],[1.2779],[1.8899],[2.3805],[2.7309],[2.9899],[3.1423],[-3.796],[-3.855],[-3.5315],[-2.5107],[-0.8074],[1.0691],[2.3913],[2.7255],[2.2423],[1.4926],[0.9396],[0.6356],[0.398],[0.0644],[-0.3161],[-0.6289],[-0.7966],[-0.8295],[-0.6966],[-0.3013],[0.3631],[1.1933],[1.9705],[2.5792],[2.9852],[3.2195],[3.2161],[-3.4416],[-3.457],[-3.1872],[-2.2148],[-0.4503],[1.5886],[3.002],[3.2443],[2.4933],[1.496],[0.845],[0.6208],[0.5027],[0.1866],[-0.3456],[-0.9054],[-1.302],[-1.4685],[-1.3342],[-0.8852],[-0.1389],[0.7591],[1.643],[2.3839],[2.8879],[3.0295],[2.6926],[-3.2013],[-2.8866],[-2.3517],[-1.3007],[0.3141],[1.9966],[2.953],[2.7872],[1.8537],[0.9678],[0.6879],[0.894],[1.0671],[0.798],[0.1114],[-0.6872],[-1.3208],[-1.6456],[-1.6483],[-1.3201],[-0.6879],[0.1852],[1.2228],[2.2671],[2.9852],[3.0007],[2.1503],[-2.6819],[-1.7852],[-0.843],[0.1859],[1.2691],[2.1],[2.2772],[1.7732],[1.0638],[0.794],[1.1416],[1.7081],[1.8852],[1.4087],[0.4859],[-0.4926],[-1.2671],[-1.7463],[-1.9329],[-1.7966],[-1.2946],[-0.3785],[0.9517],[2.4248],[3.457],[3.3658],[1.9557],[-1.4221],[-0.0195],[1.1369],[1.853],[2.1027],[1.902],[1.3758],[0.8369],[0.7309],[1.2383],[2.0564],[2.5523],[2.306],[1.404],[0.2758],[-0.7456],[-1.5685],[-2.1846],[-2.5309],[-2.4577],[-1.8772],[-0.745],[0.9054],[2.7356],[3.9953],[3.8322],[2.0322],[0.3852],[1.8047],[2.753],[2.9933],[2.5517],[1.6711],[0.7826],[0.4174],[0.8349],[1.8054],[2.6416],[2.7054],[1.9315],[0.751],[-0.3456],[-1.257],[-2.1074],[-2.8664],[-3.2463],[-2.9624],[-1.9899],[-0.5148],[1.2671],[3.0477],[4.2268],[4.0195],[2.1651],[2.0564],[2.8188],[3.2201],[3.1859],[2.6718],[1.8],[0.9799],[0.7087],[1.1772],[2.0101],[2.4866],[2.1651],[1.2067],[0.147],[-0.6993],[-1.4698],[-2.3725],[-3.2047],[-3.4356],[-2.7013],[-1.2289],[0.4617],[1.9879],[3.2154],[3.9403],[3.6906],[2.1369],[3.0356],[2.8],[2.6201],[2.6221],[2.6],[2.298],[1.7705],[1.3926],[1.4349],[1.7383],[1.8275],[1.4503],[0.7644],[0.0993],[-0.4698],[-1.1691],[-2.0725],[-2.7893],[-2.7235],[-1.6651],[-0.0463],[1.4268],[2.3342],[2.7752],[2.9309],[2.6591],[1.5846],[3.1799],[2.1685],[1.5725],[1.6826],[2.143],[2.3523],[2.0443],[1.4651],[1.0215],[0.8443],[0.7879],[0.6792],[0.4906],[0.2396],[-0.1638],[-0.7926],[-1.4987],[-1.8852],[-1.6047],[-0.7168],[0.3705],[1.1624],[1.4577],[1.4128],[1.2725],[1.0295],[0.3671],[2.5678],[1.3235],[0.5221],[0.4765],[0.8544],[1.0685],[0.7919],[0.1631],[-0.4289],[-0.7295],[-0.7275],[-0.5148],[-0.2772],[-0.2047],[-0.4591],[-0.9349],[-1.3101],[-1.3376],[-1.0946],[-0.8161],[-0.6356],[-0.5128],[-0.3846],[-0.2966],[-0.3275],[-0.5537],[-1.0805]]}]