html/data/WT_san09_ind_wt_10_5.json
[{"header":{"disciplineName":["Meteorological products"],"parameterCategory":[0],"parameterCategoryName":["Temperature"],"parameterNumberName":["Temperature"],"parameterNumber":[0],"parameterUnits":["K"],"refTime":["2017-03-17T0000:00.000Z"],"numberPoints":[621],"nx":[27],"ny":[23],"lo1":[-20],"la1":[70],"lo2":[45],"la2":[45],"dx":[2.5],"dy":[2.5]},"data":[[-7.1671],[-6.2573],[-5.4963],[-4.8524],[-4.3378],[-3.9622],[-3.6573],[-3.4378],[-3.2768],[-3.1378],[-3.0256],[-2.9402],[-2.8573],[-2.8305],[-2.8232],[-2.8744],[-2.9573],[-3.0817],[-3.1939],[-3.3256],[-3.4354],[-3.5524],[-3.6841],[-3.8256],[-4.0232],[-4.2841],[-4.6232],[-4.5671],[-3.9476],[-3.4329],[-3.0085],[-2.6866],[-2.4329],[-2.2329],[-2.0598],[-1.911],[-1.7695],[-1.6207],[-1.4768],[-1.389],[-1.35],[-1.3817],[-1.4841],[-1.6646],[-1.8988],[-2.1207],[-2.3524],[-2.5451],[-2.6866],[-2.7963],[-2.9232],[-3.0646],[-3.2988],[-3.6134],[-2.5866],[-2.2524],[-1.9427],[-1.6402],[-1.3646],[-1.1232],[-0.9061],[-0.7354],[-0.5866],[-0.4524],[-0.3232],[-0.2207],[-0.1476],[-0.128],[-0.1866],[-0.328],[-0.5549],[-0.811],[-1.1012],[-1.372],[-1.5866],[-1.7402],[-1.8671],[-1.9793],[-2.1427],[-2.3866],[-2.6988],[-1.4305],[-1.2256],[-0.9549],[-0.6305],[-0.2988],[0.0183],[0.2793],[0.4695],[0.5915],[0.65],[0.6768],[0.6963],[0.6915],[0.6744],[0.6305],[0.5402],[0.3939],[0.1939],[-0.0305],[-0.2354],[-0.4183],[-0.5646],[-0.7159],[-0.8793],[-1.0988],[-1.4012],[-1.7866],[-0.65],[-0.4232],[-0.1232],[0.2207],[0.611],[0.9622],[1.2476],[1.4646],[1.5866],[1.5963],[1.5622],[1.489],[1.411],[1.3524],[1.2939],[1.2378],[1.1549],[1.0354],[0.8915],[0.7256],[0.572],[0.4183],[0.2573],[0.0451],[-0.228],[-0.6012],[-1.0134],[0.3598],[0.6183],[0.8476],[1.0915],[1.3598],[1.6598],[1.989],[2.2939],[2.5183],[2.6402],[2.6329],[2.5378],[2.372],[2.211],[2.0646],[1.9402],[1.8232],[1.6793],[1.5134],[1.3524],[1.1939],[1.0524],[0.8988],[0.7183],[0.4622],[0.128],[-0.2524],[1.7598],[1.9159],[1.9573],[1.9744],[2.0695],[2.3232],[2.7207],[3.1866],[3.5963],[3.8476],[3.8915],[3.75],[3.489],[3.189],[2.9012],[2.6841],[2.4866],[2.3305],[2.1476],[1.989],[1.8573],[1.7598],[1.672],[1.572],[1.4207],[1.1939],[0.889],[3.1549],[3.1524],[3.0427],[2.9646],[3.0354],[3.3232],[3.8159],[4.372],[4.8354],[5.0841],[5.0622],[4.8012],[4.4085],[3.9939],[3.6598],[3.4159],[3.2841],[3.2037],[3.1354],[3.0549],[2.9598],[2.8841],[2.8256],[2.7646],[2.689],[2.5476],[2.3476],[4.2793],[4.2134],[4.1695],[4.228],[4.472],[4.8768],[5.3646],[5.811],[6.1085],[6.1476],[5.9524],[5.5793],[5.1524],[4.7573],[4.4598],[4.3232],[4.3037],[4.3573],[4.389],[4.3451],[4.2451],[4.1012],[3.972],[3.8841],[3.8305],[3.7622],[3.7159],[5.311],[5.2988],[5.4524],[5.7646],[6.1915],[6.628],[6.9598],[7.1476],[7.1573],[7.0037],[6.7598],[6.4573],[6.15],[5.8817],[5.6768],[5.5695],[5.55],[5.6037],[5.6159],[5.5451],[5.3671],[5.1573],[5.0012],[4.9329],[4.9524],[5.0207],[5.0793],[6.5256],[6.5524],[6.8305],[7.272],[7.7207],[8.0256],[8.1378],[8.0866],[7.9378],[7.7915],[7.6963],[7.6573],[7.6061],[7.4939],[7.3085],[7.1012],[6.9476],[6.872],[6.8134],[6.7549],[6.6598],[6.6159],[6.7085],[6.9183],[7.1378],[7.272],[7.272],[7.8427],[7.8622],[8.1134],[8.4988],[8.8183],[8.9695],[8.9354],[8.8183],[8.7183],[8.7183],[8.8183],[9.011],[9.1573],[9.1573],[8.9671],[8.6646],[8.4134],[8.311],[8.3427],[8.4695],[8.689],[9.0915],[9.6915],[10.3915],[10.928],[11.0915],[10.8012],[9.1354],[9.1085],[9.272],[9.5329],[9.7744],[9.9134],[9.9524],[9.9549],[9.95],[9.9817],[10.1061],[10.3061],[10.5061],[10.5622],[10.428],[10.1695],[9.9671],[9.9793],[10.2037],[10.589],[11.1305],[11.9427],[13.0427],[14.2134],[15.0939],[15.3793],[14.9744],[10.3695],[10.3207],[10.4256],[10.7012],[11.0622],[11.4354],[11.7183],[11.8841],[11.8866],[11.7646],[11.6598],[11.6744],[11.8207],[11.9598],[11.9354],[11.75],[11.6061],[11.672],[11.9256],[12.328],[12.928],[13.8671],[15.172],[16.6085],[17.7671],[18.3866],[18.4378],[11.5646],[11.4817],[11.6232],[12.0988],[12.8134],[13.5549],[14.1305],[14.3988],[14.311],[13.972],[13.5915],[13.4378],[13.5207],[13.6622],[13.6451],[13.4305],[13.1768],[13.0695],[13.1232],[13.3061],[13.7402],[14.6378],[16.0256],[17.5671],[18.8305],[19.7061],[20.4183],[12.5159],[12.472],[12.7622],[13.5524],[14.6963],[15.7963],[16.5646],[16.85],[16.6963],[16.2695],[15.8159],[15.5695],[15.5402],[15.5451],[15.3671],[14.9841],[14.5427],[14.2476],[14.1134],[14.1305],[14.5183],[15.55],[17.2061],[18.911],[20.0402],[20.6207],[21.2817],[13.1939],[13.3622],[13.9256],[15.011],[16.3939],[17.6378],[18.4207],[18.6915],[18.589],[18.3183],[18.0232],[17.7915],[17.5817],[17.3037],[16.8476],[16.2866],[15.7988],[15.5402],[15.4695],[15.5939],[16.1622],[17.5646],[19.6768],[21.6573],[22.5305],[22.2402],[21.8524],[14.1329],[14.6866],[15.511],[16.6451],[17.9232],[18.9793],[19.6354],[19.9012],[20.0037],[20.0671],[20.0646],[19.8622],[19.411],[18.7695],[18.0744],[17.45],[17.0817],[17.0305],[17.2232],[17.6085],[18.3744],[19.928],[22.2671],[24.45],[25.2451],[24.2841],[22.6524],[15.8573],[16.7915],[17.7232],[18.6232],[19.4841],[20.1793],[20.6768],[20.9915],[21.3305],[21.7061],[21.9256],[21.6744],[20.9671],[20.05],[19.2427],[18.672],[18.4183],[18.5085],[18.928],[19.5207],[20.3061],[21.5744],[23.472],[25.4476],[26.3671],[25.5671],[23.689],[18.0012],[19.128],[19.9841],[20.5768],[21.0476],[21.5037],[21.9183],[22.3232],[22.7622],[23.2451],[23.4451],[23.0671],[22.1427],[21.1329],[20.4037],[19.989],[19.7841],[19.8622],[20.3671],[21.1524],[21.9183],[22.6134],[23.5329],[24.7573],[25.6866],[25.5988],[24.5256],[19.572],[20.6402],[21.411],[21.8573],[22.2037],[22.6451],[23.1524],[23.5744],[23.9646],[24.311],[24.3402],[23.7988],[22.8134],[21.9183],[21.4988],[21.3695],[21.2573],[21.2549],[21.7524],[22.7183],[23.5549],[23.8573],[23.8646],[24.1159],[24.6524],[24.9793],[24.7232],[19.9427],[20.8037],[21.5232],[22.011],[22.4549],[23.0085],[23.5671],[23.9915],[24.2695],[24.45],[24.4085],[23.8963],[23.0841],[22.4988],[22.472],[22.689],[22.728],[22.6793],[23.0305],[23.9183],[24.7939],[25.0671],[24.7427],[24.411],[24.3817],[24.4598],[24.2256],[19.4354],[20.0671],[20.7061],[21.2329],[21.7159],[22.25],[22.7841],[23.1573],[23.4183],[23.6378],[23.7134],[23.5037],[23.1061],[22.9061],[23.0988],[23.4817],[23.6451],[23.6037],[23.711],[24.1573],[24.7354],[25.0402],[25.0183],[24.8354],[24.5915],[24.1963],[23.428]]},{"header":{"disciplineName":["Meteorological products"],"parameterCategory":[2],"parameterCategoryName":["u-component of wind"],"parameterNumberName":["u-component of wind"],"parameterNumber":[2],"parameterUnits":["m s-1"],"refTime":["2017-03-17T0000:00.000Z"],"numberPoints":[621],"nx":[27],"ny":[23],"lo1":[-20],"la1":[70],"lo2":[45],"la2":[45],"dx":[2.5],"dy":[2.5]},"data":[[1.122],[1.3976],[1.7122],[2.0634],[2.4317],[2.8415],[3.2951],[3.7805],[4.3293],[4.8927],[5.4854],[6.0244],[6.5049],[6.8829],[7.1122],[7.2122],[7.1902],[7.0732],[6.9024],[6.7171],[6.5122],[6.3317],[6.1634],[6.0293],[5.8902],[5.7634],[5.6488],[0.2829],[0.7488],[1.2634],[1.8122],[2.3976],[3.022],[3.6902],[4.4268],[5.2244],[6.039],[6.8317],[7.5268],[8.061],[8.3854],[8.4902],[8.3854],[8.122],[7.7902],[7.4439],[7.1317],[6.9366],[6.8195],[6.7976],[6.8244],[6.8634],[6.9073],[6.9195],[0.9805],[1.6366],[2.2927],[2.9634],[3.6122],[4.2659],[4.9463],[5.6415],[6.3537],[7.0366],[7.6463],[8.0927],[8.3683],[8.4],[8.2171],[7.8634],[7.4341],[7.0073],[6.6805],[6.5049],[6.5122],[6.6707],[6.939],[7.2512],[7.5537],[7.7976],[7.9854],[3.4585],[4.0341],[4.5927],[5.0854],[5.5634],[5.9854],[6.3732],[6.7098],[6.9976],[7.2171],[7.361],[7.4195],[7.3585],[7.1976],[6.9585],[6.6976],[6.4585],[6.3024],[6.2951],[6.4],[6.6537],[6.9683],[7.3317],[7.6659],[7.9488],[8.161],[8.3268],[6.5341],[6.722],[6.8805],[7.0171],[7.1268],[7.1854],[7.1634],[7.0683],[6.9098],[6.7171],[6.4951],[6.3098],[6.1732],[6.1],[6.1439],[6.2878],[6.5073],[6.7951],[7.1],[7.3951],[7.6293],[7.7878],[7.8902],[7.9268],[7.9146],[7.8976],[7.8902],[8.7024],[8.4317],[8.1951],[7.9927],[7.7829],[7.5585],[7.2976],[6.9951],[6.6927],[6.3805],[6.122],[5.9634],[5.9293],[6.0439],[6.3146],[6.7293],[7.222],[7.6829],[8.0341],[8.1927],[8.1805],[8.0561],[7.8707],[7.6659],[7.5073],[7.4195],[7.3927],[9.6488],[9.1659],[8.739],[8.3439],[7.961],[7.5976],[7.2537],[6.961],[6.7171],[6.5707],[6.478],[6.4171],[6.4098],[6.4902],[6.6659],[6.9537],[7.2805],[7.5341],[7.6293],[7.5415],[7.3098],[7.0537],[6.8927],[6.861],[6.9561],[7.1293],[7.3488],[10.1659],[9.6854],[9.1976],[8.6707],[8.1585],[7.6537],[7.2341],[6.9415],[6.7707],[6.6902],[6.6585],[6.5902],[6.461],[6.3098],[6.2268],[6.2415],[6.3171],[6.3561],[6.2561],[6.0073],[5.7317],[5.5854],[5.661],[5.9829],[6.4439],[6.9171],[7.3463],[10.6805],[10.1146],[9.4829],[8.8171],[8.1878],[7.5927],[7.1],[6.6951],[6.3854],[6.1537],[5.9463],[5.6951],[5.4122],[5.1659],[5.0317],[5.0659],[5.2098],[5.3341],[5.3024],[5.1146],[4.8927],[4.839],[5.061],[5.5049],[6.039],[6.5024],[6.839],[10.5098],[9.6976],[8.9073],[8.1878],[7.6073],[7.122],[6.678],[6.2293],[5.7122],[5.1707],[4.6488],[4.2122],[3.8805],[3.7341],[3.8024],[4.0976],[4.5293],[4.8927],[5.039],[4.9634],[4.8341],[4.8488],[5.0976],[5.4634],[5.8],[6],[6.1098],[9.1902],[8.2244],[7.3951],[6.7951],[6.4195],[6.2049],[6.0195],[5.6927],[5.1341],[4.4415],[3.7293],[3.1659],[2.839],[2.7805],[2.9829],[3.378],[3.8561],[4.2463],[4.4024],[4.3854],[4.3829],[4.5512],[4.9415],[5.3585],[5.622],[5.678],[5.6878],[7.4488],[6.639],[5.9585],[5.4927],[5.2707],[5.2634],[5.3268],[5.2927],[4.961],[4.3854],[3.7293],[3.1634],[2.8098],[2.6634],[2.6927],[2.8293],[3.0024],[3.1146],[3.0878],[3.0439],[3.1415],[3.5488],[4.1902],[4.8268],[5.2049],[5.3195],[5.4146],[6.1878],[5.6902],[5.2146],[4.8268],[4.622],[4.6902],[4.9439],[5.2024],[5.2244],[4.9463],[4.5],[4.0366],[3.6683],[3.3951],[3.1707],[2.9927],[2.8512],[2.6585],[2.422],[2.239],[2.2756],[2.6951],[3.378],[4.1073],[4.5829],[4.7927],[4.939],[4.9951],[4.7854],[4.539],[4.339],[4.3024],[4.5341],[4.9756],[5.3854],[5.5927],[5.5341],[5.3098],[5.0585],[4.8366],[4.5976],[4.3561],[4.1122],[3.8976],[3.6415],[3.3195],[2.961],[2.7951],[2.9488],[3.4317],[4.0366],[4.5024],[4.7049],[4.6976],[2.9439],[3.0366],[3.2317],[3.5439],[4],[4.5488],[5.0317],[5.2976],[5.3146],[5.2366],[5.2317],[5.3293],[5.4585],[5.4683],[5.3634],[5.2049],[5.0488],[4.8659],[4.5951],[4.2659],[4.039],[4.061],[4.4024],[4.9488],[5.4512],[5.6561],[5.4244],[0.6439],[1.2244],[2.0439],[3.0073],[3.939],[4.5878],[4.7561],[4.4585],[4.0024],[3.7732],[4.0122],[4.561],[5.0854],[5.2854],[5.1659],[4.9049],[4.6805],[4.5463],[4.4756],[4.461],[4.561],[4.8268],[5.2878],[5.8829],[6.4634],[6.7171],[6.3829],[-0.1024],[1.0634],[2.3415],[3.5439],[4.4049],[4.6585],[4.2171],[3.3073],[2.4683],[2.2098],[2.6561],[3.4976],[4.1415],[4.2122],[3.7854],[3.2049],[2.7976],[2.7146],[2.9366],[3.3854],[3.9585],[4.5171],[4.9854],[5.3488],[5.6634],[5.8171],[5.5829],[1.2805],[2.6829],[3.8683],[4.6537],[4.8829],[4.5122],[3.6805],[2.6902],[1.9683],[1.8366],[2.2829],[2.9463],[3.2902],[3.0146],[2.2561],[1.4707],[1.039],[1.0976],[1.5585],[2.239],[2.9244],[3.3634],[3.3829],[3.0463],[2.6171],[2.3756],[2.3],[2.8829],[3.9268],[4.5317],[4.539],[4.0878],[3.4171],[2.822],[2.4463],[2.3122],[2.3561],[2.4854],[2.5829],[2.439],[1.9512],[1.239],[0.6317],[0.4049],[0.6293],[1.1],[1.5951],[1.9268],[1.9049],[1.3659],[0.3683],[-0.7439],[-1.4829],[-1.578],[2.3268],[2.7098],[2.6659],[2.1561],[1.4171],[0.8927],[0.9024],[1.339],[1.7927],[1.9024],[1.6463],[1.2561],[0.9415],[0.6829],[0.4],[0.1927],[0.2098],[0.4634],[0.7659],[0.8439],[0.6707],[0.2927],[-0.322],[-1.239],[-2.3707],[-3.3293],[-3.7073],[-0.8195],[-0.8634],[-1.122],[-1.6488],[-2.2488],[-2.4829],[-2.1268],[-1.339],[-0.6585],[-0.4927],[-0.8195],[-1.2146],[-1.2951],[-1.0951],[-0.8732],[-0.7463],[-0.6537],[-0.4902],[-0.4268],[-0.6244],[-1.0317],[-1.4244],[-1.6683],[-1.9244],[-2.4805],[-3.2707],[-3.9683],[-4.961],[-5.0537],[-5.1537],[-5.3585],[-5.5756],[-5.5902],[-5.2805],[-4.7122],[-4.1707],[-3.8854],[-3.8829],[-3.8805],[-3.5854],[-3.0951],[-2.6317],[-2.3634],[-2.2463],[-2.1585],[-2.1439],[-2.3415],[-2.7024],[-2.9951],[-2.9951],[-2.8049],[-2.822],[-3.2707],[-4.0049],[-8.139],[-8.322],[-8.4122],[-8.3683],[-8.1659],[-7.9463],[-7.7732],[-7.5854],[-7.3024],[-6.9098],[-6.4927],[-6.0732],[-5.6244],[-5.1537],[-4.6732],[-4.2512],[-3.9585],[-3.778],[-3.6732],[-3.661],[-3.7829],[-4.0268],[-4.2268],[-4.2244],[-4.1415],[-4.239],[-4.5902]]},{"header":{"disciplineName":["Meteorological products"],"parameterCategory":[2],"parameterCategoryName":["v-component of wind"],"parameterNumberName":["v-component of wind"],"parameterNumber":[3],"parameterUnits":["m s-1"],"refTime":["2017-03-17T0000:00.000Z"],"numberPoints":[621],"nx":[27],"ny":[23],"lo1":[-20],"la1":[70],"lo2":[45],"la2":[45],"dx":[2.5],"dy":[2.5]},"data":[[0.739],[1.2902],[1.7171],[1.9854],[2.0927],[2.0561],[1.8976],[1.6976],[1.4561],[1.1976],[0.9537],[0.6902],[0.4171],[0.1561],[-0.1171],[-0.3902],[-0.6561],[-0.8951],[-1.1098],[-1.3049],[-1.4829],[-1.639],[-1.7659],[-1.861],[-1.9122],[-1.9122],[-1.8756],[1.6634],[2.3073],[2.7805],[3.0683],[3.1805],[3.1805],[3.0976],[2.9707],[2.8244],[2.6146],[2.3415],[1.9683],[1.4976],[0.9415],[0.3488],[-0.2171],[-0.7171],[-1.1171],[-1.4146],[-1.6122],[-1.7463],[-1.8341],[-1.9098],[-1.9488],[-1.9707],[-1.9512],[-1.8756],[2.8927],[3.5732],[4.0634],[4.3439],[4.4512],[4.4585],[4.3854],[4.2732],[4.1],[3.8171],[3.3829],[2.7659],[1.9878],[1.0951],[0.1829],[-0.6073],[-1.2073],[-1.5707],[-1.7024],[-1.6659],[-1.539],[-1.4049],[-1.3268],[-1.322],[-1.361],[-1.4195],[-1.4537],[4.0268],[4.6805],[5.1268],[5.3854],[5.4488],[5.3976],[5.239],[5.0049],[4.6854],[4.2439],[3.6415],[2.839],[1.8683],[0.8366],[-0.1659],[-0.9756],[-1.5],[-1.6854],[-1.5732],[-1.2585],[-0.8854],[-0.5829],[-0.4122],[-0.4195],[-0.5463],[-0.7439],[-0.922],[4.5122],[5.0585],[5.4805],[5.7366],[5.7902],[5.6488],[5.3341],[4.8976],[4.3805],[3.8146],[3.1683],[2.4293],[1.622],[0.7415],[-0.0683],[-0.7098],[-1.1098],[-1.1951],[-1.0171],[-0.6829],[-0.322],[-0.0463],[0.061],[-0.0171],[-0.2268],[-0.4829],[-0.6854],[4.0683],[4.5439],[4.9951],[5.3293],[5.4317],[5.2366],[4.7805],[4.161],[3.5049],[2.9073],[2.3927],[1.9463],[1.4854],[0.978],[0.4561],[-0.0146],[-0.378],[-0.5634],[-0.561],[-0.4098],[-0.2268],[-0.1049],[-0.0854],[-0.1976],[-0.3707],[-0.5244],[-0.5756],[2.9902],[3.4537],[3.978],[4.4537],[4.6854],[4.522],[4.0268],[3.3268],[2.6415],[2.1171],[1.8098],[1.6293],[1.4707],[1.2171],[0.8756],[0.4293],[-0.0024],[-0.3634],[-0.561],[-0.5829],[-0.4927],[-0.3561],[-0.2707],[-0.2585],[-0.3024],[-0.3268],[-0.2439],[1.822],[2.2951],[2.8805],[3.4659],[3.8122],[3.7878],[3.3829],[2.7537],[2.1488],[1.7829],[1.622],[1.6024],[1.5439],[1.3317],[0.9561],[0.4488],[-0.0878],[-0.5439],[-0.8195],[-0.8561],[-0.6707],[-0.3439],[-0.0268],[0.1902],[0.2878],[0.3098],[0.3512],[0.8927],[1.3],[1.8756],[2.522],[2.9902],[3.0927],[2.8],[2.2829],[1.8122],[1.5683],[1.561],[1.6366],[1.6098],[1.3854],[0.9707],[0.4659],[-0.0829],[-0.5756],[-0.8976],[-0.9463],[-0.6488],[-0.1],[0.478],[0.8976],[1.0683],[1.0415],[0.9049],[0.0488],[0.3659],[0.9098],[1.6146],[2.2073],[2.4122],[2.1244],[1.5805],[1.0951],[0.9317],[1.0829],[1.3537],[1.5122],[1.4463],[1.1951],[0.8195],[0.3463],[-0.1927],[-0.6561],[-0.839],[-0.5537],[0.1],[0.8732],[1.4707],[1.7244],[1.6488],[1.3024],[-0.9585],[-0.6537],[-0.0463],[0.8],[1.539],[1.8024],[1.4366],[0.6756],[0.0024],[-0.2024],[0.1024],[0.6488],[1.1195],[1.3659],[1.4024],[1.2366],[0.8659],[0.2732],[-0.3415],[-0.6561],[-0.4098],[0.3463],[1.2537],[1.9439],[2.2415],[2.1463],[1.7244],[-2.0098],[-1.6732],[-0.939],[0.0878],[1.0195],[1.4146],[1.0024],[0.0512],[-0.878],[-1.2171],[-0.8756],[-0.1293],[0.5902],[1.0585],[1.2951],[1.2902],[1.0049],[0.4317],[-0.2098],[-0.4707],[-0.0805],[0.839],[1.8512],[2.478],[2.661],[2.5122],[2.1293],[-2.7707],[-2.4463],[-1.6878],[-0.5415],[0.6463],[1.2902],[1.0463],[0.0463],[-1.0634],[-1.6244],[-1.4024],[-0.6707],[0.0756],[0.5951],[0.8756],[0.9366],[0.7049],[0.2024],[-0.2951],[-0.3171],[0.3829],[1.5463],[2.5561],[2.9634],[2.8195],[2.4927],[2.1902],[-3.0512],[-2.8585],[-2.1805],[-0.9634],[0.4561],[1.4707],[1.4976],[0.5756],[-0.6634],[-1.4634],[-1.4902],[-0.9463],[-0.3171],[0.1585],[0.4439],[0.5463],[0.3634],[-0.1098],[-0.5488],[-0.3732],[0.639],[2.0805],[3.1512],[3.3463],[2.7878],[2.139],[1.7659],[-3.0244],[-2.8951],[-2.2195],[-0.8854],[0.7561],[1.961],[2.0829],[1.1195],[-0.2415],[-1.2024],[-1.3951],[-1.0268],[-0.5293],[-0.1195],[0.1951],[0.3537],[0.1537],[-0.4195],[-0.9512],[-0.778],[0.4268],[2.2317],[3.6317],[3.8951],[3.1024],[1.978],[1.1756],[-2.6732],[-2.4073],[-1.5268],[-0.0415],[1.5878],[2.5463],[2.3268],[1.1317],[-0.2122],[-0.9829],[-1.0537],[-0.761],[-0.4927],[-0.2537],[-0.0341],[0.1268],[-0.0927],[-0.7634],[-1.461],[-1.3732],[-0.0171],[2.1976],[4.1707],[4.878],[4.0439],[2.3268],[0.7098],[-1.7707],[-1.1902],[-0.0927],[1.3463],[2.5195],[2.7024],[1.7878],[0.3976],[-0.5756],[-0.722],[-0.3634],[-0.139],[-0.2902],[-0.5439],[-0.5659],[-0.4415],[-0.5756],[-1.1585],[-1.7902],[-1.6683],[-0.239],[2.222],[4.6317],[5.7902],[5.0537],[2.8366],[0.3585],[-0.0976],[0.6244],[1.6049],[2.5732],[2.9073],[2.1732],[0.6488],[-0.6976],[-1],[-0.3024],[0.461],[0.4659],[-0.2951],[-1.1366],[-1.4439],[-1.2756],[-1.1561],[-1.361],[-1.639],[-1.3122],[0.0512],[2.3122],[4.6],[5.8195],[5.2195],[2.9268],[0.1],[1.9073],[2.3878],[2.8073],[3.0195],[2.6561],[1.4341],[-0.1976],[-1.2293],[-0.9512],[0.2073],[1],[0.6024],[-0.7146],[-1.9098],[-2.2463],[-1.8756],[-1.4049],[-1.1537],[-0.9707],[-0.4244],[0.6951],[2.2902],[3.8829],[4.739],[4.261],[2.4073],[0.0195],[3.4073],[3.3951],[3.0707],[2.7073],[2.1659],[1.222],[0.039],[-0.6073],[-0.2463],[0.6683],[1.039],[0.2268],[-1.2634],[-2.3293],[-2.4195],[-1.8195],[-1.1463],[-0.6171],[-0.1463],[0.478],[1.2439],[2.0415],[2.7537],[3.1],[2.7463],[1.5585],[-0.0415],[3.922],[3.478],[2.6463],[2.0268],[1.7659],[1.5317],[1.0268],[0.5683],[0.5488],[0.8073],[0.6561],[-0.2683],[-1.4488],[-2.1049],[-1.9122],[-1.2585],[-0.6122],[-0.1049],[0.3732],[0.8634],[1.2195],[1.439],[1.5878],[1.6195],[1.3317],[0.578],[-0.5171],[3.6122],[3.0488],[2.0341],[1.3537],[1.3293],[1.5561],[1.4268],[0.9951],[0.5878],[0.3732],[0.0366],[-0.6195],[-1.2756],[-1.4976],[-1.2],[-0.6976],[-0.2659],[0.0854],[0.3854],[0.5659],[0.5439],[0.4683],[0.5098],[0.5902],[0.3683],[-0.3976],[-1.5463],[2.922],[2.5],[1.5902],[0.8683],[0.6732],[0.7439],[0.5976],[0.161],[-0.2415],[-0.4829],[-0.6902],[-0.9878],[-1.222],[-1.1634],[-0.8732],[-0.5561],[-0.3293],[-0.1756],[-0.0927],[-0.1854],[-0.4366],[-0.5561],[-0.3317],[0.0171],[-0.122],[-1.1049],[-2.6122]]}]