html/data/WT_san09_ind_wt_3_9.json
[{"header":{"disciplineName":["Meteorological products"],"parameterCategory":[0],"parameterCategoryName":["Temperature"],"parameterNumberName":["Temperature"],"parameterNumber":[0],"parameterUnits":["K"],"refTime":["2017-03-17T0000:00.000Z"],"numberPoints":[621],"nx":[27],"ny":[23],"lo1":[-20],"la1":[70],"lo2":[45],"la2":[45],"dx":[2.5],"dy":[2.5]},"data":[[-13.5608],[-12.8614],[-12.2082],[-11.6057],[-11.0778],[-10.619],[-10.2348],[-9.9196],[-9.6576],[-9.4506],[-9.2981],[-9.1823],[-9.1101],[-9.0823],[-9.0962],[-9.1576],[-9.2506],[-9.3829],[-9.5475],[-9.7285],[-9.9253],[-10.1411],[-10.3665],[-10.6089],[-10.8696],[-11.157],[-11.4677],[-10.3981],[-10],[-9.6557],[-9.3437],[-9.0715],[-8.8108],[-8.569],[-8.3525],[-8.1601],[-8.0133],[-7.9228],[-7.8861],[-7.9222],[-8.031],[-8.2076],[-8.4329],[-8.6987],[-8.9842],[-9.2722],[-9.5405],[-9.7854],[-9.9962],[-10.1823],[-10.3475],[-10.5222],[-10.7234],[-10.9563],[-7.3557],[-7.3304],[-7.3266],[-7.3032],[-7.238],[-7.1297],[-6.9899],[-6.8443],[-6.719],[-6.6487],[-6.657],[-6.7532],[-6.9418],[-7.212],[-7.5475],[-7.9278],[-8.319],[-8.6975],[-9.0386],[-9.3196],[-9.5468],[-9.7063],[-9.8177],[-9.9013],[-9.9829],[-10.1],[-10.2614],[-5.3259],[-5.4937],[-5.6386],[-5.7241],[-5.7354],[-5.6854],[-5.6051],[-5.5348],[-5.5044],[-5.5601],[-5.7032],[-5.9411],[-6.2646],[-6.6354],[-7.0342],[-7.4304],[-7.7968],[-8.1234],[-8.3949],[-8.6038],[-8.7487],[-8.8462],[-8.9076],[-8.9513],[-9.0082],[-9.1],[-9.2392],[-4.2038],[-4.2829],[-4.3291],[-4.3468],[-4.3247],[-4.3025],[-4.3051],[-4.3506],[-4.4557],[-4.6494],[-4.9139],[-5.2481],[-5.6234],[-6.0114],[-6.3741],[-6.707],[-6.9848],[-7.2203],[-7.4139],[-7.5703],[-7.6968],[-7.7943],[-7.8665],[-7.9335],[-7.9937],[-8.0823],[-8.2089],[-3.1696],[-3.0589],[-2.9589],[-2.8968],[-2.8975],[-2.962],[-3.0715],[-3.2241],[-3.4203],[-3.6734],[-3.9804],[-4.3228],[-4.6924],[-5.0614],[-5.3949],[-5.6994],[-5.9715],[-6.231],[-6.4677],[-6.6949],[-6.9013],[-7.0671],[-7.2006],[-7.2943],[-7.3532],[-7.3835],[-7.4266],[-1.788],[-1.6165],[-1.5203],[-1.5348],[-1.6513],[-1.8411],[-2.0437],[-2.2424],[-2.4342],[-2.6411],[-2.9057],[-3.2241],[-3.5747],[-3.9354],[-4.2949],[-4.6487],[-4.9899],[-5.331],[-5.6766],[-6.0038],[-6.2956],[-6.5437],[-6.7392],[-6.8614],[-6.907],[-6.8854],[-6.8203],[-0.2956],[-0.2506],[-0.3044],[-0.4608],[-0.707],[-0.9684],[-1.2006],[-1.3778],[-1.5203],[-1.6829],[-1.9158],[-2.2241],[-2.5867],[-2.9665],[-3.3323],[-3.6981],[-4.0759],[-4.4576],[-4.8184],[-5.1614],[-5.4595],[-5.7266],[-5.9633],[-6.1386],[-6.2266],[-6.2057],[-6.088],[0.9639],[0.8703],[0.7247],[0.5247],[0.2785],[0.0228],[-0.2025],[-0.3722],[-0.5165],[-0.6981],[-0.9532],[-1.2816],[-1.6348],[-1.9785],[-2.3108],[-2.657],[-3.0228],[-3.4032],[-3.7576],[-4.043],[-4.2778],[-4.5025],[-4.7386],[-4.9595],[-5.1051],[-5.1063],[-4.9734],[2.0247],[1.9095],[1.8241],[1.7196],[1.5747],[1.3576],[1.1203],[0.8899],[0.6918],[0.4835],[0.2595],[-0.0057],[-0.2703],[-0.5354],[-0.8392],[-1.2146],[-1.6829],[-2.1753],[-2.6076],[-2.9019],[-3.0671],[-3.1804],[-3.3234],[-3.4816],[-3.5835],[-3.5437],[-3.3639],[3.0481],[2.9823],[2.9937],[3.0152],[2.9342],[2.7209],[2.431],[2.1424],[1.943],[1.8253],[1.7506],[1.669],[1.5513],[1.3405],[0.9829],[0.4399],[-0.2449],[-0.9519],[-1.5196],[-1.8272],[-1.8924],[-1.8348],[-1.7747],[-1.7519],[-1.7228],[-1.6038],[-1.4114],[4.0443],[3.9949],[4.0272],[4.0608],[3.9747],[3.7354],[3.4108],[3.1405],[3.031],[3.0759],[3.1968],[3.2728],[3.2228],[2.9823],[2.5063],[1.8158],[0.9968],[0.2329],[-0.2943],[-0.4956],[-0.4019],[-0.1405],[0.1241],[0.3259],[0.4513],[0.543],[0.6063],[4.9614],[4.8975],[4.8753],[4.8684],[4.7854],[4.5949],[4.343],[4.169],[4.1468],[4.2589],[4.3949],[4.443],[4.3127],[3.9772],[3.4443],[2.7652],[2.0873],[1.5468],[1.2899],[1.3082],[1.5462],[1.907],[2.2778],[2.5589],[2.6943],[2.7152],[2.6532],[5.8323],[5.7658],[5.738],[5.7785],[5.8532],[5.8646],[5.8076],[5.743],[5.7025],[5.6835],[5.6082],[5.4297],[5.1449],[4.7513],[4.2709],[3.7614],[3.338],[3.1038],[3.0766],[3.2006],[3.419],[3.75],[4.1627],[4.5576],[4.7861],[4.8563],[4.9101],[6.6677],[6.6582],[6.7171],[6.9753],[7.3709],[7.7165],[7.9044],[7.9101],[7.7633],[7.5139],[7.1487],[6.7329],[6.3335],[5.9696],[5.5968],[5.2184],[4.9171],[4.7652],[4.7373],[4.7449],[4.8203],[5.1057],[5.6848],[6.3772],[6.8639],[7.0899],[7.381],[7.4291],[7.5101],[7.7734],[8.3329],[9.0601],[9.7165],[10.081],[10.1177],[9.9019],[9.5184],[9.0152],[8.4987],[8.0696],[7.7253],[7.3968],[7.0203],[6.6589],[6.4184],[6.2886],[6.1892],[6.1873],[6.5785],[7.4981],[8.6158],[9.3475],[9.4956],[9.6405],[8.188],[8.45],[8.9323],[9.6981],[10.5994],[11.3532],[11.7589],[11.8228],[11.6785],[11.4082],[11.0361],[10.5722],[10.1057],[9.693],[9.2975],[8.85],[8.4297],[8.1734],[8.0987],[8.1152],[8.2329],[8.7905],[10.0228],[11.5184],[12.3646],[12.1247],[11.4892],[9.1905],[9.7133],[10.3658],[11.1443],[11.943],[12.5785],[12.9272],[13.057],[13.143],[13.2297],[13.1854],[12.862],[12.3013],[11.7063],[11.1816],[10.6981],[10.2892],[10.1108],[10.2329],[10.4905],[10.7652],[11.3399],[12.6051],[14.3095],[15.3892],[14.9728],[13.5481],[10.6373],[11.4316],[12.1475],[12.7595],[13.2905],[13.7259],[14.0405],[14.3038],[14.6608],[15.1392],[15.431],[15.2291],[14.5437],[13.7532],[13.15],[12.7108],[12.3222],[12.1038],[12.2475],[12.6348],[12.9475],[13.3044],[14.2823],[16.0538],[17.6759],[17.8766],[16.5063],[12.5468],[13.4987],[14.1949],[14.6127],[14.9146],[15.2418],[15.5987],[15.9785],[16.4785],[17.0968],[17.5165],[17.3171],[16.5114],[15.6203],[15.112],[14.8709],[14.5082],[14.0715],[13.9544],[14.2918],[14.6582],[14.8354],[15.3816],[16.9405],[19.0582],[20.3196],[19.8399],[14.8291],[15.8032],[16.4538],[16.7854],[16.9943],[17.3114],[17.7291],[18.131],[18.5297],[18.9633],[19.1956],[18.8639],[17.9671],[17.1386],[16.9316],[17.1025],[16.9627],[16.3487],[15.9076],[16.1728],[16.7823],[17.0975],[17.3057],[18.2576],[20.1361],[21.8076],[22.0639],[17.2582],[18.1392],[18.7753],[19.1203],[19.3316],[19.6437],[20.0487],[20.3791],[20.5671],[20.6728],[20.6158],[20.1386],[19.2785],[18.6386],[18.8032],[19.5013],[19.8139],[19.3171],[18.7025],[18.8816],[19.7646],[20.4722],[20.5968],[20.7861],[21.6019],[22.519],[22.5418],[19.2563],[20.0038],[20.6044],[20.9886],[21.2152],[21.4715],[21.8063],[22.0854],[22.1791],[22.1266],[21.9367],[21.5285],[20.9222],[20.5677],[20.9709],[21.9816],[22.7304],[22.5734],[21.9285],[21.8399],[22.6392],[23.593],[23.9297],[23.7234],[23.4892],[23.1968],[22.3373]]},{"header":{"disciplineName":["Meteorological products"],"parameterCategory":[2],"parameterCategoryName":["u-component of wind"],"parameterNumberName":["u-component of wind"],"parameterNumber":[2],"parameterUnits":["m s-1"],"refTime":["2017-03-17T0000:00.000Z"],"numberPoints":[621],"nx":[27],"ny":[23],"lo1":[-20],"la1":[70],"lo2":[45],"la2":[45],"dx":[2.5],"dy":[2.5]},"data":[[2.9316],[3.1842],[3.3108],[3.3278],[3.2652],[3.1582],[3.0633],[3.019],[3.0335],[3.1304],[3.2753],[3.4449],[3.6019],[3.7152],[3.7804],[3.7918],[3.7684],[3.7335],[3.7139],[3.7291],[3.781],[3.8538],[3.9405],[4.0234],[4.1057],[4.1684],[4.2399],[3.0873],[3.5063],[3.7595],[3.8551],[3.8506],[3.8108],[3.8],[3.8677],[4.0323],[4.2747],[4.5544],[4.8006],[4.9665],[5.0095],[4.9127],[4.6937],[4.4095],[4.1228],[3.893],[3.7462],[3.7],[3.7405],[3.8278],[3.9392],[4.0449],[4.1525],[4.2633],[3.7665],[4.162],[4.3949],[4.5247],[4.5994],[4.6867],[4.8158],[5.0171],[5.2867],[5.588],[5.862],[6.0437],[6.0804],[5.9228],[5.5835],[5.1082],[4.588],[4.1044],[3.7494],[3.5563],[3.5386],[3.6608],[3.862],[4.0918],[4.3196],[4.5329],[4.7494],[5.2316],[5.4114],[5.5323],[5.6392],[5.7513],[5.8918],[6.0443],[6.1842],[6.3],[6.3658],[6.3722],[6.2785],[6.0633],[5.7272],[5.2791],[4.7778],[4.293],[3.8981],[3.6538],[3.5968],[3.6924],[3.8975],[4.1582],[4.431],[4.7],[4.9684],[5.2475],[7.2222],[7.2108],[7.2089],[7.2595],[7.3329],[7.3981],[7.3772],[7.2532],[7.012],[6.6829],[6.307],[5.9278],[5.5557],[5.212],[4.9101],[4.6563],[4.4823],[4.4038],[4.4146],[4.4918],[4.5994],[4.6981],[4.781],[4.8557],[4.9456],[5.112],[5.3703],[9.131],[9.0392],[8.9658],[8.9146],[8.8544],[8.7278],[8.4886],[8.1057],[7.6139],[7.0867],[6.5899],[6.1747],[5.8816],[5.681],[5.5943],[5.5842],[5.643],[5.7386],[5.8222],[5.8418],[5.7582],[5.5728],[5.3222],[5.0918],[4.9475],[4.9734],[5.1886],[10.4354],[10.312],[10.1247],[9.9057],[9.6354],[9.3152],[8.9291],[8.5019],[8.0905],[7.7361],[7.488],[7.3335],[7.2437],[7.1741],[7.1095],[7.0342],[6.95],[6.8525],[6.7006],[6.4595],[6.1152],[5.7089],[5.3139],[4.993],[4.8241],[4.8456],[5.0468],[10.8987],[10.6443],[10.3019],[9.912],[9.4911],[9.0759],[8.6791],[8.3475],[8.1367],[8.0665],[8.1158],[8.2228],[8.2962],[8.2576],[8.0709],[7.7665],[7.3627],[6.9165],[6.4494],[5.9608],[5.507],[5.1386],[4.9057],[4.8291],[4.8601],[4.9665],[5.0962],[10.4734],[10.0405],[9.6006],[9.1911],[8.8038],[8.4386],[8.0943],[7.7873],[7.5614],[7.4487],[7.4405],[7.5184],[7.607],[7.6076],[7.4741],[7.1797],[6.7671],[6.2627],[5.7253],[5.2285],[4.857],[4.707],[4.7804],[5.0082],[5.2259],[5.3063],[5.1962],[9.3468],[8.8411],[8.4405],[8.1297],[7.8595],[7.5924],[7.2582],[6.8551],[6.3835],[5.9215],[5.5563],[5.3677],[5.3589],[5.4854],[5.6437],[5.738],[5.707],[5.5424],[5.2671],[4.9797],[4.8152],[4.8772],[5.1563],[5.5228],[5.731],[5.6228],[5.1911],[7.9424],[7.481],[7.1209],[6.7962],[6.4886],[6.1842],[5.8601],[5.4582],[4.9519],[4.3614],[3.8006],[3.4152],[3.3127],[3.4892],[3.8456],[4.2582],[4.6038],[4.8146],[4.8918],[4.8968],[4.9392],[5.1361],[5.4823],[5.8361],[5.969],[5.7285],[5.1684],[6.5266],[6.1089],[5.6487],[5.1291],[4.6158],[4.2468],[4.0665],[4.0247],[3.9854],[3.8247],[3.5525],[3.2696],[3.1051],[3.1006],[3.2468],[3.4968],[3.7937],[4.0956],[4.3532],[4.5563],[4.7342],[4.9677],[5.2911],[5.6196],[5.7994],[5.7101],[5.3835],[4.9519],[4.5373],[4.0228],[3.4481],[2.9797],[2.7937],[3.0063],[3.5209],[4.1342],[4.619],[4.8639],[4.862],[4.6804],[4.412],[4.1424],[3.9557],[3.9348],[4.0778],[4.3222],[4.5608],[4.738],[4.8785],[5.0627],[5.3196],[5.6196],[5.8399],[5.9323],[3.1652],[2.8316],[2.5753],[2.4278],[2.5019],[2.8589],[3.4918],[4.2823],[5.0778],[5.7443],[6.2171],[6.45],[6.4272],[6.193],[5.8462],[5.5424],[5.3981],[5.4563],[5.6184],[5.7633],[5.788],[5.7044],[5.6247],[5.6962],[5.969],[6.3627],[6.6962],[1.7146],[1.6108],[1.8228],[2.3525],[3.1089],[3.9285],[4.6323],[5.1316],[5.4411],[5.7025],[6.057],[6.4918],[6.893],[7.1677],[7.2886],[7.3639],[7.4601],[7.5905],[7.6956],[7.6968],[7.5658],[7.3006],[6.9962],[6.8209],[6.9241],[7.262],[7.5677],[1.2544],[1.4259],[1.9525],[2.7639],[3.6703],[4.4019],[4.7475],[4.6747],[4.4082],[4.2873],[4.5918],[5.3259],[6.2589],[7.112],[7.7766],[8.2873],[8.6639],[8.8867],[8.9462],[8.8816],[8.7494],[8.5323],[8.2228],[7.9449],[7.931],[8.2177],[8.5259],[1.6443],[2.0278],[2.5481],[3.0987],[3.5576],[3.7842],[3.7196],[3.4405],[3.1696],[3.2127],[3.7608],[4.7443],[5.8595],[6.781],[7.4266],[7.9],[8.2715],[8.5076],[8.588],[8.6],[8.6538],[8.6854],[8.5671],[8.3728],[8.4101],[8.8728],[9.4854],[2.2013],[2.7633],[3.2133],[3.4715],[3.5203],[3.4259],[3.3456],[3.4025],[3.6658],[4.1791],[4.9335],[5.7804],[6.4759],[6.8032],[6.8367],[6.8525],[7.0399],[7.3177],[7.5487],[7.7532],[8.0373],[8.3209],[8.4076],[8.3443],[8.4778],[9.138],[10.1196],[2.7956],[3.5114],[4.0703],[4.4146],[4.5386],[4.5759],[4.7753],[5.2582],[5.9424],[6.6203],[7.1354],[7.4184],[7.3639],[6.9652],[6.4203],[6.1228],[6.2741],[6.7108],[7.1481],[7.5051],[7.8867],[8.281],[8.5063],[8.5437],[8.6665],[9.1994],[10.0437],[3.8924],[4.6367],[5.2873],[5.8285],[6.1823],[6.3981],[6.6835],[7.1741],[7.7443],[8.1089],[8.1032],[7.8057],[7.3038],[6.6829],[6.1494],[6.0152],[6.3766],[6.9873],[7.4753],[7.7665],[8.0481],[8.4146],[8.7348],[8.8677],[8.9006],[8.9696],[9.0481],[5.1513],[5.7405],[6.1867],[6.562],[6.7778],[6.8209],[6.8234],[6.9576],[7.15],[7.1614],[6.8677],[6.4051],[5.9772],[5.6886],[5.6285],[5.9215],[6.5259],[7.1411],[7.4399],[7.4589],[7.5241],[7.7703],[8.0918],[8.2823],[8.2367],[7.8778],[7.1133],[4.9696],[5.3418],[5.4089],[5.338],[5.1772],[4.9316],[4.6823],[4.5696],[4.5956],[4.5703],[4.3747],[4.1304],[4.0101],[4.0829],[4.3854],[4.9399],[5.6038],[6.0715],[6.1291],[5.9513],[5.8595],[5.957],[6.0709],[6.0842],[5.9468],[5.4715],[4.4127],[2.0747],[2.3259],[2.2051],[1.9462],[1.7582],[1.643],[1.5614],[1.55],[1.6405],[1.7475],[1.8],[1.8247],[1.8886],[2.019],[2.2671],[2.707],[3.2348],[3.5677],[3.5842],[3.4943],[3.5494],[3.607],[3.3975],[2.9741],[2.5962],[2.2171],[1.4399]]},{"header":{"disciplineName":["Meteorological products"],"parameterCategory":[2],"parameterCategoryName":["v-component of wind"],"parameterNumberName":["v-component of wind"],"parameterNumber":[3],"parameterUnits":["m s-1"],"refTime":["2017-03-17T0000:00.000Z"],"numberPoints":[621],"nx":[27],"ny":[23],"lo1":[-20],"la1":[70],"lo2":[45],"la2":[45],"dx":[2.5],"dy":[2.5]},"data":[[-0.1468],[-0.0222],[0.1057],[0.2304],[0.357],[0.4892],[0.6253],[0.7671],[0.9019],[1.0165],[1.0949],[1.1386],[1.1487],[1.1424],[1.1272],[1.1114],[1.1006],[1.0741],[1.0209],[0.919],[0.7551],[0.5418],[0.2873],[0.0304],[-0.1987],[-0.3759],[-0.4842],[0.9513],[0.812],[0.6519],[0.5076],[0.4342],[0.4411],[0.5443],[0.7165],[0.9247],[1.1013],[1.219],[1.2557],[1.2076],[1.119],[1.0146],[0.9386],[0.9032],[0.8981],[0.8899],[0.8468],[0.7354],[0.5563],[0.3247],[0.0975],[-0.0778],[-0.162],[-0.1468],[1.9848],[1.5778],[1.1753],[0.8608],[0.6766],[0.6494],[0.7627],[0.9709],[1.1867],[1.3278],[1.3462],[1.2089],[0.95],[0.6196],[0.3228],[0.1456],[0.1051],[0.2013],[0.3759],[0.5494],[0.6494],[0.6595],[0.5797],[0.4715],[0.3962],[0.4095],[0.5165],[2.4557],[1.9215],[1.4684],[1.1551],[0.9943],[0.9892],[1.0968],[1.2468],[1.3652],[1.3684],[1.2044],[0.8563],[0.3639],[-0.1532],[-0.5728],[-0.7918],[-0.7576],[-0.4816],[-0.0696],[0.3633],[0.7291],[0.9494],[1.0538],[1.0886],[1.1278],[1.2133],[1.3329],[2.493],[1.9797],[1.6133],[1.3899],[1.2715],[1.2152],[1.1937],[1.1614],[1.0886],[0.9367],[0.643],[0.2215],[-0.2937],[-0.7943],[-1.1627],[-1.2835],[-1.1272],[-0.7222],[-0.1905],[0.3462],[0.7867],[1.0962],[1.3139],[1.4918],[1.6722],[1.869],[2.0329],[2.4778],[1.9804],[1.6443],[1.4158],[1.2253],[1.0133],[0.7778],[0.5424],[0.3108],[0.0937],[-0.1563],[-0.4696],[-0.8266],[-1.1595],[-1.357],[-1.3392],[-1.0835],[-0.6658],[-0.2],[0.2165],[0.5468],[0.8089],[1.0728],[1.4133],[1.8323],[2.2722],[2.6139],[2.412],[1.7861],[1.3133],[0.95],[0.6323],[0.3089],[-0.0203],[-0.3089],[-0.5051],[-0.6354],[-0.7532],[-0.9266],[-1.1684],[-1.3987],[-1.5165],[-1.4411],[-1.1797],[-0.819],[-0.4772],[-0.219],[-0.0304],[0.2038],[0.581],[1.1576],[1.8823],[2.6165],[3.1867],[2.0532],[1.1703],[0.4873],[0.031],[-0.2772],[-0.5101],[-0.7038],[-0.831],[-0.8747],[-0.8544],[-0.8715],[-1.0082],[-1.281],[-1.6063],[-1.8373],[-1.8646],[-1.6899],[-1.4051],[-1.1361],[-0.9184],[-0.6842],[-0.3032],[0.3063],[1.1361],[2.0785],[2.9513],[3.6025],[1.3886],[0.3291],[-0.4196],[-0.8013],[-0.9139],[-0.9184],[-0.9291],[-0.9405],[-0.9025],[-0.8241],[-0.7835],[-0.893],[-1.2165],[-1.6658],[-2.0671],[-2.2854],[-2.2772],[-2.1203],[-1.8968],[-1.6063],[-1.1576],[-0.4842],[0.4057],[1.3918],[2.3101],[3.0361],[3.5139],[0.7139],[-0.3329],[-0.9867],[-1.1981],[-1.1177],[-1.0101],[-1.0367],[-1.1652],[-1.2646],[-1.2253],[-1.0715],[-0.9709],[-1.0722],[-1.412],[-1.8551],[-2.2373],[-2.4532],[-2.4975],[-2.3627],[-1.9968],[-1.3177],[-0.3437],[0.7525],[1.7165],[2.362],[2.6892],[2.8373],[0.1506],[-0.7785],[-1.3361],[-1.4696],[-1.3772],[-1.3259],[-1.5171],[-1.8911],[-2.1994],[-2.1848],[-1.8241],[-1.3095],[-0.9595],[-0.962],[-1.2848],[-1.7557],[-2.1835],[-2.4291],[-2.3937],[-1.9734],[-1.1196],[0.0494],[1.2057],[1.9816],[2.2272],[2.1323],[2.0095],[-0.4057],[-1.2652],[-1.8639],[-2.0962],[-2.0677],[-2.0405],[-2.2253],[-2.6209],[-2.9506],[-2.9241],[-2.431],[-1.6481],[-0.9703],[-0.6949],[-0.8899],[-1.3741],[-1.8785],[-2.1886],[-2.1506],[-1.6506],[-0.6791],[0.5348],[1.6013],[2.1272],[2.0506],[1.6962],[1.5076],[-0.9924],[-1.8316],[-2.5114],[-2.8196],[-2.7481],[-2.5],[-2.357],[-2.4481],[-2.6557],[-2.7063],[-2.3949],[-1.7728],[-1.1563],[-0.8734],[-1.0165],[-1.4392],[-1.8601],[-2.0684],[-1.9089],[-1.312],[-0.3095],[0.857],[1.7835],[2.1316],[1.9209],[1.5563],[1.4905],[-1.5196],[-2.2443],[-2.7956],[-2.9449],[-2.6494],[-2.0797],[-1.562],[-1.3544],[-1.5076],[-1.8025],[-1.9373],[-1.7804],[-1.4823],[-1.307],[-1.4215],[-1.7297],[-2.0203],[-2.0873],[-1.8386],[-1.2304],[-0.2747],[0.8171],[1.6886],[2.0411],[1.9025],[1.6823],[1.7335],[-1.9652],[-2.357],[-2.4949],[-2.269],[-1.7405],[-1.0722],[-0.5253],[-0.3456],[-0.607],[-1.1266],[-1.5665],[-1.7114],[-1.5924],[-1.481],[-1.5671],[-1.8247],[-2.0671],[-2.1367],[-1.9468],[-1.4449],[-0.6025],[0.4791],[1.4538],[2.007],[2.0892],[1.9652],[1.9551],[-2.3],[-2.2639],[-1.9139],[-1.3494],[-0.7835],[-0.362],[-0.1722],[-0.2373],[-0.55],[-0.969],[-1.2519],[-1.2633],[-1.119],[-1.0722],[-1.2823],[-1.6576],[-1.9975],[-2.1759],[-2.1367],[-1.8203],[-1.112],[-0.0082],[1.1949],[2.0861],[2.4241],[2.312],[2.0557],[-2.2994],[-1.9709],[-1.3994],[-0.7797],[-0.3949],[-0.3506],[-0.5367],[-0.7519],[-0.8608],[-0.8025],[-0.5766],[-0.2873],[-0.1595],[-0.3848],[-0.9316],[-1.5392],[-1.9785],[-2.1994],[-2.281],[-2.1728],[-1.6506],[-0.581],[0.8418],[2.1196],[2.7816],[2.743],[2.2665],[-1.7481],[-1.4095],[-0.9734],[-0.5741],[-0.4101],[-0.5671],[-0.8538],[-0.9563],[-0.7171],[-0.1905],[0.3981],[0.7285],[0.5671],[-0.0835],[-0.9506],[-1.6291],[-1.9532],[-2.0741],[-2.2032],[-2.3032],[-2.0475],[-1.1152],[0.4177],[2.0481],[3.1665],[3.4487],[3.0095],[-0.769],[-0.6],[-0.4772],[-0.3348],[-0.2715],[-0.3741],[-0.5051],[-0.4272],[-0.0152],[0.5829],[1.0247],[1.0165],[0.4418],[-0.4437],[-1.2266],[-1.5892],[-1.6019],[-1.5905],[-1.7842],[-2.0665],[-2.0013],[-1.2089],[0.3146],[2.1468],[3.6741],[4.4082],[4.2272],[0.3392],[0.3127],[0.2101],[0.2367],[0.3449],[0.3981],[0.4089],[0.5259],[0.7911],[1.0373],[0.9728],[0.4589],[-0.3323],[-1.0013],[-1.2044],[-0.9892],[-0.7139],[-0.7247],[-1.0538],[-1.3924],[-1.3241],[-0.5854],[0.8228],[2.5892],[4.1867],[5.1215],[5.0861],[1.5082],[1.3234],[1.138],[1.1589],[1.2981],[1.3975],[1.4044],[1.3911],[1.343],[1.1247],[0.5804],[-0.2139],[-0.8715],[-0.9487],[-0.4171],[0.281],[0.5981],[0.3437],[-0.1481],[-0.4405],[-0.269],[0.4127],[1.5557],[2.9734],[4.2646],[4.9152],[4.643],[2.7108],[2.3633],[2.1],[2.0418],[2.0741],[2.0715],[1.9741],[1.8013],[1.5044],[1.012],[0.3076],[-0.3715],[-0.5823],[-0.0316],[1.0108],[1.8418],[1.9373],[1.3975],[0.7766],[0.4646],[0.5196],[0.9038],[1.6848],[2.7804],[3.6911],[3.8133],[2.9829],[3.4557],[2.95],[2.5158],[2.2019],[1.9956],[1.8665],[1.7278],[1.4854],[1.081],[0.5418],[0.0348],[-0.1722],[0.2082],[1.2063],[2.3576],[2.993],[2.8057],[2.1146],[1.4468],[0.9646],[0.5627],[0.4228],[0.9329],[2.0196],[2.8475],[2.5323],[1.0867]]}]