html/data/WT_san09_ind_wt_3_7.json
[{"header":{"disciplineName":["Meteorological products"],"parameterCategory":[0],"parameterCategoryName":["Temperature"],"parameterNumberName":["Temperature"],"parameterNumber":[0],"parameterUnits":["K"],"refTime":["2017-03-17T0000:00.000Z"],"numberPoints":[621],"nx":[27],"ny":[23],"lo1":[-20],"la1":[70],"lo2":[45],"la2":[45],"dx":[2.5],"dy":[2.5]},"data":[[-14.734],[-13.488],[-12.292],[-11.178],[-10.188],[-9.366],[-8.708],[-8.224],[-7.878],[-7.688],[-7.604],[-7.608],[-7.698],[-7.834],[-8.008],[-8.22],[-8.468],[-8.744],[-9.04],[-9.346],[-9.69],[-10.046],[-10.422],[-10.824],[-11.252],[-11.7],[-12.198],[-11.588],[-10.78],[-10.022],[-9.328],[-8.7],[-8.16],[-7.702],[-7.324],[-7.05],[-6.842],[-6.712],[-6.658],[-6.686],[-6.782],[-6.942],[-7.186],[-7.488],[-7.85],[-8.262],[-8.69],[-9.142],[-9.582],[-10.004],[-10.41],[-10.81],[-11.202],[-11.626],[-8.212],[-7.876],[-7.568],[-7.282],[-7.006],[-6.732],[-6.492],[-6.272],[-6.084],[-5.946],[-5.864],[-5.868],[-5.924],[-6.046],[-6.248],[-6.502],[-6.834],[-7.21],[-7.648],[-8.104],[-8.584],[-9.032],[-9.456],[-9.85],[-10.226],[-10.57],[-10.934],[-5.664],[-5.532],[-5.432],[-5.324],[-5.234],[-5.124],[-5.022],[-4.966],[-4.944],[-4.972],[-5.062],[-5.214],[-5.402],[-5.618],[-5.856],[-6.092],[-6.35],[-6.632],[-6.942],[-7.292],[-7.654],[-8.018],[-8.394],[-8.768],[-9.156],[-9.538],[-9.94],[-4.256],[-4.03],[-3.85],[-3.716],[-3.634],[-3.6],[-3.612],[-3.664],[-3.746],[-3.904],[-4.116],[-4.39],[-4.688],[-4.992],[-5.274],[-5.522],[-5.748],[-5.97],[-6.198],[-6.428],[-6.682],[-6.962],[-7.24],[-7.576],[-7.944],[-8.368],[-8.85],[-3.192],[-2.808],[-2.526],[-2.372],[-2.338],[-2.378],[-2.424],[-2.482],[-2.532],[-2.636],[-2.812],[-3.078],[-3.392],[-3.758],[-4.132],[-4.5],[-4.86],[-5.236],[-5.596],[-5.93],[-6.212],[-6.442],[-6.638],[-6.85],[-7.112],[-7.466],[-7.872],[-1.764],[-1.364],[-1.134],[-1.082],[-1.17],[-1.298],[-1.364],[-1.354],[-1.306],[-1.266],[-1.336],[-1.538],[-1.852],[-2.24],[-2.7],[-3.218],[-3.826],[-4.468],[-5.124],[-5.676],[-6.086],[-6.326],[-6.456],[-6.54],[-6.658],[-6.842],[-7.08],[-0.098],[0.18],[0.28],[0.212],[0.032],[-0.146],[-0.228],[-0.202],[-0.13],[-0.102],[-0.192],[-0.418],[-0.742],[-1.112],[-1.546],[-2.082],[-2.772],[-3.57],[-4.384],[-5.11],[-5.6],[-5.882],[-5.998],[-6.05],[-6.124],[-6.224],[-6.35],[1.292],[1.446],[1.494],[1.416],[1.266],[1.106],[1.008],[0.944],[0.87],[0.732],[0.484],[0.194],[-0.1],[-0.37],[-0.642],[-1.036],[-1.612],[-2.362],[-3.176],[-3.872],[-4.362],[-4.644],[-4.832],[-5],[-5.182],[-5.338],[-5.436],[2.34],[2.396],[2.446],[2.43],[2.362],[2.244],[2.082],[1.882],[1.642],[1.37],[1.084],[0.832],[0.674],[0.578],[0.454],[0.176],[-0.328],[-1.01],[-1.726],[-2.302],[-2.692],[-2.938],[-3.17],[-3.45],[-3.758],[-3.978],[-4.062],[3.312],[3.256],[3.238],[3.228],[3.17],[3.036],[2.802],[2.516],[2.244],[2.044],[1.93],[1.922],[1.952],[1.964],[1.816],[1.442],[0.85],[0.164],[-0.434],[-0.814],[-0.992],[-1.1],[-1.274],[-1.552],[-1.85],[-2.046],[-2.088],[4.3],[4.16],[4.03],[3.938],[3.814],[3.632],[3.368],[3.1],[2.928],[2.896],[3.018],[3.188],[3.328],[3.298],[2.986],[2.434],[1.76],[1.17],[0.82],[0.752],[0.856],[0.956],[0.912],[0.734],[0.526],[0.384],[0.328],[5.218],[5.084],[4.922],[4.782],[4.652],[4.516],[4.324],[4.156],[4.06],[4.086],[4.214],[4.344],[4.386],[4.212],[3.804],[3.226],[2.684],[2.37],[2.368],[2.614],[2.938],[3.178],[3.26],[3.21],[3.114],[3.018],[2.932],[6.138],[6.136],[6.04],[5.966],[5.974],[6.024],[6.06],[6.034],[5.944],[5.8],[5.652],[5.514],[5.354],[5.1],[4.744],[4.322],[4.004],[3.942],[4.118],[4.432],[4.754],[5.032],[5.26],[5.428],[5.502],[5.5],[5.512],[7.164],[7.286],[7.342],[7.484],[7.764],[8.136],[8.438],[8.524],[8.338],[7.926],[7.42],[6.976],[6.656],[6.422],[6.19],[5.914],[5.684],[5.584],[5.616],[5.716],[5.89],[6.228],[6.78],[7.362],[7.728],[7.84],[7.996],[8.192],[8.438],[8.744],[9.202],[9.812],[10.462],[10.928],[11.016],[10.69],[10.07],[9.378],[8.8],[8.426],[8.204],[7.998],[7.708],[7.398],[7.11],[6.912],[6.81],[6.904],[7.478],[8.534],[9.668],[10.29],[10.268],[10.196],[9.098],[9.574],[10.214],[10.996],[11.836],[12.568],[12.986],[12.956],[12.576],[12.01],[11.428],[10.934],[10.546],[10.226],[9.904],[9.52],[9.112],[8.8],[8.602],[8.55],[8.786],[9.592],[11.058],[12.642],[13.408],[12.976],[12.14],[10.026],[10.858],[11.822],[12.748],[13.538],[14.112],[14.356],[14.28],[14.06],[13.874],[13.726],[13.48],[13.054],[12.514],[11.974],[11.492],[11.074],[10.822],[10.82],[11.002],[11.352],[12.152],[13.63],[15.426],[16.448],[15.898],[14.352],[11.372],[12.52],[13.612],[14.406],[14.9],[15.202],[15.334],[15.37],[15.52],[15.884],[16.246],[16.242],[15.696],[14.872],[14.158],[13.65],[13.212],[12.908],[12.918],[13.188],[13.542],[14.062],[15.168],[16.968],[18.542],[18.702],[17.304],[13.326],[14.62],[15.624],[16.13],[16.312],[16.4],[16.536],[16.78],[17.22],[17.908],[18.528],[18.528],[17.778],[16.772],[16.106],[15.736],[15.304],[14.746],[14.476],[14.706],[15.096],[15.402],[16.036],[17.58],[19.638],[20.892],[20.446],[15.728],[16.97],[17.824],[18.166],[18.176],[18.224],[18.42],[18.71],[19.12],[19.702],[20.116],[19.902],[18.976],[18.008],[17.658],[17.738],[17.524],[16.794],[16.224],[16.426],[17.104],[17.56],[17.868],[18.774],[20.548],[22.164],[22.454],[18.136],[19.218],[19.972],[20.292],[20.36],[20.458],[20.652],[20.836],[20.994],[21.198],[21.284],[20.878],[19.98],[19.262],[19.37],[20.038],[20.298],[19.71],[19.022],[19.2],[20.208],[21.07],[21.298],[21.404],[22.006],[22.74],[22.7],[19.93],[20.776],[21.432],[21.812],[21.99],[22.144],[22.312],[22.41],[22.42],[22.436],[22.42],[22.146],[21.584],[21.234],[21.628],[22.61],[23.29],[23.072],[22.43],[22.404],[23.318],[24.4],[24.782],[24.438],[23.906],[23.29],[22.264]]},{"header":{"disciplineName":["Meteorological products"],"parameterCategory":[2],"parameterCategoryName":["u-component of wind"],"parameterNumberName":["u-component of wind"],"parameterNumber":[2],"parameterUnits":["m s-1"],"refTime":["2017-03-17T0000:00.000Z"],"numberPoints":[621],"nx":[27],"ny":[23],"lo1":[-20],"la1":[70],"lo2":[45],"la2":[45],"dx":[2.5],"dy":[2.5]},"data":[[1.212],[1.468],[1.692],[1.876],[2.048],[2.202],[2.362],[2.542],[2.774],[3.03],[3.292],[3.54],[3.732],[3.87],[3.918],[3.88],[3.794],[3.656],[3.52],[3.418],[3.308],[3.236],[3.176],[3.126],[3.082],[3.044],[3.034],[2.188],[2.788],[3.256],[3.594],[3.772],[3.876],[3.932],[3.99],[4.096],[4.274],[4.494],[4.706],[4.872],[4.942],[4.882],[4.706],[4.458],[4.174],[3.926],[3.728],[3.616],[3.592],[3.628],[3.716],[3.822],[3.962],[4.136],[4.02],[4.734],[5.284],[5.652],[5.838],[5.862],[5.808],[5.746],[5.728],[5.786],[5.878],[5.996],[6.054],[5.99],[5.796],[5.482],[5.114],[4.758],[4.498],[4.352],[4.364],[4.494],[4.694],[4.952],[5.232],[5.506],[5.79],[6.354],[6.826],[7.184],[7.442],[7.57],[7.562],[7.48],[7.328],[7.172],[7.064],[6.99],[6.904],[6.762],[6.54],[6.204],[5.826],[5.448],[5.17],[5.02],[5.02],[5.174],[5.404],[5.656],[5.926],[6.18],[6.436],[6.688],[8.814],[8.824],[8.834],[8.854],[8.866],[8.828],[8.686],[8.478],[8.206],[7.908],[7.604],[7.288],[6.946],[6.57],[6.146],[5.766],[5.484],[5.334],[5.356],[5.498],[5.7],[5.876],[5.994],[6.072],[6.152],[6.27],[6.464],[11.022],[10.626],[10.274],[10.016],[9.834],[9.656],[9.418],[9.102],[8.704],[8.268],[7.816],[7.384],[6.936],[6.488],[6.044],[5.668],[5.412],[5.312],[5.374],[5.5],[5.632],[5.682],[5.63],[5.534],[5.46],[5.512],[5.704],[12.298],[11.706],[11.11],[10.576],[10.124],[9.746],[9.344],[8.926],[8.472],[8.032],[7.626],[7.262],[6.916],[6.562],[6.162],[5.762],[5.402],[5.146],[4.992],[4.934],[4.918],[4.884],[4.816],[4.752],[4.742],[4.844],[5.092],[11.928],[11.272],[10.534],[9.834],[9.236],[8.716],[8.262],[7.828],[7.41],[7.052],[6.804],[6.654],[6.554],[6.426],[6.208],[5.876],[5.43],[4.944],[4.5],[4.164],[3.97],[3.94],[4.02],[4.17],[4.35],[4.51],[4.678],[9.992],[9.276],[8.52],[7.85],[7.304],[6.894],[6.528],[6.174],[5.802],[5.466],[5.246],[5.184],[5.266],[5.428],[5.52],[5.474],[5.206],[4.74],[4.194],[3.728],[3.454],[3.474],[3.74],[4.116],[4.418],[4.54],[4.518],[7.596],[6.894],[6.244],[5.702],[5.334],[5.098],[4.9],[4.628],[4.236],[3.774],[3.372],[3.16],[3.204],[3.504],[3.916],[4.27],[4.444],[4.34],[4.04],[3.72],[3.57],[3.702],[4.062],[4.506],[4.804],[4.858],[4.674],[5.994],[5.438],[4.912],[4.46],[4.14],[3.97],[3.864],[3.698],[3.376],[2.89],[2.352],[1.942],[1.804],[1.988],[2.416],[2.948],[3.41],[3.68],[3.784],[3.798],[3.886],[4.114],[4.488],[4.862],[5.118],[5.17],[5.08],[5.392],[5.056],[4.626],[4.152],[3.79],[3.634],[3.698],[3.832],[3.856],[3.71],[3.39],[3.006],[2.698],[2.548],[2.586],[2.774],[3.034],[3.332],[3.59],[3.838],[4.068],[4.314],[4.572],[4.814],[5.026],[5.216],[5.4],[5.11],[4.966],[4.678],[4.328],[4.126],[4.216],[4.638],[5.232],[5.772],[6.094],[6.144],[5.954],[5.584],[5.132],[4.658],[4.278],[4.072],[4.054],[4.184],[4.368],[4.522],[4.596],[4.614],[4.678],[4.87],[5.194],[5.608],[4.606],[4.654],[4.692],[4.79],[5.048],[5.574],[6.33],[7.14],[7.81],[8.214],[8.356],[8.28],[8.016],[7.566],[7.04],[6.52],[6.152],[5.974],[5.926],[5.896],[5.782],[5.586],[5.356],[5.276],[5.418],[5.774],[6.152],[4.012],[4.308],[4.786],[5.396],[6.072],[6.74],[7.368],[7.794],[7.99],[7.966],[7.896],[7.898],[7.966],[8.036],[8.05],[8.028],[8.034],[8.062],[8.032],[7.864],[7.58],[7.21],[6.894],[6.75],[6.876],[7.166],[7.36],[3.466],[4.018],[4.818],[5.626],[6.198],[6.444],[6.414],[6.18],[5.836],[5.524],[5.47],[5.79],[6.406],[7.138],[7.792],[8.324],[8.754],[9.052],[9.128],[9.028],[8.82],[8.598],[8.406],[8.334],[8.452],[8.72],[8.884],[2.806],[3.496],[4.338],[4.96],[5.096],[4.756],[4.206],[3.74],[3.53],[3.624],[4.088],[4.928],[5.95],[6.868],[7.524],[7.958],[8.29],[8.524],[8.672],[8.758],[8.876],[9.028],[9.112],[9.122],[9.236],[9.604],[10.048],[2.172],[2.844],[3.572],[4.022],[3.952],[3.476],[3.04],[3.046],[3.566],[4.406],[5.422],[6.46],[7.31],[7.724],[7.696],[7.452],[7.3],[7.34],[7.502],[7.8],[8.264],[8.79],[9.102],[9.12],[9.166],[9.598],[10.426],[2.396],[2.916],[3.494],[3.978],[4.144],[4.046],[4.098],[4.638],[5.626],[6.732],[7.648],[8.264],[8.468],[8.164],[7.488],[6.812],[6.52],[6.606],[6.884],[7.288],[7.852],[8.494],[8.882],[8.896],[8.848],[9.188],[9.962],[3.852],[4.136],[4.498],[5.008],[5.446],[5.658],[5.864],[6.326],[6.992],[7.588],[7.87],[7.848],[7.56],[7.034],[6.412],[6.068],[6.202],[6.662],[7.064],[7.342],[7.67],[8.102],[8.444],[8.53],[8.478],[8.554],[8.772],[5.352],[5.39],[5.398],[5.662],[5.988],[6.08],[5.96],[5.854],[5.846],[5.808],[5.652],[5.426],[5.21],[5.024],[4.99],[5.304],[5.982],[6.69],[7.068],[7.076],[7.014],[7.108],[7.306],[7.462],[7.502],[7.34],[6.842],[4.79],[4.666],[4.378],[4.278],[4.298],[4.152],[3.762],[3.318],[3.022],[2.888],[2.836],[2.88],[3.008],[3.242],[3.636],[4.264],[5.038],[5.642],[5.842],[5.72],[5.556],[5.474],[5.448],[5.44],[5.414],[5.108],[4.236],[1.308],[1.162],[0.836],[0.614],[0.612],[0.634],[0.5],[0.3],[0.206],[0.302],[0.532],[0.836],[1.138],[1.464],[1.874],[2.384],[2.89],[3.202],[3.304],[3.394],[3.57],[3.634],[3.37],[2.922],[2.538],[2.092],[1.196]]},{"header":{"disciplineName":["Meteorological products"],"parameterCategory":[2],"parameterCategoryName":["v-component of wind"],"parameterNumberName":["v-component of wind"],"parameterNumber":[3],"parameterUnits":["m s-1"],"refTime":["2017-03-17T0000:00.000Z"],"numberPoints":[621],"nx":[27],"ny":[23],"lo1":[-20],"la1":[70],"lo2":[45],"la2":[45],"dx":[2.5],"dy":[2.5]},"data":[[1.228],[1.846],[2.426],[2.932],[3.31],[3.534],[3.606],[3.548],[3.38],[3.122],[2.822],[2.514],[2.206],[1.924],[1.696],[1.472],[1.248],[0.982],[0.61],[0.13],[-0.484],[-1.174],[-1.916],[-2.61],[-3.186],[-3.574],[-3.728],[2.324],[2.792],[3.156],[3.386],[3.486],[3.5],[3.444],[3.35],[3.218],[3.052],[2.842],[2.602],[2.324],[2.036],[1.748],[1.478],[1.214],[0.918],[0.538],[0.044],[-0.568],[-1.268],[-1.994],[-2.63],[-3.112],[-3.338],[-3.32],[3.69],[3.906],[3.904],[3.724],[3.444],[3.152],[2.914],[2.77],[2.702],[2.662],[2.564],[2.378],[2.1],[1.748],[1.388],[1.052],[0.774],[0.518],[0.26],[-0.092],[-0.538],[-1.074],[-1.63],[-2.108],[-2.426],[-2.532],[-2.414],[4.702],[4.726],[4.452],[3.95],[3.324],[2.732],[2.292],[2.066],[1.996],[2.018],[2.004],[1.874],[1.586],[1.196],[0.786],[0.46],[0.254],[0.142],[0.056],[-0.072],[-0.304],[-0.634],[-0.988],[-1.292],[-1.472],[-1.514],[-1.424],[5.03],[4.998],[4.66],[4.022],[3.222],[2.416],[1.752],[1.37],[1.232],[1.244],[1.288],[1.19],[0.956],[0.624],[0.28],[0.07],[0.018],[0.086],[0.162],[0.164],[0.032],[-0.216],[-0.476],[-0.658],[-0.736],[-0.722],[-0.68],[4.616],[4.576],[4.28],[3.682],[2.86],[1.956],[1.146],[0.608],[0.372],[0.36],[0.422],[0.402],[0.264],[0.034],[-0.156],[-0.196],[-0.056],[0.192],[0.376],[0.408],[0.258],[-0.01],[-0.246],[-0.354],[-0.306],[-0.202],[-0.14],[3.586],[3.408],[3.122],[2.644],[1.956],[1.114],[0.35],[-0.218],[-0.462],[-0.462],[-0.362],[-0.342],[-0.464],[-0.68],[-0.792],[-0.734],[-0.444],[-0.052],[0.258],[0.362],[0.242],[0.04],[-0.104],[-0.086],[0.084],[0.292],[0.398],[2.268],[1.834],[1.514],[1.214],[0.788],[0.222],[-0.374],[-0.824],[-0.998],[-0.93],[-0.804],[-0.798],[-1],[-1.306],[-1.534],[-1.494],[-1.196],[-0.744],[-0.326],[-0.052],[0.054],[0.102],[0.198],[0.372],[0.602],[0.792],[0.812],[1.066],[0.422],[0.146],[0.074],[-0.022],[-0.304],[-0.742],[-1.132],[-1.284],[-1.176],[-0.988],[-0.938],[-1.124],[-1.478],[-1.79],[-1.884],[-1.728],[-1.396],[-1.008],[-0.604],[-0.208],[0.226],[0.642],[0.954],[1.076],[1.026],[0.834],[0.146],[-0.508],[-0.66],[-0.514],[-0.366],[-0.508],[-0.964],[-1.494],[-1.774],[-1.698],[-1.36],[-1.03],[-0.93],[-1.054],[-1.28],[-1.458],[-1.532],[-1.52],[-1.376],[-1.026],[-0.44],[0.308],[1.01],[1.384],[1.304],[0.92],[0.482],[-0.546],[-1.114],[-1.21],[-0.944],[-0.69],[-0.834],[-1.428],[-2.19],[-2.684],[-2.606],[-2.044],[-1.322],[-0.744],[-0.48],[-0.478],[-0.656],[-0.944],[-1.234],[-1.386],[-1.18],[-0.512],[0.44],[1.294],[1.66],[1.426],[0.802],[0.236],[-1.096],[-1.648],[-1.822],[-1.564],[-1.218],[-1.25],[-1.83],[-2.688],[-3.294],[-3.258],[-2.58],[-1.612],[-0.772],[-0.274],[-0.174],[-0.372],[-0.73],[-1.132],[-1.324],[-1.068],[-0.314],[0.702],[1.556],[1.864],[1.59],[1.016],[0.57],[-1.436],[-2.09],[-2.37],[-2.076],[-1.482],[-1.158],[-1.472],[-2.234],[-2.92],[-3.05],[-2.54],[-1.702],[-0.976],[-0.598],[-0.606],[-0.862],[-1.2],[-1.414],[-1.324],[-0.814],[0.052],[1.018],[1.71],[1.942],[1.77],[1.468],[1.32],[-1.526],[-2.2],[-2.426],[-1.92],[-0.962],[-0.26],[-0.308],[-1.05],[-1.924],[-2.376],[-2.244],[-1.76],[-1.288],[-1.094],[-1.232],[-1.53],[-1.81],[-1.818],[-1.448],[-0.698],[0.24],[1.084],[1.594],[1.762],[1.762],[1.8],[1.954],[-1.4],[-1.858],[-1.832],[-1.082],[0.05],[0.804],[0.674],[-0.252],[-1.374],[-2.112],[-2.262],[-1.962],[-1.56],[-1.332],[-1.378],[-1.648],[-1.94],[-2.014],[-1.68],[-0.986],[-0.098],[0.688],[1.214],[1.502],[1.688],[1.898],[2.08],[-1.056],[-1.094],[-0.804],[-0.046],[0.798],[1.116],[0.574],[-0.534],[-1.668],[-2.302],[-2.354],[-1.984],[-1.476],[-1.1],[-1.026],[-1.28],[-1.702],[-2.058],[-2.088],[-1.674],[-0.892],[0.018],[0.856],[1.478],[1.852],[1.998],[1.896],[-0.426],[-0.062],[0.326],[0.728],[0.9],[0.522],[-0.356],[-1.35],[-2.006],[-2.118],[-1.79],[-1.31],[-0.9],[-0.666],[-0.706],[-1.034],[-1.59],[-2.19],[-2.544],[-2.41],[-1.702],[-0.546],[0.732],[1.778],[2.362],[2.408],[2.008],[0.388],[1.038],[1.316],[1.19],[0.636],[-0.236],[-1.148],[-1.676],[-1.616],[-1.11],[-0.516],[-0.188],[-0.218],[-0.468],[-0.828],[-1.254],[-1.792],[-2.38],[-2.8],[-2.772],[-2.08],[-0.78],[0.772],[2.136],[2.974],[3.166],[2.784],[1.226],[1.956],[2.038],[1.49],[0.536],[-0.47],[-1.136],[-1.206],[-0.688],[0.044],[0.534],[0.456],[-0.102],[-0.768],[-1.276],[-1.61],[-1.942],[-2.34],[-2.656],[-2.596],[-1.898],[-0.622],[0.94],[2.386],[3.442],[4.008],[3.992],[2.12],[2.696],[2.596],[1.886],[0.886],[0.012],[-0.432],[-0.376],[0.078],[0.562],[0.652],[0.176],[-0.618],[-1.238],[-1.47],[-1.448],[-1.538],[-1.83],[-2.098],[-2.012],[-1.346],[-0.154],[1.266],[2.608],[3.704],[4.486],[4.736],[3.35],[3.51],[3.196],[2.474],[1.604],[0.868],[0.442],[0.328],[0.45],[0.55],[0.294],[-0.35],[-1.006],[-1.204],[-0.874],[-0.492],[-0.46],[-0.818],[-1.188],[-1.206],[-0.676],[0.336],[1.586],[2.774],[3.702],[4.256],[4.292],[4.598],[4.258],[3.732],[3.018],[2.228],[1.524],[0.956],[0.626],[0.52],[0.5],[0.27],[-0.212],[-0.512],[-0.252],[0.458],[0.996],[0.954],[0.484],[0.002],[-0.262],[-0.156],[0.422],[1.458],[2.614],[3.358],[3.42],[2.834],[4.988],[4.286],[3.606],[2.886],[2.13],[1.354],[0.68],[0.236],[0.164],[0.334],[0.452],[0.402],[0.526],[1.092],[1.87],[2.25],[2.042],[1.582],[1.112],[0.574],[-0.022],[-0.128],[0.65],[1.96],[2.76],[2.43],[1.246]]}]