html/data/WT_san09_ind_wt_2_4.json
[{"header":{"disciplineName":["Meteorological products"],"parameterCategory":[0],"parameterCategoryName":["Temperature"],"parameterNumberName":["Temperature"],"parameterNumber":[0],"parameterUnits":["K"],"refTime":["2017-03-17T0000:00.000Z"],"numberPoints":[621],"nx":[27],"ny":[23],"lo1":[-20],"la1":[70],"lo2":[45],"la2":[45],"dx":[2.5],"dy":[2.5]},"data":[[-14.7652],[-13.6424],[-12.5778],[-11.6272],[-10.8323],[-10.1994],[-9.7462],[-9.4386],[-9.2614],[-9.1804],[-9.1639],[-9.188],[-9.2335],[-9.3057],[-9.4006],[-9.5259],[-9.6854],[-9.8766],[-10.0968],[-10.3475],[-10.6184],[-10.9184],[-11.2335],[-11.5994],[-12.0082],[-12.4905],[-13.0437],[-10.8842],[-10.1146],[-9.4437],[-8.8905],[-8.4665],[-8.15],[-7.9475],[-7.8259],[-7.7804],[-7.7627],[-7.7778],[-7.8222],[-7.8994],[-8.0247],[-8.212],[-8.4741],[-8.8158],[-9.1968],[-9.6222],[-10.0437],[-10.4424],[-10.7829],[-11.0867],[-11.3652],[-11.6424],[-11.9703],[-12.3804],[-7.1386],[-6.8601],[-6.6677],[-6.5399],[-6.4601],[-6.4032],[-6.3677],[-6.3715],[-6.3829],[-6.4184],[-6.4842],[-6.5791],[-6.7285],[-6.9411],[-7.25],[-7.6462],[-8.1297],[-8.6892],[-9.2665],[-9.8196],[-10.3044],[-10.6892],[-10.9677],[-11.1665],[-11.3437],[-11.5323],[-11.8222],[-4.8867],[-4.9095],[-4.9652],[-5.0158],[-5.0386],[-5.0475],[-5.0513],[-5.0677],[-5.1259],[-5.2133],[-5.3563],[-5.5551],[-5.788],[-6.088],[-6.4487],[-6.8778],[-7.3715],[-7.907],[-8.4892],[-9.0563],[-9.5639],[-9.9892],[-10.331],[-10.5956],[-10.8247],[-11.0627],[-11.3791],[-4.0804],[-4.0665],[-4.0627],[-4.0538],[-4.0146],[-3.9652],[-3.9437],[-3.9639],[-4.0538],[-4.2158],[-4.4563],[-4.7513],[-5.0703],[-5.4108],[-5.7728],[-6.1513],[-6.55],[-6.9981],[-7.4804],[-8.0006],[-8.5323],[-9.0411],[-9.4918],[-9.9032],[-10.2665],[-10.6373],[-11.0222],[-3.4652],[-3.2816],[-3.1449],[-3.0665],[-2.9968],[-2.9627],[-2.9563],[-3.012],[-3.1525],[-3.3589],[-3.6487],[-3.993],[-4.3703],[-4.75],[-5.1234],[-5.5032],[-5.9006],[-6.3373],[-6.8234],[-7.3614],[-7.931],[-8.4981],[-9.0234],[-9.4741],[-9.8462],[-10.1854],[-10.507],[-2.1538],[-1.9411],[-1.85],[-1.8601],[-1.907],[-1.9652],[-2.0411],[-2.1475],[-2.3272],[-2.5753],[-2.9146],[-3.2994],[-3.7184],[-4.1576],[-4.6184],[-5.0854],[-5.5753],[-6.1082],[-6.6627],[-7.2449],[-7.831],[-8.3753],[-8.8361],[-9.1715],[-9.388],[-9.5146],[-9.6108],[-0.4487],[-0.4019],[-0.4981],[-0.6551],[-0.8259],[-0.9715],[-1.107],[-1.2677],[-1.5285],[-1.8956],[-2.3538],[-2.8627],[-3.3867],[-3.893],[-4.4133],[-4.9538],[-5.4918],[-6.0335],[-6.5411],[-7.0209],[-7.4892],[-7.9196],[-8.2816],[-8.4994],[-8.5677],[-8.5323],[-8.4741],[0.9791],[0.8551],[0.6361],[0.4044],[0.1994],[0.0373],[-0.1247],[-0.3741],[-0.7741],[-1.3297],[-1.9791],[-2.6335],[-3.2386],[-3.7842],[-4.2918],[-4.7918],[-5.2652],[-5.6741],[-5.9981],[-6.2424],[-6.4652],[-6.6994],[-6.9589],[-7.1513],[-7.2525],[-7.2399],[-7.2032],[2.0741],[1.8677],[1.6449],[1.4095],[1.1816],[0.9766],[0.7184],[0.369],[-0.1411],[-0.7854],[-1.4943],[-2.1386],[-2.6842],[-3.1487],[-3.6032],[-4.0753],[-4.531],[-4.8816],[-5.0715],[-5.1196],[-5.0994],[-5.1259],[-5.2424],[-5.3968],[-5.4994],[-5.5639],[-5.6006],[3.1146],[2.9234],[2.6804],[2.3956],[2.0538],[1.6778],[1.293],[0.8778],[0.412],[-0.0918],[-0.5854],[-1.0082],[-1.3399],[-1.6753],[-2.1032],[-2.6652],[-3.2842],[-3.7918],[-4.0665],[-4.0905],[-3.9576],[-3.7918],[-3.6829],[-3.6209],[-3.5665],[-3.5082],[-3.507],[4.1057],[3.9146],[3.6753],[3.307],[2.8146],[2.2829],[1.8082],[1.4222],[1.1272],[0.8766],[0.6703],[0.4918],[0.3285],[0.0563],[-0.4108],[-1.107],[-1.8715],[-2.5247],[-2.8968],[-2.9715],[-2.8348],[-2.5842],[-2.2854],[-1.969],[-1.6652],[-1.4285],[-1.3335],[4.8259],[4.688],[4.4829],[4.1259],[3.6386],[3.1234],[2.6943],[2.4057],[2.2361],[2.1095],[1.9715],[1.8133],[1.6032],[1.2652],[0.7462],[0.0956],[-0.5639],[-1.0373],[-1.2538],[-1.269],[-1.1589],[-0.9551],[-0.6538],[-0.2778],[0.0627],[0.2956],[0.3981],[5.4057],[5.312],[5.1551],[4.9222],[4.6285],[4.3222],[4.0741],[3.8816],[3.7019],[3.4867],[3.1829],[2.8285],[2.4449],[2.0158],[1.5462],[1.0741],[0.7449],[0.6677],[0.7829],[0.9259],[1.0209],[1.1222],[1.3285],[1.5981],[1.8032],[1.8538],[1.8487],[6.1196],[5.9677],[5.8044],[5.707],[5.6804],[5.6639],[5.6044],[5.4589],[5.2209],[4.869],[4.407],[3.9133],[3.4601],[3.0475],[2.6652],[2.3601],[2.2437],[2.3842],[2.6728],[2.9006],[2.9905],[3.0994],[3.388],[3.75],[3.8943],[3.7437],[3.6171],[6.9778],[6.6778],[6.4652],[6.4867],[6.6918],[6.9108],[6.9943],[6.8943],[6.6449],[6.2854],[5.8297],[5.3652],[4.9639],[4.6525],[4.3627],[4.0753],[3.9044],[3.9348],[4.1373],[4.3158],[4.4462],[4.7563],[5.412],[6.1829],[6.5095],[6.212],[5.8437],[7.7614],[7.4297],[7.2804],[7.4171],[7.807],[8.1842],[8.3576],[8.312],[8.1373],[7.8892],[7.5538],[7.1551],[6.769],[6.4804],[6.2158],[5.9044],[5.5905],[5.4576],[5.5551],[5.731],[5.9627],[6.5019],[7.5728],[8.8323],[9.4791],[9.0487],[8.1791],[8.5323],[8.4158],[8.45],[8.7285],[9.1981],[9.6399],[9.8715],[9.9133],[9.8627],[9.7867],[9.5968],[9.2095],[8.7006],[8.2728],[7.9715],[7.6665],[7.3487],[7.2196],[7.412],[7.7741],[8.1272],[8.6943],[9.8411],[11.4032],[12.4095],[12.0424],[10.6741],[9.7222],[9.9703],[10.2196],[10.5082],[10.8804],[11.2652],[11.5424],[11.6589],[11.7525],[11.8842],[11.888],[11.5361],[10.8968],[10.2791],[9.9032],[9.6487],[9.3854],[9.2994],[9.6297],[10.2209],[10.6766],[11.0449],[11.9259],[13.5285],[15.0171],[15.1576],[13.7968],[11.5956],[12.1677],[12.531],[12.6968],[12.8563],[13.1044],[13.3563],[13.507],[13.6614],[13.9652],[14.1994],[14.0057],[13.3399],[12.631],[12.2715],[12.1184],[11.8753],[11.6677],[11.8968],[12.5589],[13.0943],[13.293],[13.7842],[15.2234],[17.1348],[18.0627],[17.25],[13.9525],[14.7247],[15.1462],[15.2057],[15.1918],[15.3247],[15.4956],[15.5728],[15.6614],[15.9487],[16.3019],[16.2285],[15.6335],[15.0057],[14.8411],[14.9627],[14.8449],[14.4259],[14.3158],[14.8373],[15.5095],[15.7981],[16.0627],[17.1032],[18.8525],[20.0753],[19.7285],[16.2994],[17.1538],[17.6665],[17.7956],[17.7703],[17.8297],[17.931],[17.8968],[17.8196],[17.9373],[18.1551],[18.0424],[17.5019],[17.0525],[17.2323],[17.8335],[18.0753],[17.6652],[17.2373],[17.4804],[18.2753],[18.9209],[19.2323],[19.7019],[20.531],[21.0285],[20.3968],[18.1209],[18.9513],[19.5601],[19.8513],[19.9247],[19.9766],[20.0323],[19.9905],[19.869],[19.831],[19.8323],[19.6335],[19.1829],[18.9323],[19.3753],[20.3766],[21.0905],[20.9589],[20.3867],[20.2829],[20.9892],[21.9905],[22.6196],[22.7209],[22.431],[21.6373],[20.1399]]},{"header":{"disciplineName":["Meteorological products"],"parameterCategory":[2],"parameterCategoryName":["u-component of wind"],"parameterNumberName":["u-component of wind"],"parameterNumber":[2],"parameterUnits":["m s-1"],"refTime":["2017-03-17T0000:00.000Z"],"numberPoints":[621],"nx":[27],"ny":[23],"lo1":[-20],"la1":[70],"lo2":[45],"la2":[45],"dx":[2.5],"dy":[2.5]},"data":[[2.2228],[2.9013],[3.4886],[3.9684],[4.338],[4.6392],[4.8937],[5.157],[5.4354],[5.7443],[6.0734],[6.3937],[6.6684],[6.8658],[6.9722],[6.9848],[6.9101],[6.7759],[6.6025],[6.4266],[6.2392],[6.0658],[5.8785],[5.6975],[5.5051],[5.2962],[5.0684],[3.3418],[4.4367],[5.3266],[6.0013],[6.4494],[6.7544],[6.9684],[7.1747],[7.419],[7.7127],[8.0228],[8.2873],[8.4684],[8.4924],[8.3468],[8.0506],[7.6405],[7.181],[6.7253],[6.3152],[5.9759],[5.7165],[5.519],[5.3709],[5.2494],[5.1367],[5.0405],[5.0747],[6.1266],[6.943],[7.5101],[7.8696],[8.0823],[8.243],[8.4342],[8.6835],[8.9873],[9.2886],[9.5038],[9.5494],[9.3671],[8.9443],[8.3367],[7.6342],[6.9152],[6.2759],[5.7506],[5.3633],[5.1152],[4.962],[4.8861],[4.8835],[4.9241],[5.0152],[7.0519],[7.4684],[7.7443],[7.8797],[7.9291],[7.957],[8.0089],[8.1405],[8.3722],[8.6608],[8.9215],[9.0747],[9.0342],[8.7582],[8.2759],[7.6544],[6.9911],[6.3886],[5.9013],[5.5405],[5.2848],[5.1127],[4.9785],[4.8987],[4.8747],[4.9342],[5.0962],[8.9709],[8.6519],[8.3038],[7.9937],[7.7253],[7.5203],[7.3975],[7.3671],[7.4101],[7.4924],[7.5519],[7.5316],[7.4051],[7.1367],[6.7924],[6.4291],[6.1329],[5.9278],[5.8241],[5.7722],[5.7241],[5.6481],[5.5165],[5.362],[5.2456],[5.2165],[5.3456],[10.3924],[9.7519],[9.1747],[8.6924],[8.2861],[7.9304],[7.5975],[7.2684],[6.962],[6.6709],[6.4266],[6.1734],[5.9278],[5.7013],[5.5165],[5.4278],[5.4203],[5.4899],[5.5899],[5.6848],[5.7203],[5.7101],[5.6595],[5.6013],[5.5696],[5.6114],[5.7709],[10.8722],[10.3519],[9.8709],[9.4532],[9.0494],[8.5899],[8.0481],[7.4405],[6.8228],[6.2658],[5.7975],[5.4481],[5.2203],[5.0911],[5.0443],[5.0443],[5.0608],[5.0342],[4.9633],[4.8532],[4.8025],[4.8367],[5.0127],[5.3025],[5.638],[5.9608],[6.262],[10.5987],[10.162],[9.7456],[9.3228],[8.8633],[8.281],[7.5949],[6.819],[6.0633],[5.4278],[4.9873],[4.757],[4.7215],[4.7937],[4.9101],[4.9797],[4.9114],[4.6873],[4.3354],[3.9886],[3.8],[3.9215],[4.3734],[5.0354],[5.7076],[6.2253],[6.5354],[10.1911],[9.5886],[9.0025],[8.4354],[7.8241],[7.162],[6.4],[5.5873],[4.7848],[4.138],[3.7228],[3.5886],[3.6797],[3.9266],[4.2228],[4.438],[4.5013],[4.3709],[4.1051],[3.8456],[3.7861],[4.0658],[4.6722],[5.4291],[6.081],[6.4278],[6.462],[9.8962],[9.1038],[8.3506],[7.6608],[7.0025],[6.3291],[5.6038],[4.8203],[4.0165],[3.2848],[2.7329],[2.4342],[2.3873],[2.5608],[2.8608],[3.2127],[3.5405],[3.8316],[4.0519],[4.2886],[4.6076],[5.0734],[5.6646],[6.243],[6.5709],[6.5392],[6.2228],[9.2228],[8.4835],[7.8025],[7.143],[6.5253],[5.943],[5.3658],[4.7696],[4.1114],[3.4291],[2.8089],[2.3],[1.9696],[1.8354],[1.8785],[2.119],[2.5392],[3.1418],[3.8405],[4.5519],[5.2089],[5.781],[6.2709],[6.6],[6.7101],[6.5595],[6.2342],[7.7658],[7.2544],[6.7418],[6.1975],[5.6481],[5.2038],[4.8899],[4.7025],[4.5266],[4.3013],[3.9734],[3.5684],[3.1367],[2.7405],[2.4316],[2.3165],[2.4848],[2.981],[3.7038],[4.4797],[5.1443],[5.6177],[5.9101],[6.1405],[6.3392],[6.5025],[6.6215],[5.9468],[5.5506],[5.1608],[4.7228],[4.3127],[4.0899],[4.1658],[4.5],[4.9658],[5.3658],[5.5823],[5.5595],[5.3038],[4.8987],[4.4418],[4.0671],[3.8949],[4.0063],[4.357],[4.7962],[5.1468],[5.3304],[5.4291],[5.6025],[5.9873],[6.5557],[7.1316],[4.4709],[4.0785],[3.7848],[3.5823],[3.5241],[3.7329],[4.2241],[4.9025],[5.6392],[6.2797],[6.7215],[6.957],[6.9975],[6.8772],[6.6658],[6.4291],[6.2215],[6.0823],[6.0354],[6.0557],[6.0861],[6.0532],[5.9899],[6.0772],[6.4367],[7.019],[7.6076],[3.4949],[3.1696],[3.081],[3.2696],[3.7342],[4.4266],[5.1519],[5.7405],[6.1152],[6.357],[6.5797],[6.8658],[7.2177],[7.6076],[7.9684],[8.2481],[8.3658],[8.2873],[8.0823],[7.8962],[7.8139],[7.7797],[7.7418],[7.7367],[7.8759],[8.1392],[8.338],[2.6646],[2.5709],[2.743],[3.2481],[4.0494],[4.9291],[5.5582],[5.7228],[5.5089],[5.243],[5.2544],[5.6924],[6.4468],[7.3468],[8.2418],[9.0203],[9.5253],[9.6557],[9.4975],[9.3342],[9.3367],[9.4696],[9.5532],[9.5418],[9.5519],[9.6595],[9.6557],[1.9089],[2.1203],[2.4835],[3.0582],[3.7975],[4.4354],[4.7203],[4.5557],[4.1709],[3.9595],[4.2506],[5.0557],[6.1101],[7.1722],[8.0911],[8.9025],[9.5354],[9.8418],[9.862],[9.8316],[9.9747],[10.2253],[10.3671],[10.3557],[10.4557],[10.8101],[11.1684],[1.6595],[2.1873],[2.7316],[3.2658],[3.7278],[3.9987],[4.0418],[3.9696],[4.0165],[4.4101],[5.2101],[6.2089],[7.0911],[7.662],[8.0228],[8.4051],[8.8924],[9.3392],[9.6076],[9.7873],[10.0165],[10.2342],[10.2658],[10.1519],[10.2987],[10.9658],[11.881],[2.238],[3.1139],[3.8949],[4.5139],[4.8595],[4.9684],[5.0392],[5.3266],[5.9785],[6.8962],[7.8127],[8.4696],[8.6696],[8.4684],[8.1519],[8.1101],[8.4797],[9.0468],[9.5139],[9.7987],[9.9785],[10.0557],[9.9038],[9.6443],[9.6519],[10.2316],[11.1722],[3.4013],[4.5354],[5.4519],[6.1228],[6.5215],[6.6848],[6.8873],[7.4127],[8.2684],[9.138],[9.6532],[9.6797],[9.2987],[8.7367],[8.2962],[8.2544],[8.6646],[9.2582],[9.662],[9.7342],[9.6494],[9.5228],[9.3114],[9.0544],[8.9152],[9.0532],[9.3215],[4.3734],[5.4405],[6.1038],[6.5392],[6.838],[7.0443],[7.2734],[7.7266],[8.3051],[8.7266],[8.7456],[8.4582],[8.1114],[7.9063],[7.8899],[8.157],[8.6329],[9.081],[9.1519],[8.8038],[8.3114],[7.9759],[7.8304],[7.7873],[7.719],[7.4975],[6.9759],[4.1772],[4.7975],[4.8937],[4.8468],[4.9177],[5.0924],[5.2759],[5.4911],[5.6886],[5.7418],[5.6278],[5.5241],[5.6392],[5.9468],[6.2823],[6.619],[7.0051],[7.2494],[7.0937],[6.5342],[5.8722],[5.4684],[5.3975],[5.5215],[5.5696],[5.2544],[4.3608],[2.0848],[2.1924],[1.8544],[1.5494],[1.5696],[1.8114],[2.0139],[2.1063],[2.1405],[2.1557],[2.2165],[2.4544],[2.8709],[3.2291],[3.3405],[3.3304],[3.4506],[3.6443],[3.662],[3.3899],[3.0696],[2.9063],[2.8911],[2.8772],[2.7519],[2.3354],[1.4177]]},{"header":{"disciplineName":["Meteorological products"],"parameterCategory":[2],"parameterCategoryName":["v-component of wind"],"parameterNumberName":["v-component of wind"],"parameterNumber":[3],"parameterUnits":["m s-1"],"refTime":["2017-03-17T0000:00.000Z"],"numberPoints":[621],"nx":[27],"ny":[23],"lo1":[-20],"la1":[70],"lo2":[45],"la2":[45],"dx":[2.5],"dy":[2.5]},"data":[[0.838],[1.1392],[1.4101],[1.6139],[1.7228],[1.7266],[1.6278],[1.4595],[1.2139],[0.9215],[0.6025],[0.2848],[0.0038],[-0.2139],[-0.338],[-0.3595],[-0.3063],[-0.2025],[-0.1],[-0.0557],[-0.0873],[-0.2291],[-0.4684],[-0.7785],[-1.1089],[-1.419],[-1.6772],[3.3266],[3.3658],[3.2684],[3.0532],[2.7722],[2.4608],[2.1671],[1.8937],[1.6063],[1.3013],[0.9367],[0.5342],[0.1215],[-0.2456],[-0.5291],[-0.6899],[-0.7203],[-0.662],[-0.5886],[-0.5506],[-0.6101],[-0.7797],[-1.0671],[-1.3962],[-1.7367],[-2.0127],[-2.1924],[5.8848],[5.4975],[4.9013],[4.1911],[3.4873],[2.8975],[2.4494],[2.1278],[1.8329],[1.5076],[1.0506],[0.4671],[-0.1886],[-0.8266],[-1.3304],[-1.6253],[-1.6823],[-1.5848],[-1.3899],[-1.2063],[-1.1342],[-1.1911],[-1.3544],[-1.5886],[-1.8241],[-2.0114],[-2.1278],[7.0241],[6.2924],[5.3684],[4.4063],[3.5608],[2.9329],[2.5266],[2.2873],[2.0392],[1.6544],[1.0506],[0.2316],[-0.7101],[-1.6013],[-2.2785],[-2.6266],[-2.6456],[-2.4038],[-2.0468],[-1.7076],[-1.4861],[-1.3937],[-1.4038],[-1.462],[-1.5241],[-1.5608],[-1.5899],[6.4127],[5.5532],[4.6354],[3.8025],[3.1506],[2.7291],[2.4987],[2.3595],[2.1278],[1.6608],[0.8861],[-0.1354],[-1.2405],[-2.2165],[-2.8734],[-3.119],[-3.0038],[-2.662],[-2.2658],[-1.9367],[-1.7203],[-1.6013],[-1.5241],[-1.4101],[-1.2532],[-1.0747],[-0.9443],[4.8835],[4.0633],[3.3835],[2.8722],[2.538],[2.3595],[2.262],[2.1253],[1.819],[1.238],[0.3519],[-0.7177],[-1.7759],[-2.6],[-3.0519],[-3.1013],[-2.8684],[-2.538],[-2.2557],[-2.0785],[-1.9785],[-1.8734],[-1.6848],[-1.3962],[-1.0354],[-0.6696],[-0.381],[3.4013],[2.638],[2.1633],[1.9278],[1.8139],[1.7329],[1.619],[1.4114],[1.0304],[0.4215],[-0.4013],[-1.3418],[-2.2025],[-2.8114],[-3.057],[-2.9848],[-2.762],[-2.5722],[-2.4557],[-2.3848],[-2.2405],[-1.9405],[-1.4873],[-0.9658],[-0.4848],[-0.1],[0.1861],[2.2658],[1.4671],[1.0873],[0.9646],[0.9152],[0.8241],[0.6494],[0.3962],[0.0671],[-0.3633],[-0.943],[-1.6253],[-2.2532],[-2.7063],[-2.9051],[-2.9342],[-2.919],[-2.9392],[-2.9532],[-2.8013],[-2.3291],[-1.5228],[-0.6241],[0.1241],[0.543],[0.6582],[0.6709],[1.2975],[0.4165],[0.0316],[-0.0544],[-0.0709],[-0.2013],[-0.4316],[-0.6658],[-0.8456],[-0.9848],[-1.1823],[-1.4937],[-1.8734],[-2.2203],[-2.4684],[-2.6671],[-2.8975],[-3.1646],[-3.2886],[-2.9785],[-2.0848],[-0.743],[0.581],[1.4228],[1.5633],[1.2013],[0.819],[0.3468],[-0.6215],[-1.0177],[-1.0544],[-1.0405],[-1.1823],[-1.4797],[-1.7772],[-1.8848],[-1.7734],[-1.5924],[-1.4962],[-1.5418],[-1.6684],[-1.8114],[-2.0013],[-2.3266],[-2.7418],[-2.9684],[-2.6481],[-1.5709],[0.019],[1.5127],[2.2646],[2.0506],[1.262],[0.5684],[-0.5405],[-1.5797],[-2.0253],[-2.0405],[-1.9671],[-2.1076],[-2.4873],[-2.8987],[-3.0582],[-2.8646],[-2.4329],[-2.0063],[-1.7076],[-1.4987],[-1.3342],[-1.262],[-1.3937],[-1.7203],[-2.0063],[-1.8278],[-0.9089],[0.5646],[1.9266],[2.5],[2.0722],[1.1],[0.3658],[-1.2861],[-2.3684],[-2.9253],[-2.9772],[-2.8468],[-2.8861],[-3.2076],[-3.6304],[-3.838],[-3.6709],[-3.2152],[-2.6949],[-2.238],[-1.8152],[-1.3658],[-0.9329],[-0.6861],[-0.7443],[-0.9329],[-0.8671],[-0.1949],[0.9582],[2.0772],[2.5228],[2.1253],[1.2759],[0.6987],[-1.8658],[-2.9228],[-3.5544],[-3.6468],[-3.4114],[-3.2063],[-3.2506],[-3.4696],[-3.6329],[-3.5595],[-3.2987],[-2.9823],[-2.6899],[-2.3481],[-1.8316],[-1.2089],[-0.6418],[-0.3481],[-0.2797],[-0.1241],[0.4139],[1.3304],[2.2278],[2.6443],[2.4266],[1.9],[1.5608],[-2.3658],[-3.2519],[-3.7962],[-3.8025],[-3.3759],[-2.857],[-2.5519],[-2.519],[-2.6532],[-2.7734],[-2.8456],[-2.8873],[-2.8886],[-2.7304],[-2.3329],[-1.7127],[-1.0392],[-0.5203],[-0.1797],[0.1759],[0.7519],[1.557],[2.3253],[2.7367],[2.6975],[2.4772],[2.343],[-2.8835],[-3.4684],[-3.7253],[-3.4608],[-2.7861],[-2.043],[-1.5797],[-1.5354],[-1.8101],[-2.1835],[-2.5076],[-2.7418],[-2.838],[-2.7595],[-2.4658],[-1.9797],[-1.4241],[-0.9165],[-0.4734],[0.0165],[0.6696],[1.4608],[2.1671],[2.5861],[2.6595],[2.5544],[2.4962],[-3.3608],[-3.6544],[-3.5215],[-2.9038],[-2.0089],[-1.2342],[-0.9152],[-1.1241],[-1.6392],[-2.1316],[-2.4063],[-2.4734],[-2.4228],[-2.3025],[-2.1139],[-1.8519],[-1.5443],[-1.2418],[-0.9076],[-0.4519],[0.2013],[1.0114],[1.8177],[2.3582],[2.5304],[2.3797],[2.138],[-3.5797],[-3.6519],[-3.1987],[-2.3203],[-1.3494],[-0.7392],[-0.7418],[-1.2342],[-1.8304],[-2.138],[-2.0114],[-1.7152],[-1.4949],[-1.481],[-1.5595],[-1.5684],[-1.4835],[-1.3456],[-1.1823],[-0.8937],[-0.3468],[0.4911],[1.4975],[2.3633],[2.7608],[2.6],[2.0582],[-3.3608],[-3.2557],[-2.6114],[-1.6456],[-0.8063],[-0.5076],[-0.8278],[-1.457],[-1.8658],[-1.7241],[-1.1266],[-0.5481],[-0.4215],[-0.7342],[-1.1557],[-1.3481],[-1.2848],[-1.1392],[-1.0532],[-0.9468],[-0.5924],[0.1873],[1.3747],[2.638],[3.4646],[3.4886],[2.757],[-2.6962],[-2.4228],[-1.6633],[-0.7696],[-0.2228],[-0.2987],[-0.8582],[-1.4418],[-1.5582],[-1.0684],[-0.2861],[0.2063],[0.0709],[-0.4924],[-0.9861],[-1.0544],[-0.7937],[-0.5519],[-0.4975],[-0.5468],[-0.4],[0.2304],[1.4203],[2.9076],[4.1165],[4.4747],[3.8392],[-1.5494],[-1.2228],[-0.4759],[0.2468],[0.4709],[0.0911],[-0.5911],[-1.0595],[-1.0177],[-0.5392],[-0.0152],[0.1177],[-0.2165],[-0.6367],[-0.7038],[-0.338],[0.1139],[0.3089],[0.1797],[-0.0367],[-0.0278],[0.4316],[1.4772],[2.9127],[4.1937],[4.7418],[4.2646],[0.0747],[0.2354],[0.7405],[1.2038],[1.1835],[0.6544],[-0.0101],[-0.3835],[-0.3633],[-0.1696],[-0.1228],[-0.3658],[-0.6329],[-0.5203],[0.0861],[0.8696],[1.2899],[1.1342],[0.657],[0.2316],[0.1443],[0.543],[1.481],[2.7165],[3.7519],[4.043],[3.4367],[1.8823],[1.6481],[1.7127],[1.8405],[1.657],[1.1278],[0.5709],[0.2582],[0.1987],[0.1241],[-0.1215],[-0.4241],[-0.3975],[0.2291],[1.2886],[2.1772],[2.3405],[1.7975],[0.9671],[0.3114],[0.0873],[0.4367],[1.3911],[2.5671],[3.2494],[2.9304],[1.8051],[3.0886],[2.4975],[2.1177],[1.8899],[1.5696],[1.0962],[0.6316],[0.3671],[0.2557],[0.1696],[0.0582],[0.0709],[0.4468],[1.281],[2.2797],[2.9418],[2.9152],[2.2886],[1.4266],[0.5987],[0.0873],[0.2405],[1.2278],[2.4646],[2.857],[1.8848],[0.1392]]}]