html/data/WT_san09_ind_wt_2_8.json
[{"header":{"disciplineName":["Meteorological products"],"parameterCategory":[0],"parameterCategoryName":["Temperature"],"parameterNumberName":["Temperature"],"parameterNumber":[0],"parameterUnits":["K"],"refTime":["2017-03-17T0000:00.000Z"],"numberPoints":[621],"nx":[27],"ny":[23],"lo1":[-20],"la1":[70],"lo2":[45],"la2":[45],"dx":[2.5],"dy":[2.5]},"data":[[-14.1984],[-13.3758],[-12.5823],[-11.8726],[-11.2113],[-10.6565],[-10.2048],[-9.8532],[-9.6048],[-9.479],[-9.4597],[-9.5048],[-9.6694],[-9.8823],[-10.1403],[-10.4435],[-10.7403],[-11.0435],[-11.3339],[-11.6113],[-11.8887],[-12.1565],[-12.4468],[-12.7468],[-13.121],[-13.5306],[-14.0113],[-11.25],[-10.721],[-10.2661],[-9.85],[-9.4565],[-9.1113],[-8.8081],[-8.5758],[-8.3952],[-8.2855],[-8.2855],[-8.3855],[-8.5629],[-8.8468],[-9.1984],[-9.6242],[-10.0597],[-10.5048],[-10.9403],[-11.2984],[-11.6113],[-11.8823],[-12.079],[-12.2823],[-12.479],[-12.7435],[-13.0758],[-8.4565],[-8.3016],[-8.1855],[-8.05],[-7.921],[-7.7565],[-7.6081],[-7.4597],[-7.3694],[-7.3145],[-7.35],[-7.4758],[-7.7113],[-8.0468],[-8.4565],[-8.9629],[-9.5048],[-10.0565],[-10.5887],[-11.0532],[-11.4435],[-11.721],[-11.9113],[-12.0113],[-12.0919],[-12.2081],[-12.3661],[-6.5113],[-6.5339],[-6.5468],[-6.5145],[-6.4629],[-6.4016],[-6.3371],[-6.3339],[-6.3726],[-6.4758],[-6.6403],[-6.879],[-7.1758],[-7.5145],[-7.9339],[-8.3823],[-8.8919],[-9.421],[-9.95],[-10.4371],[-10.8371],[-11.1468],[-11.3597],[-11.4855],[-11.5823],[-11.6694],[-11.7919],[-5.3403],[-5.2823],[-5.1855],[-5.0629],[-4.9758],[-4.9177],[-4.9532],[-5.079],[-5.3113],[-5.6177],[-5.9629],[-6.3371],[-6.6952],[-7.0306],[-7.3532],[-7.6952],[-8.0919],[-8.521],[-8.9694],[-9.4048],[-9.7855],[-10.1242],[-10.3661],[-10.5694],[-10.7371],[-10.8823],[-11.0726],[-4.1242],[-3.9403],[-3.7565],[-3.6371],[-3.5758],[-3.6242],[-3.7694],[-3.9952],[-4.3468],[-4.7565],[-5.2081],[-5.6274],[-5.9855],[-6.2887],[-6.55],[-6.821],[-7.1435],[-7.5306],[-7.9629],[-8.3855],[-8.779],[-9.0952],[-9.3468],[-9.5339],[-9.6952],[-9.8919],[-10.0952],[-2.3048],[-2.1532],[-2.1306],[-2.2468],[-2.4565],[-2.7274],[-3.0274],[-3.3306],[-3.6694],[-4.0629],[-4.4823],[-4.879],[-5.2145],[-5.4532],[-5.6726],[-5.9242],[-6.2339],[-6.6435],[-7.1177],[-7.5661],[-7.9758],[-8.2758],[-8.5016],[-8.6403],[-8.7726],[-8.9048],[-9.0726],[-0.1661],[-0.179],[-0.4113],[-0.8565],[-1.3919],[-1.9339],[-2.3823],[-2.7435],[-3.079],[-3.421],[-3.8048],[-4.1823],[-4.4887],[-4.7339],[-4.9177],[-5.1274],[-5.421],[-5.7887],[-6.1952],[-6.6081],[-6.9919],[-7.3177],[-7.5887],[-7.7952],[-7.9597],[-8.1081],[-8.2758],[1.5048],[1.4661],[1.1887],[0.6758],[0.0048],[-0.65],[-1.2016],[-1.6468],[-2.0274],[-2.4177],[-2.8403],[-3.2597],[-3.5952],[-3.8565],[-4.0371],[-4.2016],[-4.4113],[-4.6435],[-4.9081],[-5.1823],[-5.4984],[-5.8661],[-6.2629],[-6.6661],[-6.9919],[-7.2468],[-7.4952],[2.3887],[2.5081],[2.4565],[2.179],[1.6823],[1.0855],[0.5113],[-0.0016],[-0.4597],[-0.8984],[-1.3403],[-1.7371],[-2.0726],[-2.3306],[-2.5597],[-2.7887],[-3.0081],[-3.2177],[-3.3887],[-3.5758],[-3.8532],[-4.2468],[-4.7435],[-5.2629],[-5.6855],[-5.9887],[-6.2468],[2.8016],[3.0629],[3.2726],[3.2597],[2.9855],[2.5016],[1.9435],[1.4339],[1.0016],[0.6726],[0.3984],[0.179],[-0.0274],[-0.2726],[-0.5919],[-1.0177],[-1.4468],[-1.8145],[-2.0984],[-2.3403],[-2.6306],[-3.0145],[-3.4565],[-3.8468],[-4.0855],[-4.2532],[-4.4371],[3.2661],[3.4661],[3.6919],[3.7403],[3.5435],[3.1016],[2.5887],[2.1468],[1.85],[1.7339],[1.7306],[1.779],[1.7726],[1.6016],[1.1887],[0.5855],[-0.0758],[-0.6371],[-1.0177],[-1.3403],[-1.6532],[-1.9952],[-2.2726],[-2.4048],[-2.3661],[-2.3177],[-2.4403],[4.0081],[4.0532],[4.1145],[4.0565],[3.8081],[3.3984],[2.9597],[2.6371],[2.4855],[2.5145],[2.6468],[2.8339],[2.9597],[2.8597],[2.4435],[1.8048],[1.1274],[0.6145],[0.3081],[0.079],[-0.2016],[-0.4984],[-0.6823],[-0.6532],[-0.4726],[-0.3532],[-0.479],[5.0306],[4.9726],[4.9016],[4.7694],[4.521],[4.2306],[3.9661],[3.7919],[3.7016],[3.6758],[3.7048],[3.7919],[3.9145],[3.8919],[3.5565],[3.0145],[2.4726],[2.1468],[2.0532],[2.0016],[1.8403],[1.5919],[1.421],[1.4597],[1.5855],[1.6403],[1.5371],[6.179],[6.0984],[6.0274],[5.9694],[5.8823],[5.8274],[5.7855],[5.7726],[5.6565],[5.45],[5.2242],[5.1306],[5.2113],[5.25],[5.05],[4.5726],[4.0758],[3.7823],[3.75],[3.7823],[3.7177],[3.579],[3.5339],[3.5952],[3.6306],[3.5823],[3.5919],[7.1694],[7.1468],[7.2016],[7.3435],[7.4984],[7.6887],[7.8823],[7.9306],[7.7855],[7.4113],[6.9919],[6.7661],[6.7855],[6.8887],[6.7919],[6.321],[5.7016],[5.2435],[5.0435],[5.0016],[4.9597],[5.0339],[5.2952],[5.6113],[5.6661],[5.45],[5.4048],[7.9048],[8.0758],[8.3855],[8.7403],[9.1081],[9.4403],[9.7113],[9.8177],[9.6565],[9.2468],[8.7597],[8.4371],[8.3694],[8.4403],[8.3339],[7.9113],[7.2468],[6.621],[6.2565],[6.0726],[6.0435],[6.3339],[7.0016],[7.7468],[7.9597],[7.4952],[7.0081],[8.7887],[9.3113],[9.879],[10.3855],[10.8113],[11.15],[11.3952],[11.4629],[11.3371],[11.0242],[10.65],[10.2468],[9.9565],[9.7855],[9.6145],[9.2629],[8.6823],[8.0919],[7.7177],[7.5371],[7.5468],[7.8984],[8.8145],[9.9919],[10.6306],[10.1758],[9.1403],[10.4048],[11.2403],[11.9403],[12.421],[12.7306],[12.9339],[13.0855],[13.0887],[12.9919],[12.8758],[12.6629],[12.2694],[11.6919],[11.1984],[10.8887],[10.5565],[10.0468],[9.4887],[9.1694],[9.1565],[9.2468],[9.55],[10.4532],[11.9823],[13.3339],[13.5048],[12.4726],[12.8532],[13.7016],[14.3145],[14.5887],[14.6823],[14.7274],[14.7339],[14.6629],[14.5887],[14.6016],[14.5532],[14.1565],[13.3855],[12.6629],[12.2887],[12.0145],[11.4661],[10.7468],[10.3855],[10.5565],[10.8919],[11.1952],[11.9145],[13.5177],[15.5468],[16.6984],[16.3242],[15.4984],[16.1532],[16.55],[16.6468],[16.5435],[16.4403],[16.3306],[16.1726],[16.0306],[16.0274],[15.9661],[15.4952],[14.6597],[13.9661],[13.8081],[13.8177],[13.3468],[12.4274],[11.8532],[12.1435],[12.9113],[13.4532],[13.9726],[15.2113],[17.2177],[18.8919],[19.1306],[17.6242],[18.0984],[18.4242],[18.5048],[18.3435],[18.1339],[17.9306],[17.721],[17.5177],[17.3919],[17.1435],[16.55],[15.7048],[15.2274],[15.5274],[16.1016],[16.0468],[15.1565],[14.3532],[14.6145],[15.7371],[16.7468],[17.2435],[17.8177],[18.9339],[20.0274],[20.0887],[18.9306],[19.4242],[19.8597],[20.079],[19.9726],[19.7177],[19.4887],[19.3016],[19.1274],[18.9113],[18.5339],[17.879],[17.1371],[16.9048],[17.55],[18.6435],[19.1694],[18.6339],[17.721],[17.6661],[18.7403],[20.1242],[20.9242],[21.0952],[21.1016],[20.9339],[20.1016]]},{"header":{"disciplineName":["Meteorological products"],"parameterCategory":[2],"parameterCategoryName":["u-component of wind"],"parameterNumberName":["u-component of wind"],"parameterNumber":[2],"parameterUnits":["m s-1"],"refTime":["2017-03-17T0000:00.000Z"],"numberPoints":[621],"nx":[27],"ny":[23],"lo1":[-20],"la1":[70],"lo2":[45],"la2":[45],"dx":[2.5],"dy":[2.5]},"data":[[3.7516],[3.9774],[4.0806],[4.0774],[3.9935],[3.8935],[3.7871],[3.7258],[3.7226],[3.7839],[3.9032],[4.0677],[4.2548],[4.4161],[4.5839],[4.6871],[4.7774],[4.829],[4.8677],[4.8935],[4.9],[4.9129],[4.9129],[4.8871],[4.8419],[4.7806],[4.7065],[4.9516],[5.4839],[5.771],[5.8355],[5.7129],[5.4774],[5.2387],[5.0323],[4.9194],[4.9419],[5.0806],[5.2839],[5.5323],[5.7516],[5.9],[5.9774],[5.9645],[5.8935],[5.7968],[5.6871],[5.5871],[5.5419],[5.5129],[5.5161],[5.5161],[5.5258],[5.5516],[5.7226],[6.3323],[6.6839],[6.829],[6.7871],[6.6323],[6.4419],[6.2839],[6.2],[6.2258],[6.329],[6.5065],[6.6355],[6.7226],[6.6742],[6.4903],[6.2097],[5.8581],[5.5032],[5.1968],[4.9903],[4.9194],[4.9581],[5.0839],[5.2581],[5.4419],[5.6419],[6.1968],[6.6419],[7],[7.2548],[7.3903],[7.4129],[7.3871],[7.2516],[7.1452],[7.0355],[6.9806],[6.9129],[6.8484],[6.7258],[6.5226],[6.2226],[5.8613],[5.4806],[5.1161],[4.8387],[4.6774],[4.6645],[4.7645],[4.971],[5.2194],[5.4839],[5.6968],[7.0742],[7.4032],[7.7355],[8.0613],[8.2774],[8.3387],[8.2129],[7.9387],[7.5677],[7.1581],[6.7645],[6.4258],[6.1548],[5.9387],[5.7935],[5.6935],[5.6548],[5.6129],[5.6097],[5.6226],[5.6548],[5.7194],[5.8161],[5.9452],[6.1032],[6.2516],[6.3613],[8.4355],[8.7484],[9.0871],[9.3065],[9.3548],[9.1613],[8.7355],[8.129],[7.4742],[6.8161],[6.2581],[5.8226],[5.5452],[5.3968],[5.4],[5.5484],[5.8226],[6.1677],[6.5129],[6.7935],[6.9581],[7.0194],[7.0323],[7.0161],[7.0194],[7.0387],[7.0613],[9.5161],[9.8129],[10.0065],[10.0161],[9.7806],[9.2613],[8.571],[7.8129],[7.1258],[6.6065],[6.2742],[6.1129],[6.0516],[6.0613],[6.1065],[6.2387],[6.4484],[6.7161],[6.9871],[7.2129],[7.3226],[7.3387],[7.2871],[7.2],[7.1129],[7.0452],[6.9742],[9.7387],[9.7839],[9.7613],[9.571],[9.2],[8.671],[8.0484],[7.4581],[7.0065],[6.8],[6.8452],[7.0516],[7.2935],[7.4742],[7.5226],[7.4581],[7.3387],[7.2323],[7.1452],[7.0742],[7.0419],[7.0323],[7.0355],[7.0065],[6.9],[6.7],[6.4065],[9.3742],[8.9935],[8.6871],[8.4387],[8.2129],[7.971],[7.6935],[7.371],[7.0903],[6.9258],[6.9742],[7.2097],[7.5387],[7.8355],[7.9968],[7.9935],[7.8194],[7.571],[7.3194],[7.1387],[7.0806],[7.1419],[7.2806],[7.3613],[7.2484],[6.8419],[6.2065],[9.0323],[8.2],[7.629],[7.3161],[7.2194],[7.2613],[7.2903],[7.1677],[6.8226],[6.3806],[5.9839],[5.8226],[5.9161],[6.2097],[6.5516],[6.8839],[7.0935],[7.1935],[7.2032],[7.1935],[7.2484],[7.4097],[7.6161],[7.7548],[7.6452],[7.2032],[6.5],[8.7871],[7.8323],[7.0258],[6.4484],[6.1677],[6.1935],[6.3387],[6.3548],[6.0839],[5.5],[4.8194],[4.2419],[3.9355],[3.9581],[4.2645],[4.7839],[5.3742],[5.9097],[6.3],[6.5258],[6.6581],[6.7806],[6.871],[6.9548],[6.9065],[6.7258],[6.4935],[8.4484],[7.7323],[6.871],[5.9677],[5.3097],[5.0871],[5.229],[5.5],[5.6258],[5.4161],[4.9226],[4.3097],[3.729],[3.3548],[3.2903],[3.5613],[4.0774],[4.6806],[5.1452],[5.3548],[5.3774],[5.271],[5.1258],[5.0355],[5.0516],[5.2581],[5.7032],[7.8484],[7.5484],[6.8742],[5.9742],[5.2],[4.9],[5.1129],[5.6194],[6.1258],[6.3839],[6.3323],[5.9806],[5.4323],[4.829],[4.3871],[4.2742],[4.4484],[4.7516],[4.9323],[4.9161],[4.6419],[4.2742],[3.8935],[3.6355],[3.6],[3.9258],[4.6677],[6.9258],[6.8355],[6.5161],[6.0452],[5.6935],[5.6839],[6],[6.4935],[6.9194],[7.2161],[7.3742],[7.4],[7.2097],[6.8516],[6.4516],[6.2194],[6.1613],[6.1355],[5.9677],[5.5774],[5.0774],[4.6226],[4.2677],[4.0129],[3.9419],[4.0742],[4.4677],[5.5581],[5.4645],[5.4548],[5.5387],[5.7516],[6.0742],[6.4032],[6.5742],[6.5581],[6.5484],[6.7452],[7.2161],[7.7129],[7.9935],[8.0129],[7.9258],[7.7645],[7.5129],[7.0645],[6.4903],[5.9871],[5.7226],[5.6839],[5.771],[5.8452],[5.8323],[5.7516],[3.9323],[3.9258],[4.1452],[4.4774],[4.8323],[5.1548],[5.2613],[5.0806],[4.7419],[4.5871],[5.0323],[6.0581],[7.2871],[8.1677],[8.5097],[8.4161],[8.0903],[7.6484],[7.1129],[6.6226],[6.3871],[6.5194],[6.9452],[7.4935],[7.9871],[8.2742],[8.2129],[2.7742],[3.1387],[3.529],[3.7968],[3.9161],[3.871],[3.7],[3.4097],[3.1548],[3.2419],[4],[5.3613],[6.8645],[7.8613],[8.0742],[7.6935],[7.1097],[6.5968],[6.2613],[6.1355],[6.3129],[6.8129],[7.5258],[8.3903],[9.3161],[10.1452],[10.671],[2.6161],[3.2903],[3.7484],[3.9516],[3.8935],[3.6871],[3.5032],[3.4419],[3.5516],[3.9226],[4.6581],[5.6903],[6.7129],[7.1871],[6.9613],[6.3323],[5.7548],[5.4968],[5.5935],[5.9355],[6.471],[7.1161],[7.8258],[8.6258],[9.6355],[10.8323],[11.8935],[3.1419],[3.5226],[3.8],[4.0355],[4.2355],[4.3677],[4.5839],[4.9516],[5.4613],[5.9129],[6.2097],[6.3935],[6.4161],[6.1516],[5.6323],[5.1323],[5],[5.2677],[5.7871],[6.429],[7.0581],[7.6484],[8.1452],[8.7],[9.4645],[10.4774],[11.4484],[3.4613],[3.0935],[2.9194],[3.229],[3.8613],[4.4903],[5.0935],[5.7774],[6.4903],[6.9],[6.8387],[6.3452],[5.6355],[4.9516],[4.5065],[4.5],[4.9484],[5.6742],[6.3839],[6.9548],[7.4677],[7.9065],[8.2968],[8.6742],[9.1613],[9.6516],[9.8806],[3.0258],[2.2516],[1.8129],[2.0516],[2.7645],[3.5],[4.0516],[4.6032],[5.171],[5.5387],[5.4226],[4.8645],[4.1677],[3.6581],[3.6032],[4.0645],[4.9032],[5.7355],[6.3097],[6.6516],[6.9548],[7.3258],[7.729],[8.1129],[8.4097],[8.4194],[7.8742],[1.7419],[1.4581],[1.229],[1.3387],[1.7806],[2.2],[2.3516],[2.3903],[2.4935],[2.6355],[2.6355],[2.4516],[2.2452],[2.2129],[2.5032],[3.1452],[3.9581],[4.6194],[4.9806],[5.1548],[5.4],[5.7645],[6.1839],[6.5387],[6.7097],[6.4484],[5.4774],[-0.5129],[0.129],[0.3065],[0.3774],[0.6129],[0.8548],[0.8258],[0.5452],[0.2452],[0.1065],[0.1484],[0.2806],[0.5097],[0.7839],[1.1161],[1.5516],[2.029],[2.4258],[2.6452],[2.8258],[3.1194],[3.5032],[3.8323],[4.0161],[4.0097],[3.6097],[2.6065]]},{"header":{"disciplineName":["Meteorological products"],"parameterCategory":[2],"parameterCategoryName":["v-component of wind"],"parameterNumberName":["v-component of wind"],"parameterNumber":[3],"parameterUnits":["m s-1"],"refTime":["2017-03-17T0000:00.000Z"],"numberPoints":[621],"nx":[27],"ny":[23],"lo1":[-20],"la1":[70],"lo2":[45],"la2":[45],"dx":[2.5],"dy":[2.5]},"data":[[-0.6387],[0.1032],[0.8806],[1.5903],[2.129],[2.4323],[2.4871],[2.2419],[1.7903],[1.1613],[0.471],[-0.2419],[-0.8871],[-1.3742],[-1.6903],[-1.8548],[-1.8774],[-1.7903],[-1.6355],[-1.4516],[-1.2677],[-1.0935],[-0.9258],[-0.7419],[-0.5774],[-0.3935],[-0.2742],[0.729],[1.0419],[1.3903],[1.7097],[1.9323],[2.0194],[1.9581],[1.7065],[1.3258],[0.8258],[0.2839],[-0.2581],[-0.7226],[-1.0774],[-1.3258],[-1.4258],[-1.4548],[-1.4097],[-1.3645],[-1.3194],[-1.2774],[-1.2258],[-1.1355],[-0.9871],[-0.771],[-0.5161],[-0.2484],[2.2516],[2.0548],[1.8903],[1.8],[1.7258],[1.6452],[1.5161],[1.3194],[1],[0.6],[0.129],[-0.3484],[-0.8032],[-1.1774],[-1.4516],[-1.6226],[-1.6903],[-1.7],[-1.6613],[-1.5774],[-1.4774],[-1.3032],[-1.0677],[-0.7516],[-0.3645],[0.0419],[0.4129],[3.1581],[2.629],[2.1742],[1.8581],[1.6323],[1.4677],[1.3194],[1.1032],[0.8097],[0.4161],[-0.0548],[-0.571],[-1.0774],[-1.5226],[-1.8548],[-2.0968],[-2.2323],[-2.2613],[-2.1935],[-2.0129],[-1.7194],[-1.3032],[-0.8097],[-0.2258],[0.3484],[0.8452],[1.1774],[3.5419],[2.9129],[2.3871],[1.9419],[1.5903],[1.2613],[0.9613],[0.6613],[0.2935],[-0.1194],[-0.5516],[-1],[-1.4065],[-1.7226],[-1.9613],[-2.1161],[-2.2226],[-2.271],[-2.2742],[-2.1419],[-1.8355],[-1.3226],[-0.6161],[0.1581],[0.8581],[1.3871],[1.6355],[3.8452],[3.2548],[2.6419],[1.9742],[1.3129],[0.6871],[0.1161],[-0.3484],[-0.7484],[-1.0806],[-1.371],[-1.571],[-1.7129],[-1.7],[-1.6226],[-1.5194],[-1.4903],[-1.5806],[-1.7387],[-1.8581],[-1.7581],[-1.3516],[-0.6323],[0.2419],[1.0548],[1.6226],[1.871],[4.1194],[3.4677],[2.6452],[1.6613],[0.6419],[-0.3],[-1.0452],[-1.5355],[-1.8097],[-1.9387],[-1.9839],[-1.9806],[-1.9],[-1.6806],[-1.3581],[-1.0161],[-0.7968],[-0.8355],[-1.1097],[-1.4484],[-1.6032],[-1.3774],[-0.729],[0.1677],[1.0419],[1.6871],[1.9968],[3.9806],[3.229],[2.2355],[1.0677],[-0.1161],[-1.1419],[-1.8645],[-2.2129],[-2.2484],[-2.1032],[-1.9516],[-1.8742],[-1.8452],[-1.7484],[-1.4806],[-1.1129],[-0.7968],[-0.7129],[-0.9258],[-1.2742],[-1.4677],[-1.2742],[-0.6871],[0.129],[0.8871],[1.4097],[1.6968],[3.2871],[2.5323],[1.6387],[0.6065],[-0.4355],[-1.3548],[-2.0323],[-2.3387],[-2.2581],[-1.9323],[-1.5839],[-1.4226],[-1.4645],[-1.5839],[-1.571],[-1.3935],[-1.1452],[-1.0194],[-1.1194],[-1.2742],[-1.2774],[-0.9613],[-0.3903],[0.2032],[0.5839],[0.7],[0.729],[2.1839],[1.6323],[1.0452],[0.4452],[-0.2613],[-1.0613],[-1.8935],[-2.5],[-2.6548],[-2.3129],[-1.7],[-1.1839],[-0.9677],[-0.9935],[-1.0935],[-1.0968],[-1.0323],[-1.0226],[-1.1161],[-1.1548],[-0.9613],[-0.5],[0.0548],[0.3613],[0.2677],[-0.1323],[-0.4839],[0.8871],[0.5323],[0.3226],[0.171],[-0.1323],[-0.8323],[-1.9258],[-3.0258],[-3.6194],[-3.4194],[-2.5677],[-1.5194],[-0.7258],[-0.3387],[-0.2226],[-0.2258],[-0.2871],[-0.4613],[-0.7],[-0.829],[-0.6613],[-0.1968],[0.2871],[0.4419],[0.0968],[-0.5452],[-1.0323],[-0.3194],[-0.6387],[-0.7484],[-0.6387],[-0.5581],[-0.9613],[-1.9742],[-3.3226],[-4.2968],[-4.3516],[-3.4742],[-2.171],[-0.9774],[-0.1935],[0.2194],[0.4226],[0.4516],[0.2484],[-0.1484],[-0.4903],[-0.5742],[-0.3161],[0.0581],[0.2129],[0.0355],[-0.3129],[-0.5355],[-1],[-1.529],[-1.8581],[-1.7258],[-1.3032],[-1.1387],[-1.6774],[-2.8097],[-3.9032],[-4.3],[-3.7968],[-2.7355],[-1.6129],[-0.7452],[-0.1161],[0.3516],[0.6161],[0.5419],[0.1548],[-0.3516],[-0.7129],[-0.771],[-0.5871],[-0.2903],[-0.0161],[0.2613],[0.5581],[-1.0645],[-1.8032],[-2.4032],[-2.4161],[-1.7839],[-1.1065],[-1.0548],[-1.8129],[-2.9065],[-3.6355],[-3.6387],[-3.0548],[-2.2548],[-1.4516],[-0.7194],[-0.0581],[0.3613],[0.3968],[0.0452],[-0.5129],[-1.0161],[-1.2516],[-1.1677],[-0.7742],[-0.0839],[0.729],[1.4516],[-1.0065],[-1.6516],[-2.3032],[-2.4484],[-1.8839],[-1.0387],[-0.7323],[-1.2613],[-2.3323],[-3.229],[-3.4774],[-3.0968],[-2.3968],[-1.6097],[-0.8677],[-0.2452],[0.0387],[-0.0935],[-0.5548],[-1.1097],[-1.4968],[-1.6065],[-1.4065],[-0.8806],[-0.071],[0.871],[1.6581],[-1.1258],[-1.3323],[-1.8258],[-2.0968],[-1.8032],[-1.2],[-0.9387],[-1.4258],[-2.3774],[-3.1258],[-3.2065],[-2.6452],[-1.8484],[-1.1194],[-0.5839],[-0.3452],[-0.4839],[-1.0097],[-1.6677],[-2.1581],[-2.271],[-1.9742],[-1.4],[-0.6774],[0.1161],[0.8774],[1.4387],[-0.9935],[-0.8032],[-1.1774],[-1.6839],[-1.8032],[-1.5161],[-1.3839],[-1.7645],[-2.4258],[-2.7548],[-2.4032],[-1.6],[-0.8548],[-0.5032],[-0.5387],[-0.8774],[-1.4613],[-2.2484],[-2.9839],[-3.3645],[-3.1516],[-2.4],[-1.3581],[-0.3],[0.6],[1.2387],[1.6194],[-0.0871],[0.1194],[-0.4419],[-1.2742],[-1.7484],[-1.7419],[-1.6161],[-1.7581],[-2.0194],[-1.9258],[-1.2581],[-0.4097],[0.0065],[-0.2548],[-0.9677],[-1.7839],[-2.5419],[-3.2613],[-3.8452],[-4.029],[-3.5935],[-2.5677],[-1.1645],[0.3032],[1.5516],[2.4355],[2.8871],[1.1613],[1.0097],[0.1613],[-0.8935],[-1.5871],[-1.7161],[-1.5387],[-1.4323],[-1.3935],[-1.1161],[-0.4581],[0.1613],[0.2226],[-0.4129],[-1.4032],[-2.2581],[-2.8742],[-3.3645],[-3.729],[-3.7548],[-3.2065],[-2.0774],[-0.5161],[1.2194],[2.8516],[4.1097],[4.7516],[1.7581],[1.1645],[0.3097],[-0.6032],[-1.2839],[-1.4645],[-1.2839],[-1.029],[-0.8871],[-0.7161],[-0.4129],[-0.1419],[-0.2161],[-0.6871],[-1.2613],[-1.6839],[-2.029],[-2.4129],[-2.771],[-2.7613],[-2.1806],[-1.0129],[0.5065],[2.2226],[3.8613],[5.1419],[5.7032],[1.4419],[0.6903],[0.1968],[-0.271],[-0.7742],[-1.029],[-0.8806],[-0.5806],[-0.4548],[-0.5677],[-0.7581],[-0.8581],[-0.8839],[-0.7903],[-0.5516],[-0.3258],[-0.4226],[-0.9032],[-1.4742],[-1.6194],[-1.0806],[0.0452],[1.4387],[2.8226],[3.9968],[4.7194],[4.7613],[1.0419],[0.4226],[0.3645],[0.2903],[-0.0871],[-0.4613],[-0.4645],[-0.2226],[-0.171],[-0.5194],[-1.0258],[-1.329],[-1.1774],[-0.5258],[0.3774],[1.0774],[1.1581],[0.5613],[-0.2258],[-0.6065],[-0.2806],[0.6516],[1.8452],[2.8613],[3.3419],[3.2097],[2.5161],[1.1161],[0.7129],[0.8065],[0.7581],[0.3258],[-0.2065],[-0.4161],[-0.3516],[-0.4387],[-0.8097],[-1.2194],[-1.2806],[-0.7871],[0.1774],[1.2774],[2.0613],[2.1484],[1.6258],[0.871],[0.329],[0.2968],[0.8226],[1.7806],[2.5516],[2.5323],[1.629],[0.3161]]}]