html/data/WT_san09_ind_wt_1_1.json
[{"header":{"disciplineName":["Meteorological products"],"parameterCategory":[0],"parameterCategoryName":["Temperature"],"parameterNumberName":["Temperature"],"parameterNumber":[0],"parameterUnits":["K"],"refTime":["2017-03-17T0000:00.000Z"],"numberPoints":[621],"nx":[27],"ny":[23],"lo1":[-20],"la1":[70],"lo2":[45],"la2":[45],"dx":[2.5],"dy":[2.5]},"data":[[-14.0032],[-13.0472],[-12.1245],[-11.2408],[-10.4365],[-9.7174],[-9.1067],[-8.6209],[-8.2713],[-8.0699],[-8.0004],[-8.0436],[-8.1961],[-8.4266],[-8.7287],[-9.0663],[-9.4202],[-9.7904],[-10.1628],[-10.5415],[-10.9216],[-11.3223],[-11.7628],[-12.233],[-12.7684],[-13.3649],[-14.0174],[-10.7245],[-10.0926],[-9.5145],[-8.9784],[-8.4791],[-8.0131],[-7.5996],[-7.2592],[-7.0152],[-6.8826],[-6.8699],[-6.9741],[-7.1777],[-7.4762],[-7.8316],[-8.2379],[-8.6883],[-9.1465],[-9.6202],[-10.0897],[-10.5514],[-11.0011],[-11.4415],[-11.8961],[-12.3578],[-12.8798],[-13.4372],[-7.5209],[-7.2975],[-7.1145],[-6.9188],[-6.6869],[-6.4252],[-6.1649],[-5.9465],[-5.8046],[-5.7741],[-5.872],[-6.072],[-6.3691],[-6.7415],[-7.1578],[-7.6117],[-8.0904],[-8.6039],[-9.1408],[-9.6883],[-10.2309],[-10.755],[-11.2301],[-11.6784],[-12.0989],[-12.5252],[-12.9798],[-5.3784],[-5.3649],[-5.3379],[-5.2557],[-5.1103],[-4.933],[-4.7599],[-4.6628],[-4.6677],[-4.8216],[-5.0904],[-5.467],[-5.8869],[-6.3025],[-6.7018],[-7.0713],[-7.4415],[-7.8408],[-8.2869],[-8.7989],[-9.3564],[-9.9238],[-10.4656],[-10.9699],[-11.4415],[-11.8812],[-12.3266],[-4.3897],[-4.272],[-4.1309],[-3.9691],[-3.8011],[-3.6443],[-3.5642],[-3.5926],[-3.7649],[-4.0798],[-4.516],[-5.016],[-5.5067],[-5.9294],[-6.255],[-6.4954],[-6.6968],[-6.9245],[-7.2266],[-7.6408],[-8.1528],[-8.7316],[-9.3181],[-9.8812],[-10.411],[-10.9174],[-11.423],[-3.7387],[-3.4046],[-3.1379],[-2.9379],[-2.8011],[-2.7493],[-2.767],[-2.8734],[-3.089],[-3.4216],[-3.8294],[-4.3004],[-4.7656],[-5.167],[-5.4848],[-5.7209],[-5.9138],[-6.1294],[-6.4301],[-6.833],[-7.345],[-7.8918],[-8.455],[-8.9691],[-9.4486],[-9.9067],[-10.3862],[-2.7053],[-2.3592],[-2.145],[-2.072],[-2.0933],[-2.1656],[-2.2514],[-2.3337],[-2.4351],[-2.6074],[-2.8613],[-3.2039],[-3.6053],[-4.0415],[-4.4543],[-4.8408],[-5.2152],[-5.6046],[-6.0337],[-6.511],[-7.0379],[-7.5514],[-8.0195],[-8.3954],[-8.7117],[-9.0074],[-9.3294],[-1.3195],[-1.1365],[-1.0954],[-1.167],[-1.3138],[-1.4514],[-1.5216],[-1.5472],[-1.5599],[-1.6323],[-1.8223],[-2.1351],[-2.5691],[-3.067],[-3.6032],[-4.1351],[-4.65],[-5.1365],[-5.6089],[-6.0741],[-6.5408],[-6.9982],[-7.3989],[-7.6996],[-7.9188],[-8.1103],[-8.3195],[0.1032],[0.1557],[0.1167],[0.0309],[-0.0855],[-0.1883],[-0.2422],[-0.2982],[-0.4039],[-0.6181],[-0.9635],[-1.4138],[-1.9372],[-2.4819],[-3.0287],[-3.5521],[-4.016],[-4.4117],[-4.7344],[-5.0337],[-5.3535],[-5.7188],[-6.1004],[-6.4521],[-6.7408],[-6.9911],[-7.228],[1.4904],[1.5188],[1.5379],[1.5131],[1.4507],[1.3628],[1.2422],[1.0635],[0.7748],[0.3557],[-0.1592],[-0.6989],[-1.2309],[-1.716],[-2.1805],[-2.6259],[-3.0351],[-3.3585],[-3.5699],[-3.7195],[-3.884],[-4.1415],[-4.4918],[-4.8628],[-5.2082],[-5.5004],[-5.7777],[2.8791],[2.8961],[2.9082],[2.8635],[2.7301],[2.5358],[2.2947],[2.028],[1.7018],[1.3216],[0.9025],[0.4989],[0.1486],[-0.1975],[-0.6053],[-1.1089],[-1.6606],[-2.1465],[-2.4855],[-2.6862],[-2.8273],[-3.0025],[-3.2245],[-3.4649],[-3.6649],[-3.8152],[-3.9706],[4.0819],[4.0245],[3.9443],[3.7762],[3.4947],[3.1535],[2.8457],[2.6145],[2.4635],[2.3365],[2.2316],[2.1195],[1.9869],[1.7457],[1.3082],[0.6557],[-0.1245],[-0.8578],[-1.406],[-1.7677],[-2.0004],[-2.1762],[-2.3174],[-2.3883],[-2.3635],[-2.2876],[-2.2209],[4.9245],[4.8011],[4.6699],[4.4628],[4.1493],[3.7826],[3.4748],[3.323],[3.3181],[3.4004],[3.4833],[3.5358],[3.4954],[3.2904],[2.8422],[2.1613],[1.3869],[0.677],[0.1316],[-0.2706],[-0.6074],[-0.911],[-1.1351],[-1.2287],[-1.1897],[-1.0606],[-0.8848],[5.555],[5.4479],[5.3918],[5.3259],[5.1606],[4.8904],[4.6195],[4.4309],[4.3706],[4.3876],[4.4103],[4.4025],[4.3486],[4.1734],[3.8238],[3.3294],[2.8103],[2.4053],[2.1074],[1.8103],[1.4202],[0.9848],[0.6117],[0.372],[0.2415],[0.2195],[0.3649],[6.2791],[6.223],[6.3032],[6.4145],[6.4273],[6.2713],[5.984],[5.6954],[5.4635],[5.2911],[5.1514],[5.0535],[4.9848],[4.9011],[4.7074],[4.3968],[4.0968],[3.9145],[3.8025],[3.616],[3.2557],[2.8429],[2.5436],[2.3621],[2.1833],[2.0152],[2.077],[7.1358],[7.1436],[7.2819],[7.4571],[7.5252],[7.4046],[7.1273],[6.8117],[6.5337],[6.306],[6.1124],[5.9585],[5.894],[5.8628],[5.7372],[5.4578],[5.1273],[4.9018],[4.7805],[4.6259],[4.3748],[4.2011],[4.284],[4.5209],[4.5713],[4.3394],[4.2564],[7.9337],[8.0294],[8.1869],[8.3252],[8.3571],[8.2621],[8.0911],[7.9309],[7.8167],[7.7039],[7.5209],[7.2741],[7.0571],[6.911],[6.7323],[6.3876],[5.9465],[5.6238],[5.4982],[5.4479],[5.3805],[5.489],[6.0287],[6.7926],[7.1777],[6.8918],[6.4344],[8.6379],[8.9209],[9.1514],[9.2606],[9.2755],[9.2713],[9.2961],[9.3741],[9.4762],[9.506],[9.3124],[8.8429],[8.2961],[7.8734],[7.5713],[7.233],[6.8145],[6.5691],[6.6401],[6.8677],[7.028],[7.2869],[8.0245],[9.1379],[9.877],[9.5961],[8.6706],[9.6018],[10.0918],[10.4486],[10.5798],[10.6358],[10.7394],[10.9273],[11.1259],[11.3167],[11.4025],[11.1699],[10.5195],[9.6479],[8.9642],[8.6188],[8.3578],[8.045],[7.8947],[8.1918],[8.7493],[9.1613],[9.4209],[10.084],[11.3684],[12.5351],[12.5855],[11.5011],[11.1394],[11.806],[12.2465],[12.4046],[12.4628],[12.6032],[12.7869],[12.9266],[13.0096],[13.0493],[12.8387],[12.1592],[11.1982],[10.4706],[10.2124],[10.1074],[9.8039],[9.528],[9.7713],[10.5273],[11.1869],[11.506],[12.0443],[13.3521],[14.9309],[15.5755],[14.7734],[13.2124],[13.9358],[14.4074],[14.5465],[14.5429],[14.5904],[14.6493],[14.6117],[14.5117],[14.45],[14.2684],[13.6713],[12.8131],[12.2479],[12.2777],[12.4535],[12.1862],[11.6358],[11.5599],[12.2684],[13.2004],[13.7876],[14.3074],[15.416],[16.9309],[17.7982],[17.2585],[15.3599],[16.0465],[16.5223],[16.6493],[16.5621],[16.4748],[16.4096],[16.2628],[16.0642],[15.916],[15.6862],[15.1223],[14.3855],[14.0578],[14.4535],[15.077],[15.1004],[14.4897],[14.077],[14.5543],[15.6791],[16.6862],[17.3564],[18.0216],[18.7535],[18.9415],[18.084],[17.0379],[17.6486],[18.1301],[18.2961],[18.1897],[18.0316],[17.9358],[17.855],[17.7422],[17.5975],[17.3046],[16.7301],[16.094],[15.9294],[16.5691],[17.5691],[18.0748],[17.7387],[17.1805],[17.2954],[18.3103],[19.6762],[20.6748],[21.028],[20.7152],[19.6897],[18.0096]]},{"header":{"disciplineName":["Meteorological products"],"parameterCategory":[2],"parameterCategoryName":["u-component of wind"],"parameterNumberName":["u-component of wind"],"parameterNumber":[2],"parameterUnits":["m s-1"],"refTime":["2017-03-17T0000:00.000Z"],"numberPoints":[621],"nx":[27],"ny":[23],"lo1":[-20],"la1":[70],"lo2":[45],"la2":[45],"dx":[2.5],"dy":[2.5]},"data":[[3.8184],[4.1113],[4.2915],[4.3766],[4.4071],[4.427],[4.4652],[4.5574],[4.7043],[4.8979],[5.1177],[5.3326],[5.5071],[5.6191],[5.6709],[5.6504],[5.5709],[5.456],[5.3291],[5.1965],[5.0794],[4.966],[4.8745],[4.778],[4.7],[4.6177],[4.5333],[4.1532],[4.6092],[4.8787],[5.0078],[5.066],[5.1057],[5.1972],[5.3702],[5.6234],[5.9305],[6.239],[6.4986],[6.6617],[6.7014],[6.6184],[6.4319],[6.1908],[5.934],[5.6894],[5.4858],[5.344],[5.2447],[5.1766],[5.1326],[5.1092],[5.0887],[5.0872],[4.3894],[4.7816],[5.0241],[5.1865],[5.3291],[5.5362],[5.822],[6.2007],[6.639],[7.0582],[7.3901],[7.5787],[7.5596],[7.344],[6.9738],[6.5099],[6.0369],[5.6099],[5.3028],[5.0936],[4.9993],[4.9702],[4.9844],[5.0234],[5.0596],[5.1135],[5.1794],[4.939],[5.1645],[5.3504],[5.5567],[5.8227],[6.1688],[6.5894],[7.0489],[7.4922],[7.8383],[8.0135],[7.9667],[7.7021],[7.2411],[6.6809],[6.122],[5.6468],[5.3149],[5.1504],[5.1128],[5.1695],[5.2468],[5.317],[5.3553],[5.3652],[5.373],[5.417],[6.0404],[6.2078],[6.4234],[6.6794],[6.9709],[7.2723],[7.5574],[7.7986],[7.9681],[8.0305],[7.9468],[7.7128],[7.3447],[6.9092],[6.4766],[6.1553],[5.9752],[5.9603],[6.056],[6.2071],[6.3411],[6.4199],[6.4071],[6.322],[6.2],[6.0957],[6.0638],[7.6],[7.8255],[8.095],[8.3284],[8.4809],[8.5156],[8.4369],[8.2908],[8.1085],[7.9326],[7.7525],[7.5638],[7.378],[7.222],[7.1106],[7.1092],[7.1943],[7.3369],[7.4652],[7.5326],[7.5128],[7.4092],[7.2489],[7.0631],[6.8887],[6.7645],[6.7418],[9.4411],[9.6482],[9.8149],[9.8596],[9.7312],[9.4262],[9.0085],[8.5773],[8.2433],[8.0532],[8.0184],[8.0872],[8.1915],[8.3035],[8.3972],[8.4617],[8.4759],[8.3943],[8.1872],[7.8816],[7.5404],[7.2447],[7.0674],[7.0085],[7.0369],[7.0929],[7.1759],[11.3504],[11.2957],[11.1511],[10.9],[10.5],[9.9794],[9.4099],[8.8957],[8.5468],[8.422],[8.4943],[8.6872],[8.905],[9.0596],[9.1106],[9.0348],[8.8113],[8.4184],[7.8716],[7.2617],[6.7454],[6.4688],[6.4986],[6.7766],[7.1426],[7.4348],[7.5645],[12.739],[12.3177],[11.8468],[11.3574],[10.8454],[10.3064],[9.7447],[9.1922],[8.7149],[8.3887],[8.217],[8.1745],[8.2035],[8.2312],[8.2248],[8.1376],[7.9326],[7.583],[7.1199],[6.6383],[6.3],[6.2681],[6.5837],[7.1305],[7.6865],[8.0426],[8.0823],[12.9234],[12.2582],[11.6191],[11.0582],[10.5887],[10.1348],[9.6255],[8.9752],[8.2277],[7.4702],[6.8106],[6.3362],[6.078],[6.0035],[6.0723],[6.2149],[6.3482],[6.4312],[6.4262],[6.3986],[6.4525],[6.6986],[7.1631],[7.7291],[8.2021],[8.4191],[8.3553],[11.7901],[11.0617],[10.378],[9.817],[9.3858],[9.0298],[8.5922],[7.9603],[7.1092],[6.1333],[5.2128],[4.5043],[4.1035],[4.0113],[4.1681],[4.4858],[4.8922],[5.3156],[5.6957],[6.0404],[6.3816],[6.7652],[7.1908],[7.5901],[7.8567],[7.9525],[7.9312],[9.9007],[9.1908],[8.4972],[7.9142],[7.5021],[7.2426],[7.0128],[6.6518],[6.0972],[5.3993],[4.7149],[4.1645],[3.8319],[3.7057],[3.7489],[3.9199],[4.2085],[4.5752],[4.9773],[5.3645],[5.717],[6.0383],[6.3241],[6.561],[6.7135],[6.822],[6.9794],[7.9234],[7.2865],[6.6624],[6.1532],[5.8773],[5.8376],[5.9078],[5.9284],[5.8234],[5.6333],[5.4298],[5.2603],[5.0957],[4.9064],[4.7057],[4.5638],[4.5418],[4.6695],[4.8759],[5.083],[5.2454],[5.3525],[5.4546],[5.5816],[5.7312],[5.9191],[6.2262],[6.1553],[5.7057],[5.3156],[5.0993],[5.1496],[5.4135],[5.6936],[5.8525],[5.8936],[5.9553],[6.122],[6.3248],[6.4142],[6.3043],[6.0489],[5.7901],[5.6567],[5.6823],[5.7631],[5.7851],[5.6936],[5.5504],[5.4567],[5.4993],[5.6681],[5.8894],[6.1532],[4.6248],[4.4241],[4.3199],[4.4355],[4.8035],[5.2567],[5.5085],[5.4447],[5.2574],[5.2645],[5.6206],[6.1894],[6.6801],[6.9021],[6.9035],[6.8397],[6.8475],[6.9184],[6.9652],[6.8809],[6.666],[6.4],[6.2333],[6.2709],[6.4745],[6.6943],[6.8014],[3.2177],[3.1901],[3.2348],[3.4688],[3.9014],[4.2972],[4.3823],[4.0823],[3.7142],[3.7135],[4.273],[5.183],[6.0582],[6.6376],[6.9461],[7.1085],[7.2397],[7.3291],[7.3376],[7.2858],[7.2],[7.1312],[7.1532],[7.3305],[7.6461],[7.9404],[8.0121],[1.7993],[1.9021],[1.9957],[2.183],[2.4986],[2.7759],[2.8369],[2.6504],[2.5078],[2.7511],[3.4823],[4.456],[5.3106],[5.8645],[6.1816],[6.3887],[6.5319],[6.5972],[6.6461],[6.8],[7.1142],[7.5106],[7.9085],[8.3035],[8.7582],[9.2135],[9.4695],[0.5631],[0.9021],[1.2064],[1.4943],[1.8156],[2.1348],[2.395],[2.6234],[2.9404],[3.4454],[4.0645],[4.6014],[4.8809],[4.9376],[4.9759],[5.1277],[5.3511],[5.5688],[5.8291],[6.3106],[7.0624],[7.8894],[8.5709],[9.0723],[9.5504],[10.1113],[10.5787],[0.2695],[0.9078],[1.5355],[2.1099],[2.6099],[3.0504],[3.5121],[4.0248],[4.5851],[5.061],[5.2752],[5.1284],[4.6887],[4.234],[4.0582],[4.2773],[4.7631],[5.3043],[5.8617],[6.5553],[7.4262],[8.2972],[8.9496],[9.3695],[9.7567],[10.2447],[10.6652],[1.4326],[2.1333],[2.8326],[3.4901],[4.0043],[4.3844],[4.7312],[5.1454],[5.5716],[5.805],[5.6645],[5.1589],[4.4936],[3.9929],[3.9305],[4.3787],[5.1383],[5.905],[6.5404],[7.0908],[7.6404],[8.1496],[8.5234],[8.8078],[9.1035],[9.4057],[9.4837],[3.2298],[3.6248],[3.9518],[4.2511],[4.4383],[4.4865],[4.4979],[4.5901],[4.7433],[4.8028],[4.661],[4.3553],[4.0426],[3.9411],[4.1936],[4.8113],[5.5922],[6.2816],[6.6979],[6.8652],[6.9121],[6.9489],[7.0369],[7.2355],[7.5035],[7.6348],[7.3078],[3.7879],[3.8241],[3.6972],[3.5284],[3.3326],[3.0957],[2.8908],[2.7887],[2.7986],[2.8553],[2.9113],[2.9943],[3.1567],[3.4418],[3.8504],[4.3851],[4.9348],[5.3411],[5.4872],[5.3837],[5.1638],[4.9652],[4.9043],[5.0284],[5.2248],[5.1872],[4.639],[1.9851],[1.9752],[1.783],[1.5106],[1.2702],[1.1],[0.9908],[0.9489],[0.9652],[1.0596],[1.2475],[1.5312],[1.8617],[2.1688],[2.4241],[2.6532],[2.8709],[3.0511],[3.1],[3.0355],[2.927],[2.8319],[2.7965],[2.8262],[2.8078],[2.573],[1.9716]]},{"header":{"disciplineName":["Meteorological products"],"parameterCategory":[2],"parameterCategoryName":["v-component of wind"],"parameterNumberName":["v-component of wind"],"parameterNumber":[3],"parameterUnits":["m s-1"],"refTime":["2017-03-17T0000:00.000Z"],"numberPoints":[621],"nx":[27],"ny":[23],"lo1":[-20],"la1":[70],"lo2":[45],"la2":[45],"dx":[2.5],"dy":[2.5]},"data":[[-0.5688],[-0.0915],[0.4298],[0.934],[1.3823],[1.7418],[1.9887],[2.1043],[2.0794],[1.9184],[1.6312],[1.2468],[0.8035],[0.3312],[-0.1305],[-0.5567],[-0.9206],[-1.2291],[-1.4723],[-1.6745],[-1.8411],[-1.9667],[-2.0652],[-2.1348],[-2.1518],[-2.1333],[-2.0702],[0.9262],[1.0794],[1.2433],[1.4113],[1.5929],[1.7801],[1.9454],[2.0553],[2.0745],[1.9702],[1.7312],[1.3716],[0.9064],[0.4035],[-0.0972],[-0.556],[-0.9511],[-1.2766],[-1.5433],[-1.7716],[-1.956],[-2.1106],[-2.2149],[-2.2681],[-2.256],[-2.173],[-2.0234],[2.2957],[2.1454],[2.0241],[1.9837],[2.0404],[2.1695],[2.3326],[2.4489],[2.4397],[2.2567],[1.8652],[1.3156],[0.6652],[-0.0035],[-0.6071],[-1.0908],[-1.4461],[-1.6759],[-1.8241],[-1.9369],[-2.0234],[-2.0929],[-2.1312],[-2.1177],[-2.0305],[-1.8716],[-1.6532],[2.9213],[2.666],[2.5241],[2.527],[2.6702],[2.8851],[3.0695],[3.1255],[2.956],[2.4943],[1.7837],[0.8929],[-0.0426],[-0.8681],[-1.4943],[-1.8745],[-2.0149],[-2.0184],[-1.9532],[-1.8972],[-1.8794],[-1.883],[-1.8844],[-1.8284],[-1.6901],[-1.4752],[-1.2113],[3.0092],[2.834],[2.839],[3.0064],[3.266],[3.5184],[3.6496],[3.5355],[3.1],[2.3298],[1.3],[0.1461],[-0.9184],[-1.7333],[-2.1901],[-2.2943],[-2.1489],[-1.9043],[-1.6894],[-1.6142],[-1.6461],[-1.7369],[-1.795],[-1.7475],[-1.5596],[-1.2489],[-0.8809],[3.1241],[3.0184],[3.0887],[3.2809],[3.4922],[3.6199],[3.5865],[3.2943],[2.695],[1.7965],[0.6801],[-0.4816],[-1.4801],[-2.1418],[-2.3688],[-2.2213],[-1.8794],[-1.5447],[-1.3766],[-1.4397],[-1.661],[-1.9099],[-2.0312],[-1.9589],[-1.6603],[-1.1738],[-0.5809],[3.3184],[3.1262],[3.0752],[3.095],[3.1106],[3.0546],[2.9085],[2.6085],[2.1121],[1.3908],[0.4624],[-0.5433],[-1.4546],[-2.0574],[-2.2631],[-2.1241],[-1.8248],[-1.5957],[-1.5801],[-1.7809],[-2.0695],[-2.3021],[-2.3305],[-2.1156],[-1.6709],[-1.0305],[-0.2582],[3.2248],[2.8121],[2.544],[2.361],[2.2099],[2.0816],[1.9638],[1.8638],[1.6986],[1.3603],[0.756],[-0.0766],[-1.0071],[-1.7915],[-2.2652],[-2.4064],[-2.3496],[-2.295],[-2.3525],[-2.4894],[-2.5738],[-2.4894],[-2.2064],[-1.7865],[-1.2929],[-0.7326],[-0.0674],[2.6631],[2.0468],[1.6142],[1.3376],[1.1525],[1.0418],[1.0184],[1.0887],[1.2163],[1.2418],[0.9716],[0.3319],[-0.5965],[-1.5667],[-2.3383],[-2.7957],[-2.9936],[-3.0752],[-3.0943],[-3.0135],[-2.7071],[-2.1603],[-1.4972],[-0.9262],[-0.5652],[-0.3638],[-0.1184],[1.8773],[1.1738],[0.6936],[0.4106],[0.2348],[0.1014],[0.0241],[0.0638],[0.2319],[0.4262],[0.4383],[0.1227],[-0.5369],[-1.3638],[-2.1255],[-2.6681],[-2.9929],[-3.1546],[-3.1738],[-2.9305],[-2.3277],[-1.4454],[-0.5291],[0.0738],[0.2021],[-0.0234],[-0.2518],[1.105],[0.4135],[-0.0702],[-0.3582],[-0.5532],[-0.7411],[-0.9567],[-1.1142],[-1.1163],[-0.9667],[-0.7567],[-0.6667],[-0.7922],[-1.1255],[-1.5418],[-1.9447],[-2.2901],[-2.5454],[-2.6355],[-2.4007],[-1.7284],[-0.7411],[0.2092],[0.7291],[0.6745],[0.2262],[-0.2099],[0.3496],[-0.2816],[-0.8],[-1.1113],[-1.2681],[-1.3887],[-1.5858],[-1.8553],[-2.0851],[-2.1234],[-1.9284],[-1.5766],[-1.2262],[-1.0255],[-1.034],[-1.2312],[-1.5617],[-1.8957],[-2.0652],[-1.8752],[-1.2447],[-0.3277],[0.5064],[0.8943],[0.7667],[0.3816],[0.083],[-0.3929],[-0.978],[-1.4957],[-1.7582],[-1.7348],[-1.6],[-1.5894],[-1.8184],[-2.2163],[-2.544],[-2.5787],[-2.2624],[-1.7411],[-1.2574],[-1.0099],[-1.0645],[-1.3482],[-1.6716],[-1.8305],[-1.6305],[-1.0234],[-0.1965],[0.495],[0.7794],[0.6929],[0.5234],[0.5525],[-1.0035],[-1.4957],[-1.9021],[-1.9979],[-1.7418],[-1.3759],[-1.2106],[-1.4312],[-1.9489],[-2.4993],[-2.7695],[-2.6213],[-2.1567],[-1.6504],[-1.3355],[-1.3021],[-1.4794],[-1.7191],[-1.8199],[-1.6404],[-1.1078],[-0.3617],[0.3007],[0.6383],[0.7071],[0.7894],[1.0816],[-1.3645],[-1.7106],[-1.9014],[-1.7716],[-1.4],[-1.061],[-1.0489],[-1.3965],[-1.9454],[-2.4213],[-2.6156],[-2.4766],[-2.1284],[-1.7638],[-1.544],[-1.4943],[-1.5709],[-1.7206],[-1.8631],[-1.8631],[-1.5426],[-0.878],[-0.0844],[0.5468],[0.9142],[1.1993],[1.5518],[-1.5553],[-1.7418],[-1.7113],[-1.4234],[-1.0865],[-1.0113],[-1.3227],[-1.8248],[-2.1851],[-2.2284],[-1.9915],[-1.6702],[-1.4631],[-1.4397],[-1.5355],[-1.6142],[-1.6447],[-1.734],[-1.983],[-2.2624],[-2.2255],[-1.6128],[-0.561],[0.505],[1.2454],[1.6319],[1.834],[-1.6355],[-1.6972],[-1.5532],[-1.2035],[-0.9759],[-1.1355],[-1.6404],[-2.1064],[-2.1149],[-1.6199],[-0.9411],[-0.5135],[-0.5716],[-1.0333],[-1.5738],[-1.8837],[-1.9227],[-1.9454],[-2.2043],[-2.627],[-2.734],[-2.1064],[-0.7901],[0.6858],[1.7184],[2.1213],[2.0475],[-1.5298],[-1.4596],[-1.2518],[-0.9447],[-0.7993],[-1.0255],[-1.5043],[-1.7872],[-1.5319],[-0.7993],[-0.0582],[0.2163],[-0.1652],[-0.983],[-1.7837],[-2.2191],[-2.2319],[-2.1525],[-2.2809],[-2.5879],[-2.6113],[-1.895],[-0.4362],[1.2262],[2.4099],[2.7979],[2.5057],[-1.0482],[-0.8057],[-0.5447],[-0.2972],[-0.2418],[-0.4837],[-0.8851],[-1.0936],[-0.8752],[-0.3624],[0.0482],[0.0078],[-0.5213],[-1.2603],[-1.8631],[-2.0993],[-2.0227],[-1.8766],[-1.8766],[-1.973],[-1.8085],[-1.0241],[0.3908],[1.9823],[3.161],[3.5567],[3.1631],[-0.166],[0.1894],[0.4837],[0.6652],[0.6092],[0.2674],[-0.2035],[-0.5248],[-0.5816],[-0.4879],[-0.505],[-0.7667],[-1.1688],[-1.4397],[-1.4426],[-1.2511],[-1.0447],[-0.9631],[-1.0113],[-1.0305],[-0.7589],[-0.0021],[1.2248],[2.5901],[3.6],[3.9],[3.3837],[0.866],[1.0823],[1.3043],[1.4177],[1.2475],[0.7738],[0.1589],[-0.3518],[-0.639],[-0.8],[-1.0298],[-1.3071],[-1.4312],[-1.1809],[-0.5957],[0.0113],[0.322],[0.2645],[0.0142],[-0.1305],[0.0433],[0.6709],[1.6865],[2.7872],[3.5071],[3.4723],[2.6348],[1.6787],[1.5099],[1.5277],[1.5567],[1.3546],[0.822],[0.1191],[-0.4723],[-0.8135],[-0.9879],[-1.134],[-1.2319],[-1.0596],[-0.4702],[0.4106],[1.1922],[1.5177],[1.3447],[0.9078],[0.5262],[0.4596],[0.8766],[1.7355],[2.661],[3.0525],[2.5277],[1.2284],[2.0291],[1.5064],[1.2887],[1.2213],[1.0163],[0.5191],[-0.1518],[-0.7298],[-1.0489],[-1.1262],[-1.0404],[-0.8014],[-0.305],[0.4837],[1.3752],[2.0511],[2.2773],[2.0596],[1.5582],[0.9809],[0.627],[0.7865],[1.505],[2.3262],[2.4723],[1.5525],[-0.0596]]}]