html/data/WT_san09_ind_wt_1_6.json
[{"header":{"disciplineName":["Meteorological products"],"parameterCategory":[0],"parameterCategoryName":["Temperature"],"parameterNumberName":["Temperature"],"parameterNumber":[0],"parameterUnits":["K"],"refTime":["2017-03-17T0000:00.000Z"],"numberPoints":[621],"nx":[27],"ny":[23],"lo1":[-20],"la1":[70],"lo2":[45],"la2":[45],"dx":[2.5],"dy":[2.5]},"data":[[-13.6158],[-12.6281],[-11.7404],[-10.9674],[-10.3121],[-9.7897],[-9.3993],[-9.1135],[-8.9212],[-8.8231],[-8.8021],[-8.8491],[-8.9582],[-9.1203],[-9.3276],[-9.5724],[-9.8436],[-10.1322],[-10.4313],[-10.7368],[-11.0495],[-11.3801],[-11.7253],[-12.1043],[-12.5189],[-12.9952],[-13.5011],[-10.0404],[-9.3377],[-8.7897],[-8.387],[-8.0925],[-7.9011],[-7.7642],[-7.6724],[-7.6075],[-7.5751],[-7.5797],[-7.6349],[-7.7514],[-7.9368],[-8.1856],[-8.5043],[-8.8737],[-9.2847],[-9.7221],[-10.1532],[-10.5852],[-10.9998],[-11.3975],[-11.7838],[-12.1879],[-12.6107],[-13.0765],[-6.6829],[-6.3811],[-6.2354],[-6.1993],[-6.2217],[-6.2623],[-6.3053],[-6.3331],[-6.3573],[-6.3961],[-6.4678],[-6.5957],[-6.7774],[-7.0326],[-7.3541],[-7.7372],[-8.1788],[-8.6733],[-9.1957],[-9.7322],[-10.2587],[-10.7454],[-11.1847],[-11.5779],[-11.9386],[-12.2911],[-12.6664],[-4.5313],[-4.4541],[-4.4765],[-4.5486],[-4.6358],[-4.7203],[-4.8007],[-4.9021],[-5.0345],[-5.2176],[-5.4678],[-5.7779],[-6.1235],[-6.4856],[-6.8523],[-7.2158],[-7.5975],[-8.0107],[-8.4674],[-8.966],[-9.4897],[-10.0002],[-10.4701],[-10.8801],[-11.239],[-11.5705],[-11.9244],[-3.5747],[-3.4212],[-3.3221],[-3.2537],[-3.2212],[-3.2345],[-3.3043],[-3.4582],[-3.7148],[-4.0788],[-4.5404],[-5.0404],[-5.5436],[-5.9934],[-6.3642],[-6.6692],[-6.9276],[-7.2043],[-7.5368],[-7.9527],[-8.4336],[-8.9409],[-9.4235],[-9.8491],[-10.2043],[-10.5459],[-10.9075],[-2.9226],[-2.5893],[-2.329],[-2.1532],[-2.0568],[-2.0555],[-2.1495],[-2.3486],[-2.66],[-3.0829],[-3.5847],[-4.1377],[-4.6733],[-5.155],[-5.5432],[-5.8568],[-6.1217],[-6.4048],[-6.7568],[-7.1943],[-7.7016],[-8.2158],[-8.6705],[-9.0322],[-9.3039],[-9.555],[-9.8614],[-1.8756],[-1.5089],[-1.2788],[-1.1847],[-1.2139],[-1.3167],[-1.4842],[-1.6952],[-1.9619],[-2.2911],[-2.6947],[-3.1495],[-3.629],[-4.1053],[-4.5564],[-4.9884],[-5.4075],[-5.8395],[-6.3212],[-6.8436],[-7.3961],[-7.8975],[-8.2902],[-8.5381],[-8.6587],[-8.745],[-8.9103],[-0.4756],[-0.2354],[-0.1596],[-0.2413],[-0.4377],[-0.6751],[-0.9057],[-1.1231],[-1.3596],[-1.6418],[-1.9902],[-2.4025],[-2.8756],[-3.3788],[-3.903],[-4.4372],[-4.9573],[-5.4495],[-5.9199],[-6.3856],[-6.8427],[-7.2619],[-7.5925],[-7.797],[-7.8747],[-7.908],[-8.0148],[0.8674],[1.0158],[1.0107],[0.8473],[0.5897],[0.3107],[0.0532],[-0.2112],[-0.5194],[-0.9107],[-1.3865],[-1.9212],[-2.4701],[-3.0194],[-3.5628],[-4.0847],[-4.5413],[-4.9002],[-5.1518],[-5.3463],[-5.5441],[-5.7966],[-6.0833],[-6.361],[-6.5674],[-6.7395],[-6.9482],[1.9719],[2.1249],[2.1308],[2.0021],[1.771],[1.5121],[1.2432],[0.9326],[0.534],[0.0162],[-0.5833],[-1.2135],[-1.7975],[-2.3354],[-2.8454],[-3.3295],[-3.7432],[-4.003],[-4.0792],[-4.0235],[-3.9674],[-4.0171],[-4.2199],[-4.5276],[-4.8564],[-5.1632],[-5.4651],[2.9354],[3.0614],[3.0783],[2.9427],[2.7089],[2.4422],[2.1783],[1.8911],[1.5427],[1.0984],[0.5979],[0.0952],[-0.3724],[-0.8345],[-1.3377],[-1.9021],[-2.4578],[-2.8747],[-3.0523],[-3.0176],[-2.8751],[-2.776],[-2.8244],[-2.9842],[-3.1975],[-3.3966],[-3.6066],[3.8126],[3.8683],[3.8107],[3.6253],[3.3495],[3.0537],[2.7874],[2.5728],[2.3801],[2.1751],[1.9413],[1.6897],[1.3957],[1.0089],[0.4646],[-0.2317],[-0.9824],[-1.6295],[-2.0304],[-2.1674],[-2.1135],[-2.0034],[-1.9148],[-1.8683],[-1.8395],[-1.8153],[-1.8011],[4.597],[4.5642],[4.4669],[4.2989],[4.0587],[3.7742],[3.5126],[3.318],[3.2075],[3.1445],[3.0724],[2.9422],[2.7126],[2.3377],[1.7856],[1.1016],[0.4062],[-0.1742],[-0.5541],[-0.75],[-0.8162],[-0.8121],[-0.771],[-0.7057],[-0.6153],[-0.5053],[-0.3623],[5.2696],[5.2057],[5.1564],[5.1304],[5.0518],[4.8605],[4.5884],[4.3194],[4.129],[4.0039],[3.8733],[3.6852],[3.4075],[3.0299],[2.5687],[2.0934],[1.7057],[1.4733],[1.3856],[1.3285],[1.2322],[1.1171],[1.0249],[0.955],[0.8811],[0.85],[0.9546],[5.9007],[5.8281],[5.8742],[6.0167],[6.1107],[6.0194],[5.7395],[5.3947],[5.1011],[4.8568],[4.608],[4.3167],[4.0158],[3.7071],[3.4084],[3.1299],[2.9797],[3.0075],[3.1473],[3.229],[3.1925],[3.1048],[3.0527],[3.0025],[2.8258],[2.5989],[2.6043],[6.5212],[6.4747],[6.6039],[6.8436],[7.0153],[6.9582],[6.7007],[6.3925],[6.1272],[5.8879],[5.597],[5.2669],[4.9792],[4.7779],[4.5961],[4.3801],[4.1934],[4.1614],[4.2719],[4.387],[4.4336],[4.5381],[4.8121],[5.097],[5.0751],[4.7317],[4.5568],[7.1715],[7.245],[7.4756],[7.7377],[7.8742],[7.8167],[7.6276],[7.4605],[7.3637],[7.2363],[6.9669],[6.5696],[6.2212],[6.018],[5.8765],[5.6349],[5.324],[5.1377],[5.1683],[5.3071],[5.4386],[5.7422],[6.3874],[7.1436],[7.4368],[7.0212],[6.4838],[7.9587],[8.2842],[8.6564],[8.9148],[8.9801],[8.9139],[8.8404],[8.8336],[8.9071],[8.9002],[8.6409],[8.1199],[7.5655],[7.2066],[7.0212],[6.7984],[6.4865],[6.3135],[6.4587],[6.7495],[6.9838],[7.3071],[8.0842],[9.1975],[9.8769],[9.5194],[8.5724],[9.1363],[9.7317],[10.2144],[10.4285],[10.4404],[10.4053],[10.4281],[10.5167],[10.645],[10.7153],[10.4984],[9.8947],[9.1194],[8.5491],[8.2947],[8.1208],[7.8683],[7.7628],[8.0683],[8.6071],[8.9655],[9.1943],[9.8719],[11.1925],[12.387],[12.45],[11.4043],[10.8728],[11.6162],[12.1258],[12.2632],[12.2304],[12.2468],[12.3354],[12.4025],[12.4651],[12.5313],[12.4007],[11.8418],[10.9737],[10.2916],[10.0436],[9.9413],[9.6509],[9.3847],[9.6071],[10.2792],[10.8454],[11.108],[11.6724],[13.0842],[14.7751],[15.4842],[14.7505],[13.0838],[13.8395],[14.2975],[14.3751],[14.3121],[14.3555],[14.4555],[14.4491],[14.3674],[14.3468],[14.2313],[13.7185],[12.8687],[12.2527],[12.2007],[12.3171],[12.0203],[11.4276],[11.2888],[11.9062],[12.7559],[13.3103],[13.892],[15.1468],[16.8263],[17.8002],[17.3231],[15.3532],[16.0546],[16.4916],[16.5678],[16.4925],[16.508],[16.5824],[16.5217],[16.3432],[16.1952],[15.9683],[15.3934],[14.5788],[14.1281],[14.4354],[14.9952],[14.9623],[14.2546],[13.739],[14.1331],[15.1979],[16.2025],[16.9463],[17.7838],[18.7039],[19.0199],[18.2062],[17.1258],[17.7678],[18.2281],[18.3769],[18.3048],[18.2505],[18.2797],[18.271],[18.161],[17.9806],[17.6358],[16.9829],[16.219],[15.945],[16.5381],[17.5203],[17.9646],[17.5126],[16.8445],[16.903],[17.8952],[19.2459],[20.3011],[20.8039],[20.6852],[19.7934],[18.1436]]},{"header":{"disciplineName":["Meteorological products"],"parameterCategory":[2],"parameterCategoryName":["u-component of wind"],"parameterNumberName":["u-component of wind"],"parameterNumber":[2],"parameterUnits":["m s-1"],"refTime":["2017-03-17T0000:00.000Z"],"numberPoints":[621],"nx":[27],"ny":[23],"lo1":[-20],"la1":[70],"lo2":[45],"la2":[45],"dx":[2.5],"dy":[2.5]},"data":[[4.3543],[4.8402],[5.1808],[5.4105],[5.5457],[5.637],[5.721],[5.8297],[5.9753],[6.1589],[6.3575],[6.5521],[6.6977],[6.7795],[6.7927],[6.7288],[6.6055],[6.4416],[6.253],[6.0553],[5.8534],[5.6493],[5.4411],[5.2315],[5.0169],[4.8192],[4.6365],[4.2904],[4.9749],[5.468],[5.7831],[5.979],[6.1132],[6.2511],[6.4397],[6.6954],[7.0018],[7.3338],[7.626],[7.8228],[7.8881],[7.8073],[7.5913],[7.2849],[6.9311],[6.5735],[6.2475],[5.9817],[5.758],[5.5886],[5.4548],[5.3461],[5.2813],[5.2553],[4.8119],[5.4918],[5.9954],[6.3525],[6.6137],[6.8342],[7.0612],[7.3256],[7.6502],[7.9968],[8.3224],[8.5667],[8.647],[8.5411],[8.2384],[7.779],[7.2324],[6.6763],[6.1845],[5.8032],[5.5612],[5.4429],[5.437],[5.5064],[5.6311],[5.79],[5.9817],[6.2],[6.6694],[7.0689],[7.4151],[7.7059],[7.947],[8.1393],[8.3023],[8.4365],[8.5457],[8.5968],[8.5589],[8.3963],[8.0913],[7.6525],[7.1374],[6.6128],[6.1493],[5.8023],[5.6041],[5.5607],[5.6438],[5.8224],[6.0671],[6.3457],[6.637],[6.9306],[8.1114],[8.3269],[8.5959],[8.8886],[9.1402],[9.2813],[9.2849],[9.1411],[8.8868],[8.5635],[8.2105],[7.8379],[7.4562],[7.0749],[6.7237],[6.4347],[6.237],[6.1566],[6.1836],[6.2895],[6.4479],[6.6315],[6.8315],[7.0397],[7.258],[7.479],[7.6963],[9.9242],[9.9836],[10.1233],[10.2977],[10.4105],[10.3607],[10.1178],[9.6881],[9.1516],[8.5763],[8.0297],[7.5411],[7.1292],[6.8096],[6.6164],[6.5621],[6.653],[6.8493],[7.0909],[7.3041],[7.4507],[7.5196],[7.5438],[7.5626],[7.5991],[7.6781],[7.7909],[11.3297],[11.2516],[11.2059],[11.1333],[10.9648],[10.6626],[10.2269],[9.7306],[9.2333],[8.8],[8.4557],[8.1539],[7.8858],[7.6621],[7.5032],[7.4434],[7.4817],[7.5822],[7.6735],[7.6927],[7.6324],[7.5137],[7.3936],[7.3205],[7.2968],[7.3256],[7.4009],[12.1918],[11.9306],[11.5963],[11.1753],[10.6849],[10.1425],[9.6132],[9.168],[8.8694],[8.7164],[8.6603],[8.6164],[8.5233],[8.3603],[8.1557],[7.9689],[7.8169],[7.679],[7.5247],[7.3425],[7.1534],[7.0397],[7.0183],[7.0922],[7.1968],[7.2744],[7.2991],[12.2763],[11.79],[11.2151],[10.5717],[9.9055],[9.268],[8.7032],[8.2566],[7.9525],[7.7872],[7.7087],[7.6539],[7.5731],[7.4598],[7.3342],[7.2301],[7.1411],[7.0475],[6.9324],[6.8205],[6.7973],[6.9196],[7.2046],[7.5479],[7.8105],[7.8781],[7.7575],[11.39],[10.7648],[10.121],[9.4941],[8.9018],[8.3429],[7.8032],[7.2735],[6.7548],[6.2708],[5.8498],[5.511],[5.2881],[5.2087],[5.2795],[5.4676],[5.7205],[5.9644],[6.1566],[6.3365],[6.6064],[7.0251],[7.5562],[8.0772],[8.3918],[8.4215],[8.1872],[9.8142],[9.1489],[8.5429],[8.0014],[7.5269],[7.089],[6.6475],[6.1539],[5.5831],[4.9648],[4.3548],[3.8374],[3.4922],[3.3776],[3.5009],[3.832],[4.2913],[4.7689],[5.2],[5.5963],[6.0256],[6.5457],[7.1242],[7.6562],[7.9932],[8.0799],[7.9881],[8.0895],[7.4037],[6.7685],[6.195],[5.7],[5.316],[5.0466],[4.837],[4.6297],[4.39],[4.105],[3.789],[3.4845],[3.2553],[3.1735],[3.2868],[3.5831],[3.9694],[4.3694],[4.7452],[5.1082],[5.5078],[5.953],[6.4023],[6.7954],[7.1055],[7.3712],[6.4187],[5.7311],[5.0676],[4.4616],[3.9881],[3.7215],[3.6973],[3.8671],[4.158],[4.484],[4.7511],[4.8553],[4.7484],[4.4735],[4.1667],[3.974],[3.9913],[4.1731],[4.421],[4.6388],[4.8105],[4.9849],[5.2096],[5.532],[5.9447],[6.4187],[6.9151],[4.7224],[4.1242],[3.632],[3.2831],[3.1347],[3.2114],[3.4667],[3.8132],[4.2324],[4.7114],[5.2192],[5.6352],[5.8374],[5.7776],[5.5881],[5.4379],[5.4443],[5.568],[5.705],[5.7493],[5.6968],[5.6196],[5.6114],[5.7626],[6.0703],[6.4826],[6.8703],[3.1164],[2.7146],[2.5484],[2.6589],[3.0269],[3.5224],[3.9402],[4.1639],[4.2498],[4.3977],[4.7836],[5.3763],[5.9872],[6.442],[6.7393],[6.9854],[7.232],[7.4151],[7.4484],[7.2922],[7.0333],[6.7772],[6.6228],[6.6393],[6.8164],[7.0589],[7.1804],[1.9639],[1.7712],[1.8169],[2.1557],[2.7429],[3.3644],[3.7384],[3.7196],[3.4589],[3.3429],[3.6945],[4.5288],[5.5758],[6.5438],[7.2945],[7.8689],[8.2721],[8.4274],[8.3082],[8.0032],[7.6799],[7.4699],[7.3909],[7.4516],[7.6525],[7.8968],[8.0087],[1.3584],[1.326],[1.3557],[1.5534],[1.932],[2.3416],[2.5721],[2.5224],[2.3589],[2.4489],[3.063],[4.1434],[5.3516],[6.363],[7.0849],[7.5927],[7.9142],[7.9858],[7.8059],[7.5589],[7.4607],[7.5785],[7.8087],[8.1009],[8.4909],[8.9849],[9.3826],[1.0881],[1.2151],[1.2648],[1.3507],[1.5242],[1.7621],[1.9986],[2.2132],[2.49],[3.0078],[3.8361],[4.8041],[5.616],[6.0868],[6.3142],[6.4858],[6.6767],[6.789],[6.7795],[6.8352],[7.1374],[7.6731],[8.2466],[8.7571],[9.3215],[10.0146],[10.6804],[1.1804],[1.5219],[1.7868],[2.074],[2.4174],[2.8146],[3.2557],[3.7826],[4.3881],[5.0521],[5.6703],[6.0868],[6.1534],[5.9183],[5.6457],[5.6123],[5.8402],[6.137],[6.3872],[6.6945],[7.2247],[7.9288],[8.5895],[9.1283],[9.6721],[10.3068],[10.8543],[2.0082],[2.468],[2.9137],[3.4521],[4.0479],[4.6324],[5.2041],[5.7872],[6.3416],[6.7767],[6.9676],[6.8379],[6.4183],[5.8991],[5.5753],[5.6361],[6.011],[6.4256],[6.726],[6.9726],[7.311],[7.7475],[8.1639],[8.5306],[8.9402],[9.3242],[9.4434],[3.3151],[3.6986],[4.0123],[4.4018],[4.8457],[5.2548],[5.6023],[5.9164],[6.1932],[6.3671],[6.3553],[6.1502],[5.8384],[5.5941],[5.5845],[5.8575],[6.2826],[6.6374],[6.7749],[6.7461],[6.6658],[6.605],[6.6132],[6.7598],[7.0233],[7.168],[6.8598],[3.7881],[4.0183],[4.0365],[3.99],[3.9534],[3.8973],[3.8215],[3.7845],[3.8233],[3.9201],[4.0251],[4.0986],[4.1863],[4.3256],[4.5712],[4.9046],[5.2416],[5.4676],[5.526],[5.39],[5.0886],[4.7068],[4.4228],[4.3776],[4.495],[4.4338],[3.858],[2.1228],[2.3215],[2.2461],[1.99],[1.6763],[1.3804],[1.0982],[0.895],[0.8466],[0.9749],[1.2283],[1.5205],[1.7753],[1.9945],[2.1831],[2.3635],[2.5598],[2.7831],[2.9854],[3.0648],[2.9269],[2.616],[2.3169],[2.1658],[2.0566],[1.7137],[0.9411]]},{"header":{"disciplineName":["Meteorological products"],"parameterCategory":[2],"parameterCategoryName":["v-component of wind"],"parameterNumberName":["v-component of wind"],"parameterNumber":[3],"parameterUnits":["m s-1"],"refTime":["2017-03-17T0000:00.000Z"],"numberPoints":[621],"nx":[27],"ny":[23],"lo1":[-20],"la1":[70],"lo2":[45],"la2":[45],"dx":[2.5],"dy":[2.5]},"data":[[1.1009],[1.2804],[1.4612],[1.6105],[1.6954],[1.7037],[1.6151],[1.4265],[1.142],[0.7699],[0.332],[-0.142],[-0.6132],[-1.0571],[-1.4361],[-1.7416],[-1.9808],[-2.158],[-2.3068],[-2.4411],[-2.5808],[-2.711],[-2.8155],[-2.8685],[-2.8301],[-2.7009],[-2.4562],[2.9658],[2.8443],[2.6721],[2.458],[2.2333],[2.0205],[1.8032],[1.5753],[1.3146],[0.9717],[0.5635],[0.0795],[-0.4461],[-0.9635],[-1.4283],[-1.8137],[-2.1041],[-2.3237],[-2.4982],[-2.6639],[-2.8347],[-3.0068],[-3.142],[-3.2091],[-3.1406],[-2.9196],[-2.5539],[4.6872],[4.2594],[3.7575],[3.2466],[2.7932],[2.4329],[2.1658],[1.9566],[1.7388],[1.4301],[0.9886],[0.389],[-0.3269],[-1.079],[-1.7735],[-2.3306],[-2.7146],[-2.9292],[-3.0247],[-3.0543],[-3.0644],[-3.0731],[-3.0653],[-2.9776],[-2.784],[-2.4479],[-1.9753],[5.6416],[5.0735],[4.4283],[3.7744],[3.1836],[2.7237],[2.3813],[2.1388],[1.9105],[1.5973],[1.105],[0.4032],[-0.4744],[-1.4087],[-2.274],[-2.9402],[-3.3425],[-3.4831],[-3.4237],[-3.2393],[-3.0041],[-2.7667],[-2.5164],[-2.2434],[-1.9096],[-1.5114],[-1.0658],[5.9128],[5.4183],[4.8269],[4.142],[3.421],[2.7384],[2.1553],[1.7037],[1.3507],[0.9945],[0.5315],[-0.1078],[-0.8986],[-1.7548],[-2.532],[-3.1091],[-3.4123],[-3.4539],[-3.2973],[-3.0215],[-2.6845],[-2.3265],[-1.9434],[-1.5342],[-1.1178],[-0.7087],[-0.3507],[5.8667],[5.5489],[5.0872],[4.3963],[3.4868],[2.4772],[1.5219],[0.7525],[0.21],[-0.1644],[-0.5018],[-0.9151],[-1.4324],[-2.0018],[-2.5123],[-2.8658],[-3.0183],[-3.0096],[-2.8872],[-2.6913],[-2.4457],[-2.1228],[-1.7178],[-1.2502],[-0.7658],[-0.3338],[-0.0068],[5.5553],[5.3484],[4.9507],[4.2388],[3.2018],[1.9653],[0.7653],[-0.1895],[-0.7963],[-1.1187],[-1.3087],[-1.5306],[-1.8493],[-2.2288],[-2.5571],[-2.7594],[-2.8242],[-2.7977],[-2.7315],[-2.6338],[-2.4616],[-2.153],[-1.7068],[-1.1662],[-0.6256],[-0.1658],[0.1658],[4.8918],[4.5886],[4.1402],[3.4342],[2.432],[1.2493],[0.1146],[-0.7557],[-1.258],[-1.4639],[-1.5589],[-1.7361],[-2.0703],[-2.4881],[-2.8571],[-3.0667],[-3.1196],[-3.0571],[-2.942],[-2.7557],[-2.4534],[-1.9918],[-1.4091],[-0.8187],[-0.3279],[0.0201],[0.2639],[3.9763],[3.4443],[2.8941],[2.2411],[1.4196],[0.4694],[-0.4616],[-1.1804],[-1.5726],[-1.6804],[-1.7046],[-1.8493],[-2.195],[-2.674],[-3.11],[-3.3667],[-3.4091],[-3.2922],[-3.0429],[-2.6516],[-2.0849],[-1.3731],[-0.6667],[-0.1402],[0.105],[0.1329],[0.1164],[3.0365],[2.3534],[1.7539],[1.1895],[0.5484],[-0.237],[-1.1059],[-1.8562],[-2.3205],[-2.4411],[-2.353],[-2.2795],[-2.3721],[-2.6224],[-2.9091],[-3.089],[-3.0995],[-2.9466],[-2.6374],[-2.1242],[-1.3968],[-0.5543],[0.1502],[0.484],[0.374],[0.0046],[-0.2845],[2.1557],[1.49],[0.9128],[0.4155],[-0.1315],[-0.8699],[-1.8027],[-2.7333],[-3.3895],[-3.6014],[-3.3895],[-2.9822],[-2.6242],[-2.4233],[-2.3689],[-2.3502],[-2.2945],[-2.1635],[-1.8895],[-1.4169],[-0.7087],[0.0854],[0.6776],[0.8091],[0.4438],[-0.1338],[-0.5356],[1.2744],[0.7096],[0.142],[-0.3589],[-0.8511],[-1.4822],[-2.3055],[-3.2324],[-3.9749],[-4.274],[-4.068],[-3.5205],[-2.8831],[-2.3717],[-2.0361],[-1.8333],[-1.6817],[-1.5155],[-1.2548],[-0.8132],[-0.1795],[0.5183],[0.9854],[1.0187],[0.6301],[0.1114],[-0.1945],[0.4639],[-0.0329],[-0.6502],[-1.2027],[-1.6082],[-1.9543],[-2.39],[-2.9826],[-3.5895],[-3.9826],[-3.99],[-3.6397],[-3.1164],[-2.6146],[-2.2201],[-1.9082],[-1.6233],[-1.3082],[-0.9082],[-0.3685],[0.2836],[0.9146],[1.31],[1.3352],[1.0717],[0.768],[0.6429],[-0.2027],[-0.5881],[-1.19],[-1.7425],[-2.0402],[-2.0826],[-2.1009],[-2.3192],[-2.7566],[-3.2274],[-3.5068],[-3.4904],[-3.2406],[-2.9],[-2.5598],[-2.2082],[-1.8247],[-1.353],[-0.7763],[-0.1155],[0.5868],[1.1881],[1.5434],[1.5886],[1.4571],[1.3658],[1.4023],[-0.726],[-0.8594],[-1.2411],[-1.6575],[-1.8662],[-1.8356],[-1.768],[-1.9018],[-2.2909],[-2.7639],[-3.1005],[-3.1662],[-3.0151],[-2.7708],[-2.51],[-2.2438],[-1.9027],[-1.4603],[-0.9082],[-0.263],[0.3941],[0.9662],[1.3224],[1.4466],[1.4548],[1.5205],[1.6511],[-1.1311],[-0.9311],[-0.9767],[-1.1676],[-1.3502],[-1.4868],[-1.6635],[-1.9726],[-2.3434],[-2.6128],[-2.6484],[-2.4904],[-2.2653],[-2.1064],[-2.0443],[-2.005],[-1.8977],[-1.6845],[-1.3589],[-0.9192],[-0.3904],[0.189],[0.6963],[1.0525],[1.2909],[1.4831],[1.6283],[-1.3005],[-0.9055],[-0.7251],[-0.7534],[-0.9589],[-1.2941],[-1.7379],[-2.1662],[-2.368],[-2.2342],[-1.8269],[-1.4009],[-1.2183],[-1.3393],[-1.6233],[-1.8767],[-2.0005],[-2.0078],[-1.9237],[-1.721],[-1.2941],[-0.6187],[0.2037],[0.979],[1.5612],[1.8959],[1.9685],[-1.111],[-0.7639],[-0.5886],[-0.6],[-0.8023],[-1.1913],[-1.6826],[-2.0196],[-1.9553],[-1.4575],[-0.7973],[-0.3959],[-0.4954],[-0.9909],[-1.5553],[-1.937],[-2.0904],[-2.1493],[-2.1826],[-2.0995],[-1.7096],[-0.879],[0.316],[1.5607],[2.4982],[2.9603],[2.895],[-0.6279],[-0.4406],[-0.3863],[-0.4164],[-0.5658],[-0.8708],[-1.2461],[-1.4425],[-1.2493],[-0.7055],[-0.1708],[-0.0511],[-0.4594],[-1.1123],[-1.6279],[-1.8311],[-1.8457],[-1.868],[-1.942],[-1.9032],[-1.4781],[-0.5037],[0.9397],[2.4703],[3.6311],[4.1073],[3.8562],[0.0297],[0.0612],[0.0553],[0.0612],[0.011],[-0.1804],[-0.4699],[-0.6694],[-0.6142],[-0.3475],[-0.1753],[-0.3644],[-0.8461],[-1.284],[-1.4032],[-1.2685],[-1.1726],[-1.2671],[-1.4288],[-1.389],[-0.911],[0.1356],[1.6324],[3.1868],[4.268],[4.5502],[4.0183],[0.8178],[0.6941],[0.6447],[0.7014],[0.7183],[0.5744],[0.2689],[-0.0616],[-0.2598],[-0.337],[-0.4553],[-0.7516],[-1.0502],[-1.0671],[-0.7406],[-0.3822],[-0.3361],[-0.6055],[-0.8689],[-0.8096],[-0.2886],[0.7315],[2.1201],[3.474],[4.2411],[4.0831],[3.1183],[1.605],[1.2708],[1.1242],[1.1183],[1.0858],[0.8927],[0.5256],[0.0804],[-0.2776],[-0.4977],[-0.6393],[-0.7795],[-0.7758],[-0.4434],[0.1233],[0.5183],[0.4493],[0.0753],[-0.1872],[-0.1132],[0.3352],[1.1534],[2.3178],[3.4297],[3.8142],[3.1219],[1.6616],[2.0562],[1.5511],[1.2516],[1.0744],[0.8826],[0.5749],[0.1566],[-0.3096],[-0.6767],[-0.8237],[-0.7603],[-0.5644],[-0.221],[0.3205],[0.9201],[1.2333],[1.1301],[0.8434],[0.6877],[0.7251],[0.8758],[1.2909],[2.1279],[3.0119],[3.1237],[2.0329],[0.2489]]}]