html/data/WT_san09_ind_wt_8_4.json
[{"header":{"disciplineName":["Meteorological products"],"parameterCategory":[0],"parameterCategoryName":["Temperature"],"parameterNumberName":["Temperature"],"parameterNumber":[0],"parameterUnits":["K"],"refTime":["2017-03-17T0000:00.000Z"],"numberPoints":[621],"nx":[27],"ny":[23],"lo1":[-20],"la1":[70],"lo2":[45],"la2":[45],"dx":[2.5],"dy":[2.5]},"data":[[0.0048],[0.3339],[0.6435],[0.9177],[1.1532],[1.379],[1.5694],[1.779],[1.9726],[2.1758],[2.3855],[2.5597],[2.7081],[2.7855],[2.821],[2.7855],[2.7048],[2.5758],[2.4145],[2.2403],[2.0661],[1.8887],[1.7274],[1.5726],[1.421],[1.2726],[1.0952],[0.9242],[1.1694],[1.3919],[1.6016],[1.7952],[1.9952],[2.221],[2.4823],[2.7565],[3.0435],[3.3242],[3.5435],[3.7081],[3.7919],[3.7952],[3.7274],[3.6306],[3.4919],[3.3306],[3.2113],[3.0823],[2.979],[2.8919],[2.8113],[2.7274],[2.6565],[2.5565],[1.8823],[2.0339],[2.1694],[2.3081],[2.4468],[2.6403],[2.8661],[3.1532],[3.4597],[3.779],[4.0629],[4.2855],[4.4113],[4.4532],[4.4145],[4.35],[4.2661],[4.2081],[4.1855],[4.179],[4.1855],[4.1952],[4.1952],[4.1661],[4.1016],[4.0339],[3.9629],[2.8694],[2.9952],[3.0984],[3.1823],[3.3016],[3.4532],[3.6694],[3.95],[4.2823],[4.6081],[4.8919],[5.0887],[5.1823],[5.1984],[5.1371],[5.079],[5.0435],[5.0726],[5.1468],[5.2629],[5.3661],[5.4403],[5.4694],[5.4274],[5.3532],[5.2726],[5.1952],[3.8145],[4.0016],[4.1468],[4.2435],[4.3048],[4.4016],[4.5629],[4.8081],[5.1274],[5.4565],[5.7597],[5.9823],[6.0952],[6.1113],[6.0629],[5.9887],[5.9403],[5.9371],[5.979],[6.0694],[6.15],[6.2339],[6.2919],[6.2952],[6.3016],[6.3371],[6.4113],[4.8048],[5.1242],[5.3435],[5.4177],[5.4371],[5.4274],[5.4758],[5.6371],[5.8726],[6.1726],[6.4597],[6.721],[6.8726],[6.9468],[6.9145],[6.8339],[6.7081],[6.5919],[6.5177],[6.5048],[6.5435],[6.6565],[6.8242],[7.0435],[7.3113],[7.6081],[7.9242],[5.9984],[6.3694],[6.5726],[6.621],[6.5597],[6.479],[6.4403],[6.4823],[6.621],[6.8242],[7.0532],[7.2855],[7.4758],[7.5919],[7.621],[7.5435],[7.4242],[7.2726],[7.1565],[7.1274],[7.2242],[7.4823],[7.8855],[8.4016],[8.9565],[9.479],[9.9048],[7.3016],[7.5597],[7.6532],[7.6145],[7.5306],[7.4435],[7.4113],[7.4565],[7.5694],[7.7048],[7.9016],[8.1016],[8.2919],[8.4532],[8.5113],[8.4855],[8.4081],[8.3113],[8.279],[8.3403],[8.5661],[9.0145],[9.6371],[10.3661],[11.0855],[11.6435],[11.9661],[8.5371],[8.5661],[8.5016],[8.4177],[8.3532],[8.3661],[8.4661],[8.6145],[8.8016],[9.0306],[9.2919],[9.5629],[9.779],[9.9113],[9.9306],[9.8274],[9.6984],[9.5887],[9.55],[9.621],[9.8694],[10.3468],[11.0532],[11.8887],[12.6661],[13.1887],[13.4339],[9.6113],[9.521],[9.4339],[9.3952],[9.4177],[9.5145],[9.7274],[10.0048],[10.3468],[10.7435],[11.1597],[11.5629],[11.8565],[11.9371],[11.7532],[11.4145],[11.05],[10.75],[10.5435],[10.4694],[10.5726],[10.95],[11.6597],[12.5726],[13.4145],[13.9661],[14.1887],[10.6274],[10.6597],[10.7629],[10.8694],[10.979],[11.1403],[11.3726],[11.7371],[12.1887],[12.7016],[13.221],[13.7048],[14.0274],[14.0339],[13.6855],[13.0952],[12.4919],[12.0468],[11.75],[11.5661],[11.5565],[11.8952],[12.6952],[13.8242],[14.821],[15.3339],[15.3694],[11.6565],[11.9435],[12.2758],[12.5661],[12.7887],[13.0371],[13.4145],[13.8823],[14.3919],[14.8629],[15.2855],[15.7016],[15.9887],[15.9726],[15.5629],[14.9016],[14.2919],[13.9758],[13.9081],[13.9306],[14.079],[14.5952],[15.6726],[17.1532],[18.3919],[18.8274],[18.3919],[12.621],[13.0177],[13.4468],[13.8694],[14.3371],[14.9177],[15.6565],[16.4403],[17.0274],[17.35],[17.5113],[17.6661],[17.8403],[17.8048],[17.3823],[16.75],[16.2758],[16.2371],[16.6113],[17.0565],[17.5177],[18.3048],[19.7403],[21.6565],[23.3081],[23.8919],[23.2565],[13.3823],[13.7113],[14.1597],[14.7855],[15.6726],[16.8532],[18.179],[19.3403],[20.0371],[20.1661],[19.9952],[19.8371],[19.7984],[19.6371],[19.1048],[18.3306],[17.7855],[17.8629],[18.4435],[19.1629],[19.8081],[20.7081],[22.3532],[24.6435],[26.8468],[28.079],[28.0919],[14.0629],[14.4597],[15.0887],[16.1274],[17.6048],[19.379],[21.1177],[22.4468],[23.0758],[22.9984],[22.5306],[22.0758],[21.75],[21.3177],[20.5274],[19.4629],[18.6306],[18.4597],[18.9113],[19.5177],[20.0984],[21.0016],[22.7048],[25.1952],[27.75],[29.6758],[30.8016],[15.1468],[15.8887],[16.95],[18.5113],[20.479],[22.4984],[24.179],[25.2403],[25.5887],[25.3435],[24.7242],[24.0403],[23.3887],[22.6339],[21.6081],[20.4242],[19.4274],[18.9919],[19.0823],[19.3952],[19.8823],[20.9113],[22.8371],[25.3661],[27.8113],[29.6242],[31.0855],[17.0274],[18.2274],[19.6919],[21.5145],[23.5339],[25.3081],[26.5113],[27.0726],[27.1339],[26.8726],[26.3371],[25.5629],[24.6081],[23.55],[22.4823],[21.521],[20.7339],[20.2532],[20.05],[20.1081],[20.679],[22.1242],[24.5339],[27.2468],[29.2468],[30.1177],[30.5565],[19.5597],[20.9597],[22.4048],[23.9855],[25.5468],[26.7855],[27.4565],[27.6855],[27.7371],[27.7306],[27.5016],[26.7726],[25.5952],[24.3145],[23.3048],[22.679],[22.2371],[21.821],[21.4532],[21.3952],[22.1081],[23.9597],[26.8629],[29.8758],[31.7339],[31.8242],[30.9016],[21.8145],[23.0339],[24.1016],[25.0952],[26.0435],[26.821],[27.279],[27.5177],[27.7694],[28.1177],[28.2274],[27.6823],[26.4694],[25.1048],[24.1532],[23.6919],[23.3694],[22.9435],[22.5048],[22.4597],[23.1855],[24.9887],[27.7565],[30.7952],[32.9177],[33.2952],[32.1435],[22.7984],[23.6629],[24.3339],[24.8823],[25.4274],[26.0177],[26.55],[26.9468],[27.3726],[27.879],[28.2113],[27.9403],[27.0081],[25.8952],[25.0758],[24.6177],[24.2145],[23.7532],[23.4145],[23.5306],[24.1629],[25.3242],[27.1016],[29.4242],[31.679],[32.9855],[32.8597],[22.221],[22.8468],[23.321],[23.7113],[24.1661],[24.7629],[25.3887],[25.8855],[26.2758],[26.6758],[27.0177],[27.0952],[26.7694],[26.2726],[25.8855],[25.5887],[25.1855],[24.7758],[24.679],[25.0016],[25.4984],[25.8661],[26.3597],[27.4565],[29.2339],[31.0048],[31.8565],[20.8016],[21.2048],[21.5726],[21.9306],[22.4048],[22.9919],[23.6242],[24.0597],[24.3145],[24.5274],[24.8339],[25.2081],[25.5339],[25.8177],[26.0113],[26.0016],[25.7597],[25.5339],[25.6242],[25.9597],[26.2048],[26.1016],[25.8984],[26.2016],[27.2016],[28.5016],[29.3242],[19.3339],[19.4629],[19.6371],[19.9468],[20.3468],[20.8661],[21.3694],[21.7403],[21.9532],[22.0919],[22.3371],[22.8403],[23.5532],[24.3145],[24.8339],[24.9597],[24.8565],[24.8145],[24.9274],[24.9661],[24.7887],[24.55],[24.6242],[25.1306],[25.8145],[26.3113],[26.3823]]},{"header":{"disciplineName":["Meteorological products"],"parameterCategory":[2],"parameterCategoryName":["u-component of wind"],"parameterNumberName":["u-component of wind"],"parameterNumber":[2],"parameterUnits":["m s-1"],"refTime":["2017-03-17T0000:00.000Z"],"numberPoints":[621],"nx":[27],"ny":[23],"lo1":[-20],"la1":[70],"lo2":[45],"la2":[45],"dx":[2.5],"dy":[2.5]},"data":[[0.9355],[1.2032],[1.4258],[1.5839],[1.7161],[1.8484],[2.0032],[2.2194],[2.529],[2.8645],[3.2194],[3.5419],[3.8032],[3.9419],[3.9903],[3.9677],[3.9097],[3.8839],[3.9355],[4.0774],[4.2968],[4.5323],[4.7968],[5.0065],[5.1323],[5.1871],[5.1419],[0.4484],[1],[1.5],[1.8871],[2.1839],[2.4452],[2.6903],[2.9742],[3.2968],[3.671],[4.0258],[4.2839],[4.4161],[4.3871],[4.2258],[3.9935],[3.7677],[3.6581],[3.6871],[3.8613],[4.1645],[4.5194],[4.8484],[5.1032],[5.2258],[5.2323],[5.1742],[1.4613],[2.0645],[2.6323],[3.1097],[3.4581],[3.7419],[3.9323],[4.1516],[4.3806],[4.6161],[4.8194],[4.929],[4.8742],[4.6323],[4.2806],[3.8839],[3.5452],[3.3645],[3.3968],[3.5839],[3.8806],[4.2],[4.4548],[4.6],[4.6258],[4.5806],[4.5323],[3.4484],[3.7419],[4.0839],[4.3871],[4.6097],[4.7258],[4.7613],[4.7645],[4.7903],[4.8613],[4.9194],[4.9323],[4.8355],[4.6419],[4.3581],[4.0677],[3.8484],[3.7581],[3.7935],[3.9355],[4.0774],[4.1742],[4.1806],[4.1032],[4.0097],[3.9419],[3.9903],[5.5097],[5.3645],[5.3742],[5.4065],[5.4129],[5.3161],[5.1452],[4.9323],[4.7806],[4.7161],[4.7387],[4.8065],[4.8935],[4.9355],[4.929],[4.9065],[4.9032],[4.8871],[4.8839],[4.8226],[4.671],[4.4677],[4.2258],[4.029],[3.9419],[4.0194],[4.2774],[7.3355],[7.0226],[6.7968],[6.6484],[6.471],[6.2258],[5.9129],[5.5645],[5.2935],[5.1839],[5.2129],[5.3677],[5.5806],[5.7452],[5.8774],[5.9516],[5.9484],[5.8516],[5.6452],[5.3161],[4.9129],[4.5226],[4.2677],[4.2258],[4.4194],[4.829],[5.3839],[8.9774],[8.6484],[8.329],[8.0774],[7.8161],[7.5],[7.1226],[6.7194],[6.4032],[6.2258],[6.2226],[6.3065],[6.4226],[6.4645],[6.4097],[6.2742],[6.0742],[5.7839],[5.3774],[4.9097],[4.4452],[4.1581],[4.1387],[4.4129],[4.9484],[5.6258],[6.3258],[9.8903],[9.4871],[9.0677],[8.7258],[8.4161],[8.0871],[7.7258],[7.3161],[6.9355],[6.6742],[6.5258],[6.4419],[6.3387],[6.1161],[5.8194],[5.4871],[5.171],[4.8645],[4.5516],[4.2097],[3.929],[3.8129],[3.9774],[4.4032],[4.9871],[5.5839],[6.0871],[9.4645],[8.9161],[8.3935],[7.9581],[7.629],[7.3742],[7.0645],[6.7161],[6.2968],[5.9194],[5.6129],[5.3613],[5.0968],[4.771],[4.4226],[4.1323],[3.9871],[3.9387],[3.9258],[3.8742],[3.7742],[3.7258],[3.8161],[4.0419],[4.3419],[4.5484],[4.6581],[8.0581],[7.5065],[6.9226],[6.4419],[6.0839],[5.9],[5.8032],[5.6613],[5.4129],[5.0645],[4.6903],[4.3419],[4.0323],[3.7452],[3.4871],[3.3226],[3.329],[3.4839],[3.6581],[3.7419],[3.6548],[3.4839],[3.329],[3.2677],[3.2548],[3.2129],[3.1161],[6.5387],[6.1548],[5.6129],[5.029],[4.6355],[4.6161],[4.9419],[5.3548],[5.6323],[5.6],[5.3613],[5.0452],[4.7],[4.3548],[3.9871],[3.6452],[3.4258],[3.3742],[3.3968],[3.3419],[3.1097],[2.7742],[2.4581],[2.2806],[2.2161],[2.2194],[2.2226],[5.0806],[4.8484],[4.3516],[3.7677],[3.4839],[3.8161],[4.7871],[6.0161],[7.0419],[7.5419],[7.571],[7.2903],[6.8548],[6.2839],[5.5548],[4.7194],[3.9419],[3.3839],[3.0516],[2.7935],[2.5032],[2.1419],[1.8097],[1.6516],[1.6323],[1.6677],[1.7355],[3.1935],[3.0387],[2.7935],[2.5903],[2.7839],[3.6645],[5.1806],[6.9065],[8.3097],[9.0484],[9.2032],[8.9129],[8.371],[7.6161],[6.6032],[5.4194],[4.2839],[3.4452],[2.9387],[2.6806],[2.4774],[2.2774],[2.1032],[1.9774],[1.8258],[1.571],[1.271],[1.1903],[1.3548],[1.7742],[2.4161],[3.3484],[4.5548],[5.8871],[7.0935],[7.9097],[8.2452],[8.1806],[7.871],[7.3774],[6.7097],[5.8613],[4.9452],[4.0742],[3.4742],[3.1484],[3.0484],[3.0419],[3.1194],[3.2516],[3.3161],[3.0806],[2.3613],[1.329],[0.5],[1.2968],[2.5226],[3.9161],[5.1484],[5.9323],[6.1516],[5.8774],[5.3774],[4.8968],[4.5613],[4.3226],[4.1032],[3.8452],[3.6097],[3.4548],[3.3548],[3.3097],[3.271],[3.3],[3.429],[3.7774],[4.371],[4.9161],[5.0258],[4.2387],[2.6258],[1.6387],[2.9065],[4.3419],[5.6032],[6.2258],[5.9226],[4.729],[3.0774],[1.5774],[0.6581],[0.3258],[0.329],[0.4194],[0.5774],[0.9452],[1.5323],[2.1548],[2.5903],[2.7774],[2.8677],[3.1129],[3.7065],[4.6581],[5.6774],[6.3032],[5.9806],[4.4839],[2.929],[3.9871],[4.7032],[4.9097],[4.4258],[3.1871],[1.4355],[-0.3968],[-1.7645],[-2.4194],[-2.5161],[-2.3774],[-2.2161],[-1.9484],[-1.3903],[-0.5226],[0.3968],[1.0581],[1.4871],[1.8742],[2.4677],[3.2645],[4.1387],[4.9645],[5.6258],[5.7839],[5.071],[2.1452],[2.4129],[2.1065],[1.3161],[0.2194],[-0.971],[-2.0677],[-2.8806],[-3.3581],[-3.529],[-3.5806],[-3.6194],[-3.6419],[-3.4968],[-3.0419],[-2.3],[-1.471],[-0.7],[0.0806],[1.1032],[2.2774],[3.2161],[3.5387],[3.3161],[3.1065],[3.2],[3.3484],[-1.071],[-1.4581],[-2.2161],[-3.1],[-3.8065],[-4.1387],[-4.0677],[-3.7742],[-3.5355],[-3.5806],[-3.8645],[-4.129],[-4.1452],[-3.8548],[-3.3677],[-2.7484],[-2.0581],[-1.2355],[-0.1258],[1.3258],[2.8065],[3.6065],[3.1742],[1.7387],[0.3],[-0.1806],[0.3258],[-5.171],[-5.7355],[-6.2645],[-6.4903],[-6.329],[-5.8355],[-5.1452],[-4.4774],[-4.1258],[-4.2161],[-4.4806],[-4.4774],[-3.9323],[-3.0548],[-2.1774],[-1.4387],[-0.7161],[0.1194],[1.1161],[2.2097],[3.1516],[3.3935],[2.4452],[0.4742],[-1.5613],[-2.5613],[-2.2871],[-8.629],[-9.171],[-9.3871],[-9.0548],[-8.3548],[-7.6742],[-7.129],[-6.7],[-6.429],[-6.2645],[-6.0065],[-5.2484],[-3.9194],[-2.4129],[-1.1581],[-0.1903],[0.7032],[1.5097],[2.0323],[2.1226],[1.8806],[1.3645],[0.429],[-1.0226],[-2.5774],[-3.5871],[-3.7258],[-10.5323],[-11.1935],[-11.5097],[-11.1871],[-10.5355],[-10.0774],[-9.9645],[-9.9065],[-9.6452],[-9.1226],[-8.2903],[-7.0516],[-5.5065],[-4.029],[-2.8161],[-1.7742],[-0.7065],[0.1387],[0.2806],[-0.3806],[-1.3806],[-2.1129],[-2.4839],[-2.8032],[-3.3065],[-3.8516],[-4.1548],[-10.0581],[-10.8323],[-11.4742],[-11.529],[-11.2097],[-11.0613],[-11.2742],[-11.5258],[-11.5],[-11.1226],[-10.4677],[-9.5806],[-8.6129],[-7.7452],[-6.9774],[-6.0548],[-4.9097],[-3.9935],[-3.8032],[-4.3323],[-4.9161],[-5],[-4.4645],[-3.8097],[-3.4452],[-3.4484],[-3.5]]},{"header":{"disciplineName":["Meteorological products"],"parameterCategory":[2],"parameterCategoryName":["v-component of wind"],"parameterNumberName":["v-component of wind"],"parameterNumber":[3],"parameterUnits":["m s-1"],"refTime":["2017-03-17T0000:00.000Z"],"numberPoints":[621],"nx":[27],"ny":[23],"lo1":[-20],"la1":[70],"lo2":[45],"la2":[45],"dx":[2.5],"dy":[2.5]},"data":[[-0.2],[-0.0484],[0.1645],[0.429],[0.729],[1.129],[1.5581],[2],[2.3806],[2.6419],[2.7065],[2.6097],[2.3258],[1.9355],[1.4903],[1.071],[0.7129],[0.4323],[0.2258],[0.0677],[-0.0968],[-0.2871],[-0.5065],[-0.7581],[-1.0355],[-1.2968],[-1.5194],[1.0484],[1.1419],[1.2],[1.2452],[1.3903],[1.6387],[2],[2.4258],[2.7968],[3.0323],[3.0323],[2.7903],[2.3484],[1.8],[1.2613],[0.8323],[0.5742],[0.4903],[0.4839],[0.5226],[0.4935],[0.3419],[0.0581],[-0.3065],[-0.7419],[-1.1516],[-1.4871],[2.2903],[2.3516],[2.2645],[2.1323],[2.0419],[2.1258],[2.3484],[2.671],[2.971],[3.0839],[2.9226],[2.4839],[1.8323],[1.1258],[0.5323],[0.1871],[0.1226],[0.3032],[0.6],[0.8645],[0.9742],[0.8613],[0.5452],[0.0742],[-0.4452],[-0.9226],[-1.3129],[2.8161],[2.9968],[2.9581],[2.771],[2.5806],[2.5065],[2.5968],[2.7935],[2.9645],[2.9548],[2.6548],[2.071],[1.2871],[0.5161],[-0.0387],[-0.2742],[-0.1516],[0.2226],[0.7],[1.0806],[1.2226],[1.1032],[0.7452],[0.2516],[-0.2323],[-0.629],[-0.9],[2.5806],[2.9871],[3.129],[3.0258],[2.8161],[2.6419],[2.629],[2.7258],[2.8323],[2.8032],[2.4968],[1.9194],[1.1613],[0.4387],[-0.0452],[-0.2194],[-0.0742],[0.2839],[0.6806],[0.9645],[1.0355],[0.8871],[0.5774],[0.2129],[-0.071],[-0.2742],[-0.3323],[2.1032],[2.6129],[2.8258],[2.7258],[2.471],[2.2484],[2.1806],[2.2839],[2.4581],[2.5226],[2.3613],[1.9323],[1.329],[0.7161],[0.2355],[-0.0097],[-0.0452],[0.0484],[0.1839],[0.3226],[0.3903],[0.4],[0.3645],[0.3323],[0.3258],[0.371],[0.4387],[1.7355],[2.0226],[2.0484],[1.829],[1.5323],[1.3161],[1.3129],[1.5355],[1.8677],[2.1226],[2.1387],[1.8774],[1.4065],[0.8419],[0.2968],[-0.1613],[-0.4935],[-0.7161],[-0.7806],[-0.6452],[-0.3484],[0.0806],[0.5548],[0.9484],[1.2419],[1.4161],[1.5129],[1.2903],[1.1806],[0.9645],[0.6903],[0.4903],[0.4452],[0.6355],[0.9968],[1.4323],[1.7677],[1.8613],[1.6806],[1.2645],[0.6935],[0.0548],[-0.5871],[-1.1774],[-1.6032],[-1.7258],[-1.4387],[-0.7645],[0.1452],[1.0742],[1.8129],[2.2645],[2.4742],[2.5032],[0.5484],[0.1903],[-0.0871],[-0.1742],[-0.0806],[0.1774],[0.5097],[0.8516],[1.1452],[1.329],[1.371],[1.229],[0.9129],[0.4355],[-0.1871],[-0.8968],[-1.5774],[-2.0548],[-2.1548],[-1.7258],[-0.8032],[0.3419],[1.4548],[2.271],[2.729],[2.9161],[2.9032],[-0.2677],[-0.6613],[-0.8226],[-0.671],[-0.2742],[0.2161],[0.571],[0.6871],[0.6194],[0.5161],[0.4581],[0.4419],[0.3677],[0.1258],[-0.3452],[-0.971],[-1.5968],[-2.0323],[-2.0774],[-1.6129],[-0.7129],[0.4161],[1.4516],[2.2129],[2.6419],[2.8355],[2.8581],[-0.7903],[-1.1968],[-1.4032],[-1.1871],[-0.5742],[0.1032],[0.4935],[0.3903],[-0.0258],[-0.4355],[-0.5452],[-0.3935],[-0.2129],[-0.271],[-0.6613],[-1.2548],[-1.8194],[-2.1226],[-2.0323],[-1.5419],[-0.7226],[0.2839],[1.271],[2.1032],[2.7097],[3.0871],[3.2161],[-0.9871],[-1.5613],[-1.9935],[-1.8226],[-0.9645],[0.1323],[0.8226],[0.7484],[0.1],[-0.5806],[-0.8613],[-0.7548],[-0.6516],[-0.8935],[-1.571],[-2.3387],[-2.8516],[-2.9161],[-2.5355],[-1.8774],[-1.0194],[-0.0258],[1.0387],[2.1097],[3.0613],[3.8032],[4.1871],[-1.2387],[-1.9032],[-2.3839],[-2.0194],[-0.6323],[1.1258],[2.3129],[2.3548],[1.4677],[0.3839],[-0.3],[-0.6],[-0.9903],[-1.8516],[-3.0806],[-4.1903],[-4.6452],[-4.3548],[-3.5742],[-2.6065],[-1.6161],[-0.5548],[0.629],[1.8419],[2.9742],[3.9452],[4.6065],[-1.6065],[-2.0032],[-2.0645],[-1.1226],[0.8774],[3.1161],[4.4742],[4.3548],[3.0645],[1.5258],[0.371],[-0.4516],[-1.429],[-2.9],[-4.6452],[-5.9452],[-6.3258],[-5.7323],[-4.6194],[-3.4032],[-2.2032],[-0.9419],[0.3194],[1.371],[2.0774],[2.6323],[3.2581],[-1.5548],[-1.3935],[-0.7903],[0.6968],[2.8226],[4.7871],[5.5935],[4.9452],[3.3355],[1.6355],[0.3516],[-0.6677],[-1.8903],[-3.5871],[-5.4226],[-6.7161],[-7.029],[-6.4129],[-5.3097],[-3.9613],[-2.4129],[-0.6935],[0.829],[1.5452],[1.2645],[0.5968],[0.4774],[-0.5581],[0.0903],[1.0581],[2.4516],[3.9129],[4.7935],[4.6355],[3.5548],[2.0968],[0.8258],[-0.1323],[-1.0323],[-2.2097],[-3.7387],[-5.3032],[-6.4065],[-6.7839],[-6.4806],[-5.6452],[-4.2839],[-2.2516],[0.2581],[2.3548],[2.9097],[1.5258],[-0.7548],[-2.1645],[1.0806],[1.8097],[2.5645],[3.2452],[3.5548],[3.2194],[2.3774],[1.4355],[0.7129],[0.2032],[-0.3839],[-1.2645],[-2.4419],[-3.7355],[-4.8903],[-5.7677],[-6.2806],[-6.3645],[-5.8355],[-4.4161],[-1.9097],[1.271],[3.9194],[4.4935],[2.4097],[-1.1],[-3.7097],[2.3484],[2.8129],[3.0323],[2.8903],[2.2613],[1.3129],[0.4968],[0.2097],[0.329],[0.3516],[-0.2258],[-1.4],[-2.7452],[-3.8613],[-4.6516],[-5.2935],[-5.8516],[-6.1032],[-5.5871],[-3.971],[-1.3065],[1.8613],[4.371],[4.8194],[2.6226],[-1.1968],[-4.3194],[2.5194],[2.6935],[2.4935],[1.9],[0.9871],[0.1065],[-0.2516],[0.0742],[0.629],[0.7129],[-0.071],[-1.4516],[-2.7806],[-3.6581],[-4.1613],[-4.6419],[-5.1613],[-5.2839],[-4.4677],[-2.6161],[-0.171],[2.1258],[3.5903],[3.5323],[1.6613],[-1.4677],[-4.3],[1.8581],[1.9452],[1.6516],[1.029],[0.2645],[-0.2839],[-0.2774],[0.2],[0.6516],[0.5613],[-0.129],[-1.1452],[-2.0258],[-2.5516],[-2.9097],[-3.4032],[-3.929],[-3.9065],[-2.8226],[-0.8871],[1.0129],[2.0645],[2.1258],[1.4581],[0.2032],[-1.6387],[-3.6452],[1.1452],[1.3161],[1.129],[0.629],[0.0516],[-0.2645],[-0.2258],[-0.0161],[0.0548],[-0.0613],[-0.2645],[-0.4742],[-0.7129],[-1.0323],[-1.4871],[-2.1484],[-2.7516],[-2.7774],[-1.7871],[-0.1],[1.1548],[1.1774],[0.1839],[-0.8226],[-1.3387],[-1.7581],[-2.7387],[0.7484],[0.9935],[0.871],[0.4387],[-0.0129],[-0.2419],[-0.3065],[-0.4323],[-0.6613],[-0.7],[-0.4097],[-0.0419],[-0.0387],[-0.4613],[-1.1323],[-1.8677],[-2.4677],[-2.6452],[-2.0323],[-0.9097],[-0.2226],[-0.7419],[-2.1258],[-3.1806],[-3.1452],[-2.5484],[-2.5097],[0.3129],[0.5323],[0.4032],[0.029],[-0.3258],[-0.471],[-0.5387],[-0.8],[-1.1419],[-1.1387],[-0.7323],[-0.4161],[-0.6452],[-1.371],[-2.1129],[-2.6935],[-3.1323],[-3.3742],[-3.1387],[-2.4484],[-2.029],[-2.5806],[-3.9],[-4.9387],[-4.8774],[-3.9645],[-3.2097]]}]