html/data/WT_san09_ind_wt_9_4.json
[{"header":{"disciplineName":["Meteorological products"],"parameterCategory":[0],"parameterCategoryName":["Temperature"],"parameterNumberName":["Temperature"],"parameterNumber":[0],"parameterUnits":["K"],"refTime":["2017-03-17T0000:00.000Z"],"numberPoints":[621],"nx":[27],"ny":[23],"lo1":[-20],"la1":[70],"lo2":[45],"la2":[45],"dx":[2.5],"dy":[2.5]},"data":[[-3.9976],[-3.3756],[-2.8817],[-2.5073],[-2.2268],[-2.0024],[-1.8183],[-1.6378],[-1.4634],[-1.2854],[-1.1],[-0.9207],[-0.7793],[-0.6695],[-0.6012],[-0.5841],[-0.6061],[-0.661],[-0.7341],[-0.8049],[-0.8841],[-0.9415],[-0.9988],[-1.0415],[-1.1073],[-1.2024],[-1.3439],[-2.0524],[-1.7183],[-1.4963],[-1.3329],[-1.1939],[-1.0439],[-0.8622],[-0.6366],[-0.3793],[-0.122],[0.1159],[0.3256],[0.4659],[0.5256],[0.5207],[0.4512],[0.3256],[0.1744],[0.0146],[-0.1183],[-0.2378],[-0.3146],[-0.3537],[-0.3793],[-0.4],[-0.4439],[-0.5305],[-0.3012],[-0.2646],[-0.2585],[-0.2317],[-0.1402],[0.0354],[0.2659],[0.5573],[0.85],[1.111],[1.3098],[1.4488],[1.5024],[1.4988],[1.4244],[1.3],[1.1646],[1.0012],[0.85],[0.7207],[0.611],[0.539],[0.4951],[0.4793],[0.4622],[0.4366],[0.3756],[0.9988],[0.9061],[0.8585],[0.9],[1.0451],[1.2695],[1.5427],[1.8085],[2.0427],[2.2049],[2.2976],[2.3341],[2.3268],[2.3061],[2.272],[2.2293],[2.1805],[2.1049],[2.0012],[1.8951],[1.7793],[1.6646],[1.5732],[1.5024],[1.4524],[1.4073],[1.3659],[1.872],[1.8646],[1.9366],[2.0793],[2.2732],[2.4854],[2.6902],[2.8585],[2.9671],[3.011],[3.0329],[3.0354],[3.0659],[3.1317],[3.2098],[3.2732],[3.2902],[3.2439],[3.128],[2.9598],[2.7524],[2.561],[2.3902],[2.2805],[2.2256],[2.2207],[2.2549],[2.7598],[2.9463],[3.1378],[3.3207],[3.4671],[3.5866],[3.6622],[3.7098],[3.7256],[3.7354],[3.7671],[3.8463],[3.9671],[4.1159],[4.228],[4.2854],[4.2402],[4.0854],[3.8463],[3.5671],[3.3],[3.0744],[2.922],[2.861],[2.872],[2.9646],[3.1073],[4.0439],[4.2939],[4.4756],[4.5744],[4.5963],[4.5988],[4.5878],[4.5915],[4.6256],[4.689],[4.7927],[4.9317],[5.0768],[5.2098],[5.2573],[5.1878],[4.9927],[4.7256],[4.4341],[4.1695],[3.972],[3.8598],[3.8268],[3.85],[3.928],[4.0463],[4.1854],[5.5049],[5.6756],[5.7427],[5.7207],[5.6646],[5.6232],[5.6341],[5.6866],[5.778],[5.8878],[6.011],[6.1488],[6.2634],[6.3207],[6.2634],[6.0866],[5.8439],[5.6024],[5.4],[5.3],[5.2768],[5.3012],[5.3415],[5.4037],[5.4476],[5.4841],[5.5268],[6.761],[6.8049],[6.811],[6.7817],[6.7671],[6.7902],[6.8524],[6.9378],[7.022],[7.1134],[7.2256],[7.3524],[7.4683],[7.4988],[7.4085],[7.2232],[7.011],[6.8463],[6.7744],[6.7744],[6.7927],[6.822],[6.8378],[6.8561],[6.8634],[6.8732],[6.9049],[7.7341],[7.7695],[7.8622],[7.9793],[8.0976],[8.1963],[8.2646],[8.2927],[8.3183],[8.3732],[8.4963],[8.7122],[8.911],[9.0037],[8.9207],[8.7073],[8.4646],[8.2915],[8.1963],[8.1244],[8.0451],[7.9659],[7.9732],[8.0854],[8.2293],[8.339],[8.4268],[8.7354],[8.8695],[9.1244],[9.4024],[9.6232],[9.7598],[9.7976],[9.7756],[9.7707],[9.8415],[10.0646],[10.3988],[10.7134],[10.8488],[10.7098],[10.378],[10.0244],[9.7939],[9.6768],[9.589],[9.5037],[9.5268],[9.8061],[10.2817],[10.7488],[10.9573],[10.8549],[9.9195],[10.1134],[10.4122],[10.711],[10.9561],[11.1329],[11.25],[11.3439],[11.4402],[11.5915],[11.872],[12.2415],[12.5695],[12.639],[12.3659],[11.8939],[11.5195],[11.4073],[11.539],[11.7476],[11.9963],[12.4366],[13.2585],[14.339],[15.2073],[15.3927],[14.7805],[11.1061],[11.1976],[11.3488],[11.5354],[11.8],[12.1549],[12.5915],[13.0171],[13.339],[13.5537],[13.7341],[13.9512],[14.1],[14.0134],[13.6146],[13.0854],[12.8146],[13.0317],[13.6317],[14.339],[15.0256],[15.911],[17.2378],[18.8671],[20.1671],[20.4866],[19.6598],[12.0695],[11.9646],[11.8841],[12.0354],[12.5],[13.3024],[14.2646],[15.1341],[15.6622],[15.8232],[15.7573],[15.6537],[15.5451],[15.2805],[14.7585],[14.1744],[13.9732],[14.3878],[15.2598],[16.1915],[17.0146],[18.0073],[19.5146],[21.4549],[23.1902],[24.061],[23.8841],[12.778],[12.5683],[12.5098],[12.9024],[13.8744],[15.2915],[16.7927],[17.972],[18.5707],[18.5683],[18.1927],[17.7829],[17.4366],[17.0024],[16.3268],[15.5963],[15.2134],[15.4634],[16.1488],[16.8585],[17.4415],[18.2707],[19.7573],[21.8207],[23.8256],[25.2768],[26.1683],[13.4561],[13.4195],[13.6927],[14.6073],[16.1963],[18.1244],[19.9098],[21.1366],[21.628],[21.4549],[20.9061],[20.3134],[19.7793],[19.1744],[18.3463],[17.4049],[16.7451],[16.639],[16.9268],[17.2659],[17.6232],[18.4549],[20.1305],[22.3207],[24.2537],[25.5573],[26.6598],[14.4829],[14.8756],[15.6378],[16.9976],[18.8866],[20.9159],[22.5927],[23.6159],[23.9659],[23.7744],[23.2598],[22.6293],[21.9585],[21.1744],[20.2171],[19.1963],[18.4268],[18.1476],[18.2159],[18.3902],[18.8256],[20.0341],[22.2439],[24.7463],[26.389],[26.7232],[26.639],[16.2378],[17.1232],[18.1756],[19.55],[21.1866],[22.811],[24.089],[24.861],[25.1829],[25.178],[24.8817],[24.3146],[23.5037],[22.5378],[21.4756],[20.4988],[19.8439],[19.6305],[19.75],[20.0439],[20.711],[22.2963],[24.9817],[27.8524],[29.3695],[28.861],[27.2878],[18.6463],[19.8244],[20.8512],[21.7793],[22.7756],[23.7939],[24.6671],[25.3122],[25.7537],[26.0317],[26.0012],[25.5085],[24.561],[23.4122],[22.2963],[21.3939],[20.8268],[20.7232],[21.0085],[21.5049],[22.2854],[23.8024],[26.3232],[29.1732],[30.8866],[30.5049],[28.5927],[20.8488],[22.0427],[22.8171],[23.261],[23.6732],[24.2402],[24.9232],[25.5585],[26.1317],[26.5976],[26.7439],[26.3329],[25.3646],[24.1963],[23.139],[22.3317],[21.8049],[21.6854],[22.0768],[22.7988],[23.6171],[24.6415],[26.25],[28.3561],[30.1012],[30.5244],[29.5512],[21.8537],[22.8146],[23.35],[23.5415],[23.739],[24.1866],[24.8195],[25.4366],[25.9854],[26.4707],[26.7171],[26.4659],[25.7183],[24.839],[24.1293],[23.5963],[23.1402],[22.9817],[23.4],[24.3024],[25.1768],[25.7354],[26.2524],[27.161],[28.3512],[29.1951],[29.2305],[21.3756],[22.0171],[22.4061],[22.5988],[22.8451],[23.3037],[23.8695],[24.3573],[24.7732],[25.2098],[25.5573],[25.5976],[25.3134],[24.9805],[24.8037],[24.6841],[24.4634],[24.3207],[24.6549],[25.4866],[26.3341],[26.6744],[26.6268],[26.6585],[27.0488],[27.5634],[27.7268],[20.0927],[20.4524],[20.7378],[20.9756],[21.2683],[21.6598],[22.0707],[22.4146],[22.7341],[23.1341],[23.5878],[23.9415],[24.1427],[24.3122],[24.5476],[24.7232],[24.7354],[24.7061],[24.8841],[25.2866],[25.7037],[25.9402],[26.0244],[26.0939],[26.2],[26.2171],[25.9329]]},{"header":{"disciplineName":["Meteorological products"],"parameterCategory":[2],"parameterCategoryName":["u-component of wind"],"parameterNumberName":["u-component of wind"],"parameterNumber":[2],"parameterUnits":["m s-1"],"refTime":["2017-03-17T0000:00.000Z"],"numberPoints":[621],"nx":[27],"ny":[23],"lo1":[-20],"la1":[70],"lo2":[45],"la2":[45],"dx":[2.5],"dy":[2.5]},"data":[[1.6463],[1.8805],[2.0622],[2.1976],[2.322],[2.4659],[2.6488],[2.9061],[3.2366],[3.6073],[4.0134],[4.3915],[4.7354],[5.0146],[5.2098],[5.3195],[5.3793],[5.3854],[5.3671],[5.3207],[5.2439],[5.1341],[4.9805],[4.7939],[4.5854],[4.3659],[4.1646],[1.5341],[1.9293],[2.2622],[2.5524],[2.8378],[3.172],[3.5744],[4.0683],[4.639],[5.2537],[5.8427],[6.3573],[6.7232],[6.9402],[7.0049],[6.9463],[6.8],[6.639],[6.4866],[6.3585],[6.2524],[6.1378],[6.0061],[5.8488],[5.6439],[5.422],[5.2122],[2.0793],[2.5512],[2.9622],[3.3561],[3.7378],[4.1463],[4.6317],[5.1659],[5.7427],[6.3244],[6.8293],[7.2098],[7.4049],[7.4195],[7.2671],[7.0146],[6.7354],[6.5024],[6.3634],[6.3146],[6.3451],[6.4085],[6.4549],[6.4585],[6.4146],[6.3171],[6.1902],[4.0439],[4.4805],[4.8768],[5.222],[5.5293],[5.8],[6.0366],[6.2695],[6.478],[6.6537],[6.7561],[6.7829],[6.7061],[6.5317],[6.2939],[6.0756],[5.8939],[5.8256],[5.8732],[6.0317],[6.2463],[6.4683],[6.6549],[6.7622],[6.7963],[6.7732],[6.711],[6.6744],[6.9268],[7.161],[7.3354],[7.4146],[7.3866],[7.2427],[7.0134],[6.7268],[6.4329],[6.1427],[5.8732],[5.6354],[5.4463],[5.3085],[5.2561],[5.2963],[5.4378],[5.6573],[5.9146],[6.1659],[6.3634],[6.4841],[6.5317],[6.5268],[6.511],[6.4878],[8.2878],[8.2293],[8.1951],[8.1232],[7.9939],[7.7402],[7.378],[6.9366],[6.472],[6.0512],[5.7183],[5.4732],[5.2988],[5.1768],[5.0793],[5.0402],[5.0695],[5.1598],[5.3049],[5.4524],[5.5634],[5.6268],[5.6329],[5.6122],[5.6159],[5.6756],[5.8],[8.4463],[8.039],[7.7183],[7.4573],[7.1988],[6.9183],[6.5988],[6.2732],[6.0049],[5.8512],[5.7976],[5.8024],[5.772],[5.6451],[5.4122],[5.1232],[4.8402],[4.6293],[4.5024],[4.4512],[4.4415],[4.4585],[4.4939],[4.578],[4.7305],[4.961],[5.3012],[8.228],[7.5573],[7.0329],[6.6427],[6.3622],[6.1146],[5.8902],[5.6976],[5.6171],[5.6756],[5.8585],[6.061],[6.1317],[5.989],[5.6341],[5.15],[4.6634],[4.2732],[4.0134],[3.8744],[3.8659],[3.9476],[4.1171],[4.3622],[4.6585],[4.9878],[5.361],[8.3146],[7.539],[6.939],[6.5134],[6.2073],[5.9549],[5.6841],[5.4183],[5.2012],[5.1268],[5.2024],[5.3573],[5.4768],[5.4732],[5.3085],[5.0598],[4.8232],[4.6476],[4.5305],[4.4451],[4.422],[4.511],[4.7427],[5.0866],[5.45],[5.7256],[5.9049],[8.0793],[7.4037],[6.8463],[6.4268],[6.0976],[5.8073],[5.4854],[5.0951],[4.6585],[4.278],[4.0439],[4.0073],[4.1171],[4.2915],[4.4939],[4.7171],[4.9659],[5.1768],[5.2768],[5.2366],[5.128],[5.1171],[5.3476],[5.772],[6.2183],[6.4659],[6.4634],[6.9402],[6.5159],[6.0768],[5.6463],[5.2951],[5.0841],[4.961],[4.8159],[4.5427],[4.1598],[3.7793],[3.5232],[3.4683],[3.5671],[3.7902],[4.1037],[4.4793],[4.7988],[4.9598],[4.9012],[4.7183],[4.6524],[4.9061],[5.4537],[6.0463],[6.4037],[6.4207],[5.3963],[5.2256],[4.8829],[4.4524],[4.1585],[4.2061],[4.622],[5.1598],[5.5256],[5.5732],[5.3183],[4.939],[4.5683],[4.2488],[3.9659],[3.7793],[3.7146],[3.7549],[3.7963],[3.7476],[3.6195],[3.6037],[3.861],[4.3841],[4.9598],[5.3293],[5.4122],[4.0744],[4.0256],[3.8122],[3.5415],[3.5293],[4.0122],[5.0061],[6.2122],[7.1915],[7.6573],[7.6268],[7.2537],[6.6951],[6.0159],[5.2402],[4.4817],[3.8902],[3.5646],[3.439],[3.3866],[3.3329],[3.3122],[3.4232],[3.6805],[3.9341],[4.0354],[3.9878],[2.9183],[2.9451],[3.0549],[3.278],[3.7671],[4.6427],[5.8256],[7.0524],[7.9561],[8.3817],[8.3915],[8.1817],[7.8402],[7.3854],[6.7732],[6.0598],[5.3976],[4.9159],[4.6232],[4.4305],[4.2134],[4.0232],[3.9341],[3.9659],[3.9951],[3.8439],[3.5],[1.9415],[2.2598],[2.9073],[3.772],[4.7024],[5.5793],[6.278],[6.7012],[6.8037],[6.6939],[6.5732],[6.6207],[6.8098],[7.0329],[7.1329],[7.05],[6.8049],[6.4268],[5.9732],[5.4768],[4.9829],[4.6646],[4.6244],[4.8805],[5.1841],[5.1732],[4.6329],[1.9268],[2.7378],[3.8463],[4.9829],[5.822],[6.1232],[5.872],[5.1976],[4.3878],[3.7537],[3.5329],[3.7488],[4.2756],[4.9037],[5.4951],[5.9561],[6.178],[6.0646],[5.6598],[5.1098],[4.6561],[4.5268],[4.8329],[5.5305],[6.289],[6.5963],[6.0793],[3.1915],[4.278],[5.3207],[6.0256],[6.1354],[5.5695],[4.4988],[3.2524],[2.1915],[1.5561],[1.3671],[1.5146],[1.7744],[2.05],[2.3927],[2.811],[3.2207],[3.4695],[3.5488],[3.6085],[3.8061],[4.2073],[4.7268],[5.3061],[5.8098],[5.9817],[5.5073],[4.4244],[5.2061],[5.5805],[5.3963],[4.628],[3.4695],[2.2768],[1.3646],[0.8683],[0.6854],[0.6232],[0.4524],[0.1146],[-0.3134],[-0.5951],[-0.578],[-0.2195],[0.3854],[1.222],[2.2963],[3.4598],[4.3354],[4.5622],[4.1512],[3.4354],[2.8073],[2.3207],[3.7463],[3.8207],[3.4134],[2.5329],[1.35],[0.2378],[-0.4305],[-0.5049],[-0.2012],[0.0878],[0.0598],[-0.3293],[-0.9354],[-1.5622],[-2.0268],[-2.1756],[-1.9073],[-1.172],[0.078],[1.7488],[3.3841],[4.2854],[3.8756],[2.2695],[0.311],[-1.0768],[-1.4854],[0.5256],[0.1171],[-0.5841],[-1.4732],[-2.4073],[-3.0244],[-3.0634],[-2.5341],[-1.8061],[-1.3793],[-1.4244],[-1.711],[-1.9085],[-1.8902],[-1.7683],[-1.5951],[-1.3451],[-0.85],[0.05],[1.2829],[2.4305],[2.8061],[1.9134],[-0.0512],[-2.1976],[-3.5341],[-3.678],[-4.2768],[-4.572],[-4.922],[-5.272],[-5.5585],[-5.6634],[-5.4232],[-4.8378],[-4.2037],[-3.8793],[-3.872],[-3.7963],[-3.2671],[-2.328],[-1.3512],[-0.6671],[-0.3244],[-0.1951],[-0.1183],[-0.0037],[0.0146],[-0.3061],[-1.2012],[-2.5122],[-3.7037],[-4.2768],[-4.1402],[-9.0146],[-8.939],[-8.75],[-8.4659],[-8.178],[-7.9878],[-7.8122],[-7.5293],[-7.1829],[-6.9659],[-6.8293],[-6.4256],[-5.4805],[-4.1427],[-2.7988],[-1.7573],[-1.1768],[-1.1366],[-1.6024],[-2.3768],[-3.1707],[-3.8073],[-4.2598],[-4.5341],[-4.5744],[-4.422],[-4.1829],[-11.9927],[-11.9024],[-11.5646],[-11.0024],[-10.4329],[-10.1817],[-10.2341],[-10.3183],[-10.289],[-10.1695],[-9.9439],[-9.4585],[-8.6317],[-7.5707],[-6.4293],[-5.3012],[-4.3817],[-4.0268],[-4.4037],[-5.2061],[-5.8976],[-6.1305],[-5.9293],[-5.4805],[-4.9488],[-4.5073],[-4.2268]]},{"header":{"disciplineName":["Meteorological products"],"parameterCategory":[2],"parameterCategoryName":["v-component of wind"],"parameterNumberName":["v-component of wind"],"parameterNumber":[3],"parameterUnits":["m s-1"],"refTime":["2017-03-17T0000:00.000Z"],"numberPoints":[621],"nx":[27],"ny":[23],"lo1":[-20],"la1":[70],"lo2":[45],"la2":[45],"dx":[2.5],"dy":[2.5]},"data":[[-0.1927],[0.0427],[0.289],[0.5329],[0.7768],[1.0195],[1.2573],[1.4671],[1.6463],[1.7756],[1.8378],[1.8244],[1.7463],[1.5963],[1.4],[1.1634],[0.8915],[0.6098],[0.328],[0.0537],[-0.1878],[-0.3634],[-0.4598],[-0.4305],[-0.289],[-0.0512],[0.261],[0.8537],[0.9829],[1.1207],[1.2854],[1.4805],[1.7293],[2.0122],[2.2915],[2.5232],[2.6561],[2.6793],[2.572],[2.3415],[2.0146],[1.6402],[1.2341],[0.828],[0.4427],[0.0585],[-0.2817],[-0.5866],[-0.822],[-0.9402],[-0.9268],[-0.7707],[-0.4561],[-0.0549],[1.861],[1.911],[2.0012],[2.1537],[2.389],[2.6951],[3.028],[3.3305],[3.5268],[3.5683],[3.3988],[3.0427],[2.5354],[1.9415],[1.328],[0.7585],[0.278],[-0.1305],[-0.4439],[-0.7049],[-0.9],[-1.0366],[-1.0866],[-1.0268],[-0.8256],[-0.5098],[-0.1073],[2.4646],[2.5024],[2.6098],[2.8159],[3.0939],[3.4244],[3.7329],[3.9756],[4.0549],[3.9439],[3.6207],[3.0988],[2.4463],[1.7268],[1.0329],[0.4256],[-0.0439],[-0.3695],[-0.5646],[-0.6768],[-0.7415],[-0.7646],[-0.7463],[-0.6585],[-0.4951],[-0.2646],[-0.0024],[2.7451],[2.8171],[2.9573],[3.1463],[3.3561],[3.5573],[3.6902],[3.7341],[3.6768],[3.4817],[3.1805],[2.7585],[2.2427],[1.678],[1.1232],[0.6207],[0.2268],[-0.0488],[-0.2195],[-0.2915],[-0.3293],[-0.339],[-0.3354],[-0.3024],[-0.2293],[-0.122],[-0.0183],[2.8561],[2.9329],[3.0305],[3.1024],[3.1232],[3.0646],[2.9402],[2.7671],[2.6061],[2.4537],[2.3085],[2.1476],[1.9244],[1.6159],[1.239],[0.8439],[0.4902],[0.2354],[0.0683],[-0.0195],[-0.0841],[-0.1354],[-0.1939],[-0.2085],[-0.1927],[-0.1134],[-0.0354],[2.5659],[2.6317],[2.6537],[2.6073],[2.4585],[2.2402],[1.9927],[1.7768],[1.6537],[1.6134],[1.6317],[1.611],[1.4902],[1.211],[0.8354],[0.4463],[0.1171],[-0.0512],[-0.0902],[-0.039],[-0.0073],[-0.028],[-0.0915],[-0.1159],[-0.0585],[0.1183],[0.3366],[1.6646],[1.7293],[1.7439],[1.6963],[1.5817],[1.4512],[1.3549],[1.3305],[1.3878],[1.4963],[1.5512],[1.4512],[1.1451],[0.6439],[0.0634],[-0.4341],[-0.7049],[-0.6817],[-0.4354],[-0.1049],[0.1537],[0.2476],[0.2232],[0.2073],[0.3402],[0.6646],[1.0695],[0.3756],[0.5024],[0.6195],[0.711],[0.7927],[0.8902],[1.0329],[1.2378],[1.4695],[1.6683],[1.7146],[1.5171],[1.0366],[0.3317],[-0.4012],[-0.9634],[-1.1756],[-1.0098],[-0.5537],[-0.0146],[0.3963],[0.5951],[0.6293],[0.6341],[0.8085],[1.2012],[1.6878],[-0.7683],[-0.5049],[-0.2378],[1.0722e-08],[0.2171],[0.4341],[0.6549],[0.889],[1.1146],[1.3305],[1.4439],[1.361],[1.0232],[0.4573],[-0.1768],[-0.6878],[-0.9195],[-0.8122],[-0.4329],[0.061],[0.5134],[0.8122],[0.9549],[1.0598],[1.239],[1.5756],[1.9378],[-1.439],[-1.0793],[-0.7561],[-0.4939],[-0.2573],[-0.0427],[0.1134],[0.2293],[0.3366],[0.4939],[0.7],[0.8878],[0.8939],[0.6805],[0.2927],[-0.1207],[-0.4293],[-0.5061],[-0.3463],[0.0122],[0.4902],[0.9695],[1.3598],[1.6159],[1.7866],[1.9573],[2.0902],[-1.7732],[-1.4537],[-1.2207],[-0.9951],[-0.6829],[-0.3195],[-0.0366],[0.0646],[0.0427],[0.05],[0.178],[0.4012],[0.5549],[0.5061],[0.2305],[-0.1524],[-0.472],[-0.6],[-0.4768],[-0.0695],[0.5598],[1.2817],[1.8963],[2.2463],[2.3439],[2.3122],[2.2817],[-1.9707],[-1.8146],[-1.7024],[-1.4049],[-0.7488],[0.0963],[0.7902],[1.05],[0.8939],[0.5524],[0.2878],[0.1561],[0.0256],[-0.2537],[-0.6671],[-1.0671],[-1.2683],[-1.1805],[-0.8012],[-0.1512],[0.6805],[1.5695],[2.2585],[2.5488],[2.4329],[2.2],[2.1463],[-2.072],[-2.0244],[-1.8805],[-1.2524],[-0.0646],[1.3415],[2.3988],[2.689],[2.2305],[1.4134],[0.6171],[0.0061],[-0.5427],[-1.1451],[-1.7805],[-2.2317],[-2.289],[-1.9341],[-1.2805],[-0.4537],[0.4963],[1.4732],[2.2256],[2.4415],[2.0793],[1.528],[1.3902],[-1.9524],[-1.7902],[-1.3341],[-0.2829],[1.2963],[2.8963],[3.8232],[3.7451],[2.828],[1.628],[0.6085],[-0.1207],[-0.7707],[-1.4939],[-2.2549],[-2.7829],[-2.8756],[-2.5585],[-1.972],[-1.2159],[-0.2085],[1.0537],[2.2171],[2.6902],[2.1256],[1.0049],[0.2756],[-1.4061],[-0.9073],[-0.0951],[1.1683],[2.6707],[3.8378],[4.1341],[3.4598],[2.2366],[1.0902],[0.3585],[-0.0585],[-0.5012],[-1.1671],[-1.9683],[-2.6232],[-2.9695],[-2.9988],[-2.7927],[-2.2659],[-1.0939],[0.7927],[2.8244],[3.8524],[3.1341],[1.1037],[-0.7512],[-0.2134],[0.5268],[1.3817],[2.3683],[3.2439],[3.5976],[3.1878],[2.1988],[1.1585],[0.5244],[0.3256],[0.2159],[-0.1671],[-0.9],[-1.75],[-2.4744],[-2.9768],[-3.3061],[-3.4171],[-2.9805],[-1.5085],[1.0171],[3.7866],[5.2415],[4.2549],[1.2829],[-1.7012],[1.4122],[2.0061],[2.4366],[2.7232],[2.7573],[2.4134],[1.728],[0.9732],[0.5415],[0.528],[0.6207],[0.378],[-0.3963],[-1.4098],[-2.2598],[-2.778],[-3.0817],[-3.3134],[-3.3293],[-2.7134],[-1.0488],[1.5915],[4.2622],[5.4402],[4.0671],[0.6634],[-2.678],[2.6927],[2.7695],[2.5561],[2.1561],[1.661],[1.1402],[0.7146],[0.5427],[0.7183],[1.0232],[0.9707],[0.2061],[-1.1049],[-2.3439],[-3],[-3.0744],[-2.9098],[-2.7146],[-2.3073],[-1.3524],[0.2561],[2.2207],[3.7841],[3.9915],[2.3122],[-0.689],[-3.3341],[2.828],[2.3793],[1.75],[1.1207],[0.6829],[0.5073],[0.6159],[0.9415],[1.3463],[1.5354],[1.128],[-0.0305],[-1.5195],[-2.6488],[-2.9915],[-2.6988],[-2.1915],[-1.6171],[-0.772],[0.4451],[1.7268],[2.5744],[2.6159],[1.761],[0.122],[-1.828],[-3.2671],[2.0256],[1.3537],[0.6805],[0.2439],[0.2012],[0.5427],[1.0805],[1.5439],[1.7427],[1.5622],[0.9195],[-0.1256],[-1.2683],[-1.9927],[-2.0915],[-1.7805],[-1.3341],[-0.6939],[0.3244],[1.5415],[2.3293],[2.1402],[1.0744],[-0.2768],[-1.4244],[-2.222],[-2.7354],[1.2988],[0.7037],[0.1463],[-0.1305],[0.061],[0.672],[1.328],[1.6134],[1.4085],[0.8732],[0.2232],[-0.3963],[-0.9171],[-1.1976],[-1.2512],[-1.1854],[-1.0378],[-0.5768],[0.3037],[1.1976],[1.3939],[0.5659],[-0.7915],[-1.8707],[-2.2695],[-2.2854],[-2.4732],[1.1976],[0.8207],[0.2549],[-0.1866],[-0.1476],[0.3744],[0.9159],[0.9854],[0.4622],[-0.2963],[-0.8817],[-1.1476],[-1.1695],[-1.1073],[-1.1305],[-1.3037],[-1.4659],[-1.2866],[-0.7329],[-0.3037],[-0.5744],[-1.5622],[-2.5695],[-2.9329],[-2.6841],[-2.4476],[-2.7451]]}]