html/data/WT_san09_ind_wt_9_8.json
[{"header":{"disciplineName":["Meteorological products"],"parameterCategory":[0],"parameterCategoryName":["Temperature"],"parameterNumberName":["Temperature"],"parameterNumber":[0],"parameterUnits":["K"],"refTime":["2017-03-17T0000:00.000Z"],"numberPoints":[621],"nx":[27],"ny":[23],"lo1":[-20],"la1":[70],"lo2":[45],"la2":[45],"dx":[2.5],"dy":[2.5]},"data":[[-4.2122],[-3.6509],[-3.1887],[-2.7896],[-2.459],[-2.15],[-1.8761],[-1.586],[-1.2869],[-0.9851],[-0.6833],[-0.3968],[-0.1581],[0.0194],[0.1239],[0.1509],[0.1041],[0.0032],[-0.1257],[-0.2824],[-0.4356],[-0.5743],[-0.7077],[-0.8284],[-0.9455],[-1.0671],[-1.2005],[-2.5338],[-2.1905],[-1.9086],[-1.659],[-1.405],[-1.1275],[-0.8122],[-0.4617],[-0.0869],[0.2932],[0.6491],[0.9437],[1.1545],[1.2617],[1.2698],[1.1734],[1.0023],[0.7878],[0.5599],[0.3329],[0.1608],[0.0122],[-0.0932],[-0.186],[-0.2761],[-0.3716],[-0.5005],[-0.7842],[-0.6419],[-0.5068],[-0.3329],[-0.0986],[0.1896],[0.5338],[0.9023],[1.2743],[1.6185],[1.8905],[2.086],[2.1797],[2.1779],[2.0833],[1.923],[1.7203],[1.4941],[1.2842],[1.1149],[0.9914],[0.9005],[0.8365],[0.7662],[0.6734],[0.5392],[0.3743],[0.7149],[0.7716],[0.8887],[1.0752],[1.3401],[1.6464],[1.9851],[2.3086],[2.5851],[2.7986],[2.9464],[3.0302],[3.0536],[3.0356],[2.9761],[2.8806],[2.7563],[2.632],[2.5086],[2.3923],[2.2977],[2.2104],[2.1203],[2.0113],[1.8509],[1.6536],[1.4212],[1.8131],[1.9356],[2.1203],[2.3689],[2.6446],[2.9329],[3.2068],[3.4356],[3.5995],[3.7095],[3.7806],[3.8401],[3.9041],[3.9797],[4.0419],[4.068],[4.0392],[3.95],[3.8194],[3.6491],[3.4734],[3.3077],[3.1374],[2.9698],[2.7995],[2.6203],[2.4275],[2.8509],[3.0968],[3.3338],[3.5734],[3.8005],[4.0203],[4.2167],[4.3608],[4.468],[4.5464],[4.6167],[4.7212],[4.859],[4.9959],[5.1194],[5.168],[5.1176],[4.9653],[4.7266],[4.45],[4.1797],[3.9419],[3.7662],[3.6293],[3.5518],[3.4977],[3.4716],[4.2104],[4.4644],[4.6635],[4.8077],[4.9401],[5.086],[5.2311],[5.3752],[5.4896],[5.5788],[5.6725],[5.7788],[5.9041],[6.0122],[6.0662],[6.032],[5.8977],[5.6932],[5.4428],[5.1815],[4.9473],[4.7644],[4.6545],[4.5932],[4.5986],[4.6302],[4.6815],[5.7311],[5.8959],[5.9734],[6.0167],[6.0878],[6.214],[6.3824],[6.55],[6.6842],[6.7941],[6.8716],[6.941],[6.9923],[6.9995],[6.9392],[6.8221],[6.6842],[6.55],[6.4293],[6.3212],[6.2068],[6.0995],[6.0095],[5.9545],[5.9257],[5.895],[5.8995],[7.0581],[7.0995],[7.1176],[7.1662],[7.2734],[7.4419],[7.6302],[7.7905],[7.9086],[7.9896],[8.0671],[8.1347],[8.1725],[8.1356],[8.0095],[7.8491],[7.7158],[7.6509],[7.6104],[7.5464],[7.4248],[7.2644],[7.1104],[6.9986],[6.9419],[6.886],[6.868],[8.1536],[8.1752],[8.2833],[8.4626],[8.6815],[8.8869],[9.0365],[9.1338],[9.1788],[9.2275],[9.3203],[9.4608],[9.5752],[9.5662],[9.4176],[9.1797],[8.9608],[8.805],[8.6788],[8.4761],[8.1797],[7.8923],[7.7311],[7.7401],[7.8518],[7.9392],[7.9878],[9.3014],[9.4212],[9.7032],[10.0419],[10.3527],[10.5698],[10.686],[10.7095],[10.6932],[10.6896],[10.7806],[10.968],[11.1608],[11.1968],[11.005],[10.6743],[10.3419],[10.0932],[9.8905],[9.6212],[9.2914],[9.1041],[9.2419],[9.6878],[10.1698],[10.3896],[10.2788],[10.5662],[10.7896],[11.1689],[11.5716],[11.9077],[12.1608],[12.3374],[12.4392],[12.4347],[12.3707],[12.3563],[12.4689],[12.6383],[12.6896],[12.4887],[12.1302],[11.8212],[11.7194],[11.7626],[11.7914],[11.823],[12.0869],[12.8023],[13.8671],[14.7626],[14.9473],[14.3239],[11.7122],[11.9329],[12.241],[12.5698],[12.9311],[13.3401],[13.7824],[14.1284],[14.2392],[14.1005],[13.8914],[13.8086],[13.8869],[13.9329],[13.7671],[13.4563],[13.2878],[13.4932],[14.0023],[14.5707],[15.1239],[15.8986],[17.1635],[18.7635],[20.0482],[20.314],[19.3896],[12.5635],[12.6608],[12.8347],[13.1419],[13.6797],[14.4419],[15.305],[15.977],[16.2131],[15.9824],[15.5518],[15.2797],[15.2599],[15.2851],[15.0995],[14.7446],[14.568],[14.8833],[15.6149],[16.4608],[17.2518],[18.2428],[19.768],[21.6986],[23.3932],[24.1563],[23.8338],[13.2419],[13.2653],[13.4356],[13.9662],[14.9167],[16.1815],[17.4392],[18.323],[18.5887],[18.2689],[17.705],[17.2995],[17.1779],[17.1032],[16.7644],[16.1797],[15.7356],[15.7779],[16.2734],[16.9086],[17.5536],[18.4968],[20.0996],[22.2203],[24.25],[25.6482],[26.4167],[14.0527],[14.1824],[14.5932],[15.5599],[17.032],[18.7113],[20.1464],[21.0005],[21.1869],[20.832],[20.2707],[19.8113],[19.5293],[19.2248],[18.6383],[17.8095],[17.0689],[16.7482],[16.8149],[17.0581],[17.5122],[18.5284],[20.3914],[22.7311],[24.795],[26.1743],[27.259],[15.3545],[15.7599],[16.5158],[17.814],[19.5356],[21.2788],[22.5752],[23.2401],[23.3428],[23.0896],[22.686],[22.2356],[21.7401],[21.1131],[20.3014],[19.3986],[18.6455],[18.2122],[18.0554],[18.114],[18.5959],[19.9806],[22.3743],[25.0725],[26.9302],[27.4824],[27.5041],[17.3482],[18.0986],[19.023],[20.2617],[21.7419],[23.132],[24.1005],[24.577],[24.723],[24.7248],[24.5806],[24.1644],[23.4266],[22.4698],[21.4959],[20.6761],[20.1104],[19.8176],[19.7293],[19.8455],[20.4932],[22.1941],[25.0059],[28.0275],[29.7869],[29.5707],[28.1941],[19.7104],[20.6923],[21.5518],[22.4059],[23.3266],[24.2185],[24.9041],[25.3311],[25.6392],[25.9194],[25.9977],[25.5932],[24.6473],[23.4464],[22.3824],[21.6401],[21.2194],[21.0545],[21.1104],[21.4212],[22.1581],[23.7293],[26.2968],[29.1932],[31.0941],[31.0203],[29.3698],[21.5023],[22.5149],[23.2293],[23.7203],[24.1968],[24.7815],[25.3995],[25.9185],[26.3563],[26.759],[26.9023],[26.4833],[25.4851],[24.2806],[23.2986],[22.6536],[22.241],[22.0671],[22.2644],[22.8248],[23.5761],[24.6113],[26.1851],[28.2752],[30.1302],[30.8095],[30.1023],[21.8626],[22.7401],[23.3563],[23.7338],[24.1338],[24.7248],[25.4086],[25.9716],[26.3878],[26.7338],[26.8716],[26.5482],[25.7635],[24.9004],[24.295],[23.8995],[23.5383],[23.3284],[23.6077],[24.3797],[25.186],[25.6779],[26.1158],[26.9905],[28.3041],[29.3635],[29.5959],[20.9131],[21.5428],[22.0815],[22.532],[23.0464],[23.7185],[24.3959],[24.8734],[25.1617],[25.4212],[25.632],[25.5896],[25.2986],[25.0212],[24.9572],[24.9311],[24.7275],[24.5149],[24.7644],[25.5194],[26.2833],[26.5104],[26.3554],[26.4284],[27.0167],[27.7455],[28.0212],[19.5545],[19.9185],[20.332],[20.7932],[21.3428],[21.9527],[22.4698],[22.7833],[22.9779],[23.2383],[23.595],[23.9077],[24.1374],[24.3923],[24.7005],[24.8824],[24.8077],[24.6572],[24.7581],[25.1707],[25.568],[25.7032],[25.6905],[25.8491],[26.2113],[26.4626],[26.2428]]},{"header":{"disciplineName":["Meteorological products"],"parameterCategory":[2],"parameterCategoryName":["u-component of wind"],"parameterNumberName":["u-component of wind"],"parameterNumber":[2],"parameterUnits":["m s-1"],"refTime":["2017-03-17T0000:00.000Z"],"numberPoints":[621],"nx":[27],"ny":[23],"lo1":[-20],"la1":[70],"lo2":[45],"la2":[45],"dx":[2.5],"dy":[2.5]},"data":[[1.7838],[2.0153],[2.2054],[2.3631],[2.5009],[2.6532],[2.8306],[3.064],[3.3414],[3.6523],[3.9793],[4.2883],[4.555],[4.764],[4.927],[5.0559],[5.155],[5.2514],[5.3414],[5.4234],[5.4874],[5.5063],[5.4703],[5.3739],[5.2243],[5.0559],[4.8919],[2.3189],[2.6072],[2.8126],[2.9315],[3.0369],[3.1577],[3.3577],[3.6432],[4.0279],[4.4766],[4.9351],[5.3414],[5.6514],[5.8225],[5.8649],[5.8261],[5.7441],[5.6667],[5.627],[5.6324],[5.6514],[5.6586],[5.6297],[5.5261],[5.3757],[5.1874],[5.0054],[3.2721],[3.5414],[3.7351],[3.8712],[3.9766],[4.1144],[4.3153],[4.6207],[5.0117],[5.4685],[5.9099],[6.2622],[6.4604],[6.4883],[6.3586],[6.1198],[5.8523],[5.6279],[5.4829],[5.4261],[5.4514],[5.4973],[5.5189],[5.4892],[5.409],[5.2928],[5.173],[4.2],[4.4207],[4.6477],[4.8766],[5.0892],[5.2847],[5.4685],[5.6586],[5.864],[6.0847],[6.2901],[6.4288],[6.4793],[6.4153],[6.255],[6.055],[5.8486],[5.7036],[5.6378],[5.6514],[5.6955],[5.7685],[5.8063],[5.8072],[5.7676],[5.7108],[5.6423],[5.0297],[5.1766],[5.464],[5.8369],[6.1883],[6.4297],[6.5432],[6.518],[6.4171],[6.2982],[6.1937],[6.1333],[6.091],[6.0757],[6.0811],[6.1072],[6.1676],[6.2541],[6.3423],[6.4126],[6.4432],[6.4297],[6.3865],[6.3342],[6.282],[6.2505],[6.2198],[6.0351],[6.1333],[6.436],[6.8423],[7.2081],[7.4045],[7.3892],[7.1847],[6.8721],[6.5694],[6.3441],[6.2171],[6.1883],[6.2261],[6.3],[6.4162],[6.5468],[6.6622],[6.7315],[6.7207],[6.6333],[6.4973],[6.3658],[6.291],[6.2883],[6.3486],[6.4405],[7.4261],[7.4739],[7.6595],[7.8928],[8.0658],[8.0865],[7.9261],[7.6459],[7.3324],[7.1045],[6.9784],[6.9505],[6.9369],[6.8667],[6.7369],[6.5631],[6.3991],[6.2378],[6.091],[5.9189],[5.7261],[5.5514],[5.4595],[5.5018],[5.6712],[5.927],[6.2189],[8.8514],[8.7892],[8.7117],[8.6162],[8.4865],[8.2991],[8.045],[7.7658],[7.536],[7.4081],[7.4036],[7.4261],[7.3622],[7.1198],[6.7117],[6.2189],[5.7514],[5.3685],[5.0766],[4.8369],[4.6414],[4.5387],[4.5865],[4.7955],[5.1441],[5.5523],[5.9541],[9.5739],[9.3018],[8.9297],[8.5441],[8.2018],[7.9225],[7.6514],[7.3757],[7.0982],[6.8631],[6.7072],[6.6054],[6.4721],[6.2306],[5.8766],[5.4937],[5.1676],[4.936],[4.7586],[4.6027],[4.4505],[4.3829],[4.4901],[4.791],[5.2198],[5.664],[6.0414],[9.1595],[8.6946],[8.1189],[7.5757],[7.1568],[6.8991],[6.7126],[6.4649],[6.0802],[5.5982],[5.1414],[4.7937],[4.6198],[4.5676],[4.6063],[4.6937],[4.8117],[4.9216],[4.9441],[4.8423],[4.6739],[4.5685],[4.664],[4.9883],[5.4577],[5.9189],[6.2712],[7.9342],[7.4261],[6.7613],[6.0901],[5.5874],[5.3532],[5.3261],[5.2883],[5.0568],[4.5928],[4.0279],[3.5667],[3.364],[3.4405],[3.6955],[4.027],[4.3117],[4.4613],[4.4514],[4.2874],[4.1117],[4.0622],[4.2541],[4.6586],[5.1685],[5.6297],[6.0009],[6.4288],[5.9919],[5.3189],[4.5414],[3.9234],[3.7171],[3.9568],[4.4054],[4.7306],[4.7216],[4.4324],[4.0649],[3.8027],[3.7153],[3.7405],[3.7423],[3.6297],[3.4063],[3.1243],[2.8892],[2.8477],[3.0514],[3.4712],[3.9685],[4.3712],[4.6514],[4.8982],[4.6946],[4.3586],[3.8243],[3.1757],[2.7036],[2.7477],[3.3694],[4.327],[5.2063],[5.7099],[5.7919],[5.5937],[5.3117],[4.991],[4.6153],[4.1315],[3.5171],[2.8712],[2.3261],[2.0694],[2.1847],[2.6297],[3.209],[3.6568],[3.7928],[3.6739],[3.5315],[2.7486],[2.6045],[2.4784],[2.3919],[2.5243],[3.0396],[3.9135],[4.9135],[5.7216],[6.191],[6.3351],[6.2955],[6.1604],[5.9351],[5.582],[5.0676],[4.4126],[3.7126],[3.0901],[2.727],[2.7297],[3.0946],[3.6225],[4.0207],[4.0694],[3.7009],[3.145],[1.4135],[1.6495],[2.1261],[2.7757],[3.5315],[4.2919],[4.8991],[5.2072],[5.1955],[5.055],[5.0171],[5.1658],[5.4342],[5.664],[5.7459],[5.6847],[5.4532],[5.0324],[4.4874],[3.9432],[3.6234],[3.6757],[4.1027],[4.6883],[5.0937],[5.0027],[4.3324],[1.8126],[2.509],[3.3748],[4.2649],[4.9577],[5.2694],[5.0396],[4.3207],[3.4252],[2.782],[2.6964],[3.1162],[3.7351],[4.2721],[4.6378],[4.8955],[5.0577],[5.0297],[4.7477],[4.2811],[3.8946],[3.8685],[4.3333],[5.173],[6.0351],[6.3919],[5.8964],[3.6027],[4.5108],[5.2072],[5.5405],[5.4099],[4.7757],[3.7135],[2.4739],[1.4306],[0.9559],[1.1126],[1.6505],[2.1486],[2.3793],[2.4225],[2.4991],[2.7577],[3.1063],[3.4027],[3.5937],[3.7973],[4.1315],[4.6099],[5.1802],[5.7018],[5.9315],[5.5712],[4.6198],[5.282],[5.4081],[4.9441],[3.9829],[2.755],[1.5712],[0.7279],[0.3658],[0.4532],[0.764],[0.9991],[0.9126],[0.4748],[-0.0396],[-0.2883],[-0.0405],[0.6892],[1.7162],[2.8568],[3.9378],[4.6865],[4.8532],[4.3919],[3.5946],[2.8955],[2.4946],[2.9],[3.1081],[2.8306],[2.0973],[1.0982],[0.1559],[-0.3721],[-0.3667],[0.0117],[0.3955],[0.4811],[0.1811],[-0.3982],[-1.0667],[-1.6018],[-1.7586],[-1.3505],[-0.3811],[1.0315],[2.6135],[3.9829],[4.6667],[4.2279],[2.6387],[0.5387],[-1.0658],[-1.5171],[-1.3063],[-1.3928],[-1.5856],[-1.8423],[-2.1081],[-2.2396],[-2.0315],[-1.4838],[-0.918],[-0.7072],[-0.982],[-1.4883],[-1.8721],[-1.9631],[-1.8009],[-1.4297],[-0.8306],[0.0477],[1.1387],[2.2063],[2.9423],[2.9946],[2.0883],[0.2568],[-1.9216],[-3.5108],[-3.8405],[-6.0928],[-6.2153],[-6.0649],[-5.6288],[-5.0973],[-4.6018],[-4.1351],[-3.6748],[-3.3622],[-3.3748],[-3.6144],[-3.736],[-3.4081],[-2.6396],[-1.7216],[-0.9225],[-0.2937],[0.2162],[0.5937],[0.7099],[0.4378],[-0.1883],[-1.0712],[-2.1126],[-3.1324],[-3.8333],[-3.9973],[-9.7577],[-9.9153],[-9.6126],[-8.8505],[-7.9892],[-7.3946],[-7.1225],[-7.0018],[-6.9306],[-6.8586],[-6.6874],[-6.2396],[-5.4216],[-4.3315],[-3.2432],[-2.373],[-1.8207],[-1.5613],[-1.6081],[-2.0009],[-2.6982],[-3.445],[-3.9081],[-3.9396],[-3.7072],[-3.5459],[-3.6631],[-11.4775],[-11.927],[-11.8387],[-11.2378],[-10.5441],[-10.1928],[-10.2225],[-10.3757],[-10.3865],[-10.1523],[-9.6892],[-9.0892],[-8.3991],[-7.6405],[-6.7937],[-5.9324],[-5.2568],[-4.8946],[-4.818],[-4.9586],[-5.2009],[-5.4198],[-5.3811],[-4.9523],[-4.3135],[-3.873],[-3.8838]]},{"header":{"disciplineName":["Meteorological products"],"parameterCategory":[2],"parameterCategoryName":["v-component of wind"],"parameterNumberName":["v-component of wind"],"parameterNumber":[3],"parameterUnits":["m s-1"],"refTime":["2017-03-17T0000:00.000Z"],"numberPoints":[621],"nx":[27],"ny":[23],"lo1":[-20],"la1":[70],"lo2":[45],"la2":[45],"dx":[2.5],"dy":[2.5]},"data":[[-0.5261],[-0.3036],[-0.0667],[0.1604],[0.3928],[0.609],[0.8045],[0.9847],[1.1333],[1.236],[1.3117],[1.3468],[1.3441],[1.327],[1.2712],[1.182],[1.0234],[0.7937],[0.4928],[0.1063],[-0.3135],[-0.7324],[-1.073],[-1.291],[-1.336],[-1.1946],[-0.9054],[0.3072],[0.4234],[0.5378],[0.6712],[0.8532],[1.0838],[1.3396],[1.6072],[1.8252],[1.9577],[1.9964],[1.9396],[1.8171],[1.6586],[1.5018],[1.3432],[1.1793],[0.9586],[0.6468],[0.2387],[-0.2495],[-0.7586],[-1.2117],[-1.5189],[-1.6045],[-1.4514],[-1.0991],[1.045],[0.9757],[0.9351],[0.9802],[1.1505],[1.4477],[1.8216],[2.1946],[2.4757],[2.5766],[2.4874],[2.2207],[1.8441],[1.4568],[1.127],[0.8937],[0.7324],[0.5865],[0.3892],[0.0838],[-0.3396],[-0.8171],[-1.2793],[-1.5919],[-1.6892],[-1.5261],[-1.1441],[1.3532],[1.2108],[1.1505],[1.2315],[1.4595],[1.8189],[2.2523],[2.645],[2.8901],[2.9099],[2.6676],[2.2207],[1.6739],[1.1405],[0.736],[0.4865],[0.3793],[0.327],[0.2297],[0.0198],[-0.3261],[-0.7586],[-1.1658],[-1.464],[-1.5541],[-1.4117],[-1.0631],[1.3216],[1.3721],[1.5045],[1.718],[1.9775],[2.2712],[2.5532],[2.7604],[2.8342],[2.7216],[2.4198],[1.9856],[1.5027],[1.082],[0.7946],[0.6577],[0.6045],[0.5541],[0.4207],[0.1532],[-0.2297],[-0.6541],[-1.0441],[-1.3117],[-1.3856],[-1.2685],[-1.0018],[1.2991],[1.6883],[2.0865],[2.3901],[2.5486],[2.5748],[2.4982],[2.3667],[2.2009],[2.009],[1.791],[1.5486],[1.3261],[1.1658],[1.0721],[1.0324],[0.9838],[0.8477],[0.5793],[0.1973],[-0.2631],[-0.6946],[-1.0189],[-1.1946],[-1.2153],[-1.0937],[-0.8793],[1.355],[1.9955],[2.5063],[2.7631],[2.718],[2.4306],[2.0288],[1.6396],[1.3721],[1.2378],[1.1955],[1.1739],[1.1306],[1.0784],[1.0117],[0.936],[0.8225],[0.6207],[0.3018],[-0.0928],[-0.4838],[-0.791],[-0.9559],[-0.9847],[-0.8937],[-0.7333],[-0.5081],[1.2459],[1.8703],[2.3207],[2.4865],[2.3342],[1.9369],[1.4586],[1.0685],[0.8856],[0.9054],[1.0333],[1.1054],[1.0459],[0.8414],[0.5802],[0.3369],[0.1315],[-0.0568],[-0.2613],[-0.4919],[-0.6811],[-0.7721],[-0.7414],[-0.6117],[-0.4207],[-0.2045],[0.0441],[0.8117],[1.2757],[1.6207],[1.7712],[1.7144],[1.4387],[1.073],[0.7775],[0.6793],[0.8027],[1.0225],[1.1432],[1.0288],[0.673],[0.227],[-0.1757],[-0.427],[-0.5577],[-0.6369],[-0.7108],[-0.7396],[-0.6613],[-0.4667],[-0.1874],[0.0955],[0.3405],[0.5712],[0.2315],[0.5252],[0.8135],[1.0649],[1.1901],[1.1081],[0.8261],[0.4739],[0.2414],[0.2631],[0.5018],[0.7667],[0.8414],[0.6486],[0.2685],[-0.1414],[-0.4207],[-0.5991],[-0.7],[-0.7712],[-0.7568],[-0.5793],[-0.2216],[0.2586],[0.7054],[1.0027],[1.1333],[-0.3018],[-0.1405],[0.1027],[0.4126],[0.7045],[0.7973],[0.5514],[0.0405],[-0.4775],[-0.709],[-0.5225],[-0.0441],[0.4234],[0.6324],[0.5081],[0.164],[-0.236],[-0.5505],[-0.7604],[-0.8532],[-0.7622],[-0.4378],[0.145],[0.855],[1.5045],[1.8937],[1.9387],[-0.8162],[-0.7874],[-0.6874],[-0.4],[0.0441],[0.4342],[0.4586],[0.0135],[-0.6838],[-1.2],[-1.2099],[-0.6892],[0.0063],[0.4649],[0.4631],[0.0486],[-0.5171],[-0.9532],[-1.1009],[-0.9595],[-0.5811],[-0.009],[0.7198],[1.5],[2.1892],[2.6225],[2.7045],[-1.3676],[-1.4919],[-1.5505],[-1.2486],[-0.5018],[0.4108],[0.9874],[0.873],[0.173],[-0.6225],[-1.0099],[-0.7964],[-0.2802],[0.0721],[-0.0982],[-0.7252],[-1.4541],[-1.8468],[-1.6829],[-1.0441],[-0.191],[0.6225],[1.2856],[1.7973],[2.2036],[2.5333],[2.7631],[-1.8207],[-2.0198],[-2.0387],[-1.518],[-0.345],[1.0973],[2.127],[2.2351],[1.4775],[0.3982],[-0.3811],[-0.582],[-0.4378],[-0.4],[-0.8324],[-1.6775],[-2.5252],[-2.8234],[-2.327],[-1.2153],[0.082],[1.118],[1.6955],[1.8333],[1.7378],[1.6766],[1.8622],[-1.9018],[-1.9793],[-1.7279],[-0.8423],[0.6541],[2.2162],[3.1297],[3.009],[2.0622],[0.8784],[0.0162],[-0.3378],[-0.4081],[-0.5991],[-1.2099],[-2.1919],[-3.1486],[-3.5396],[-3.0459],[-1.7757],[-0.1712],[1.2649],[2.1532],[2.3153],[1.8252],[1.0676],[0.6414],[-1.3775],[-1.2351],[-0.7252],[0.3378],[1.7414],[2.864],[3.1477],[2.5514],[1.555],[0.7144],[0.2568],[0.0802],[-0.0802],[-0.455],[-1.1901],[-2.2541],[-3.3703],[-4.064],[-3.8928],[-2.7577],[-0.8838],[1.2414],[2.9865],[3.7135],[3.0468],[1.345],[-0.3162],[-0.255],[-0.0505],[0.3694],[1.127],[1.9757],[2.3721],[2.0414],[1.291],[0.7162],[0.6099],[0.7514],[0.6847],[0.2387],[-0.4883],[-1.3721],[-2.4288],[-3.5757],[-4.4712],[-4.5856],[-3.5613],[-1.4189],[1.3649],[3.9288],[5.2063],[4.4072],[1.8216],[-1.0811],[1.1243],[1.0937],[1.0072],[1.0676],[1.1874],[1.0523],[0.6126],[0.2559],[0.4063],[0.9838],[1.3613],[1.0081],[-0.0126],[-1.1667],[-2.1072],[-2.918],[-3.7784],[-4.4982],[-4.5099],[-3.3604],[-1.0712],[1.7928],[4.3162],[5.4072],[4.3261],[1.3505],[-1.9559],[2.1883],[1.7658],[1.0613],[0.4541],[0.1036],[-0.0748],[-0.1252],[0.1414],[0.7955],[1.509],[1.5793],[0.691],[-0.773],[-2.0532],[-2.7541],[-3.1171],[-3.4748],[-3.7243],[-3.327],[-1.9351],[0.1955],[2.3505],[3.7847],[3.918],[2.5135],[-0.0414],[-2.6189],[2.5369],[1.8324],[0.7955],[-0.0703],[-0.4216],[-0.3],[0.1468],[0.7523],[1.373],[1.6748],[1.2559],[0.1207],[-1.2297],[-2.1342],[-2.4225],[-2.4198],[-2.445],[-2.3207],[-1.5766],[-0.109],[1.5432],[2.5793],[2.5676],[1.6613],[0.2613],[-1.2667],[-2.564],[2.2883],[1.5468],[0.5505],[-0.164],[-0.2766],[0.1432],[0.7667],[1.2829],[1.4784],[1.2703],[0.6495],[-0.1991],[-0.9261],[-1.2658],[-1.2901],[-1.2784],[-1.3135],[-1.1036],[-0.3117],[0.9108],[1.8784],[1.9135],[0.9811],[-0.3036],[-1.2468],[-1.7081],[-2.073],[1.8631],[1.2523],[0.4892],[0.0054],[0.0189],[0.4081],[0.8225],[0.9964],[0.8243],[0.4135],[-0.0586],[-0.4045],[-0.5207],[-0.4946],[-0.5261],[-0.7505],[-0.9541],[-0.7937],[-0.1658],[0.5622],[0.8018],[0.236],[-0.8297],[-1.7405],[-2.0135],[-1.8676],[-2.0369],[1.4667],[0.9865],[0.4126],[0.0396],[-0.0604],[-0.0144],[0.0099],[-0.0784],[-0.3018],[-0.6018],[-0.8667],[-0.9676],[-0.8712],[-0.7414],[-0.845],[-1.1964],[-1.4631],[-1.3342],[-0.9018],[-0.6586],[-0.9748],[-1.727],[-2.4396],[-2.7009],[-2.5126],[-2.3369],[-2.7577]]}]