html/data/WT_san09_ind_wt_10_9.json
[{"header":{"disciplineName":["Meteorological products"],"parameterCategory":[0],"parameterCategoryName":["Temperature"],"parameterNumberName":["Temperature"],"parameterNumber":[0],"parameterUnits":["K"],"refTime":["2017-03-17T0000:00.000Z"],"numberPoints":[621],"nx":[27],"ny":[23],"lo1":[-20],"la1":[70],"lo2":[45],"la2":[45],"dx":[2.5],"dy":[2.5]},"data":[[-8.9306],[-8.0581],[-7.2634],[-6.5624],[-5.9538],[-5.4484],[-5.0323],[-4.6984],[-4.4435],[-4.2457],[-4.1016],[-3.9995],[-3.9538],[-3.9441],[-3.9839],[-4.0618],[-4.179],[-4.3247],[-4.4957],[-4.6763],[-4.8548],[-5.0339],[-5.2113],[-5.4054],[-5.6167],[-5.8661],[-6.1661],[-5.9215],[-5.3435],[-4.8376],[-4.3844],[-3.9769],[-3.6059],[-3.2828],[-2.9909],[-2.7538],[-2.5651],[-2.4306],[-2.3452],[-2.3194],[-2.3565],[-2.4468],[-2.5952],[-2.7925],[-3.0312],[-3.2952],[-3.5543],[-3.8086],[-4.0392],[-4.2468],[-4.4425],[-4.6366],[-4.8565],[-5.1253],[-3.3925],[-3.1952],[-3.0075],[-2.7828],[-2.5183],[-2.2242],[-1.9274],[-1.657],[-1.4403],[-1.2833],[-1.1935],[-1.1672],[-1.1866],[-1.2511],[-1.3543],[-1.493],[-1.6801],[-1.9011],[-2.1602],[-2.4339],[-2.7215],[-2.9925],[-3.2419],[-3.4823],[-3.7129],[-3.9667],[-4.2473],[-1.8177],[-1.8231],[-1.7452],[-1.5645],[-1.2989],[-0.9876],[-0.693],[-0.4495],[-0.2887],[-0.207],[-0.2054],[-0.2435],[-0.2903],[-0.3312],[-0.3618],[-0.3957],[-0.464],[-0.5823],[-0.7624],[-1.0091],[-1.3065],[-1.628],[-1.9645],[-2.2968],[-2.628],[-2.9645],[-3.3167],[-0.9801],[-0.8909],[-0.6769],[-0.3882],[-0.0522],[0.271],[0.5376],[0.7199],[0.8054],[0.8247],[0.7946],[0.7602],[0.7473],[0.7651],[0.8134],[0.8618],[0.864],[0.7796],[0.5952],[0.3091],[-0.0575],[-0.4699],[-0.8817],[-1.2763],[-1.6452],[-1.986],[-2.3296],[-0.1763],[0.1414],[0.5113],[0.8731],[1.1882],[1.4446],[1.6349],[1.7704],[1.8634],[1.9237],[1.972],[2.0247],[2.0801],[2.1333],[2.1548],[2.1274],[2.0177],[1.7973],[1.464],[1.0414],[0.5715],[0.1032],[-0.3177],[-0.6624],[-0.9344],[-1.15],[-1.3446],[1.0704],[1.4667],[1.8156],[2.086],[2.2785],[2.436],[2.579],[2.7452],[2.928],[3.1188],[3.2898],[3.4151],[3.4737],[3.4473],[3.3312],[3.1226],[2.8113],[2.4194],[1.971],[1.4935],[1.0215],[0.6005],[0.2661],[0.0306],[-0.1102],[-0.1887],[-0.2478],[2.622],[2.8903],[3.0785],[3.2016],[3.3005],[3.4258],[3.6129],[3.8624],[4.1317],[4.3629],[4.5317],[4.5946],[4.5457],[4.3796],[4.1134],[3.772],[3.3898],[3.0086],[2.6468],[2.3118],[1.9978],[1.722],[1.4941],[1.3215],[1.2065],[1.1339],[1.0688],[4.1495],[4.2468],[4.3145],[4.3774],[4.4973],[4.6796],[4.9306],[5.1876],[5.4005],[5.5129],[5.5333],[5.4548],[5.2758],[5.0242],[4.7022],[4.3516],[4.0242],[3.7742],[3.6005],[3.479],[3.3866],[3.2694],[3.1306],[2.9672],[2.8091],[2.6656],[2.5452],[5.5586],[5.5849],[5.6387],[5.7462],[5.9226],[6.1468],[6.357],[6.5016],[6.5478],[6.5108],[6.414],[6.2849],[6.114],[5.8833],[5.5667],[5.2038],[4.8683],[4.6296],[4.5156],[4.5005],[4.5457],[4.5871],[4.6005],[4.579],[4.4876],[4.3586],[4.2172],[6.9113],[6.9226],[7.0016],[7.1468],[7.3151],[7.472],[7.5683],[7.5817],[7.5446],[7.4892],[7.4677],[7.471],[7.4398],[7.2839],[6.9441],[6.4618],[5.9624],[5.5903],[5.4054],[5.4129],[5.5796],[5.872],[6.2296],[6.5527],[6.7328],[6.6984],[6.4763],[8.0935],[8.0855],[8.1548],[8.2769],[8.4016],[8.4914],[8.5349],[8.5613],[8.6011],[8.6984],[8.8538],[9.0285],[9.121],[8.9855],[8.578],[7.9661],[7.3527],[6.9301],[6.7989],[6.9575],[7.3586],[7.9833],[8.7575],[9.5328],[10.0581],[10.1301],[9.7242],[9.0215],[8.978],[9.0027],[9.1091],[9.2613],[9.4274],[9.607],[9.8091],[10.0204],[10.2452],[10.4661],[10.6468],[10.7161],[10.5414],[10.1005],[9.4973],[8.9806],[8.7651],[8.9022],[9.3339],[9.9812],[10.8312],[11.8667],[12.9247],[13.7226],[13.9796],[13.6102],[9.8608],[9.7613],[9.7624],[9.943],[10.2941],[10.7387],[11.1968],[11.5968],[11.8823],[12.0532],[12.1086],[12.1167],[12.0543],[11.8559],[11.4661],[10.9989],[10.6812],[10.6957],[11.0559],[11.621],[12.2892],[13.1086],[14.1333],[15.2726],[16.2656],[16.8973],[17.0683],[10.7962],[10.6548],[10.7005],[11.1011],[11.8022],[12.6145],[13.3161],[13.786],[13.9855],[13.9435],[13.7532],[13.5478],[13.3806],[13.1887],[12.886],[12.5059],[12.2468],[12.264],[12.5462],[12.9441],[13.4306],[14.1301],[15.1387],[16.3409],[17.4613],[18.4086],[19.2753],[11.7398],[11.6505],[11.8812],[12.6054],[13.671],[14.7387],[15.5226],[15.9124],[15.9737],[15.7957],[15.4952],[15.1849],[14.9495],[14.7188],[14.4108],[14.0124],[13.6704],[13.5296],[13.5634],[13.7177],[14.0731],[14.8785],[16.2081],[17.6849],[18.8237],[19.5672],[20.3968],[12.5758],[12.7511],[13.2957],[14.2925],[15.5253],[16.6075],[17.2909],[17.572],[17.6188],[17.5495],[17.3871],[17.1156],[16.764],[16.371],[15.9215],[15.4559],[15.071],[14.8661],[14.8274],[14.9183],[15.3608],[16.5242],[18.422],[20.3785],[21.4688],[21.4683],[21.2124],[13.6462],[14.2532],[15.0957],[16.1344],[17.1919],[18.022],[18.5199],[18.7817],[19.0161],[19.2828],[19.4048],[19.1973],[18.6484],[17.9511],[17.2849],[16.7634],[16.4253],[16.3269],[16.4328],[16.6871],[17.293],[18.6677],[20.8952],[23.214],[24.3495],[23.7425],[22.2306],[15.4355],[16.4559],[17.4022],[18.1672],[18.7758],[19.2651],[19.6349],[19.9882],[20.464],[21.0285],[21.3602],[21.1161],[20.3054],[19.3043],[18.4753],[17.9167],[17.6091],[17.5935],[17.8785],[18.3828],[19.0753],[20.2398],[22.1414],[24.3129],[25.5914],[25.1032],[23.3204],[17.8065],[18.993],[19.8183],[20.2005],[20.4016],[20.6661],[21.0522],[21.5],[22.036],[22.5973],[22.8591],[22.4387],[21.4118],[20.2903],[19.5151],[19.0608],[18.7441],[18.6527],[19.0237],[19.7892],[20.5887],[21.3355],[22.3586],[23.7763],[24.9688],[25.0806],[24.0349],[19.8038],[20.8952],[21.5468],[21.7204],[21.7909],[22.0661],[22.5328],[22.9522],[23.2898],[23.5688],[23.5575],[22.9677],[21.9005],[20.9489],[20.5188],[20.3919],[20.1796],[19.986],[20.3392],[21.3134],[22.3301],[22.8452],[23.0306],[23.4339],[24.0978],[24.4726],[24.136],[20.6108],[21.4688],[22.0204],[22.2441],[22.4306],[22.8215],[23.2914],[23.5726],[23.6522],[23.6516],[23.4876],[22.9333],[22.1075],[21.5516],[21.6],[21.9242],[21.9554],[21.7672],[21.9737],[22.8946],[23.9892],[24.5226],[24.4005],[24.1747],[24.1806],[24.1661],[23.7414],[20.2763],[20.8747],[21.3667],[21.7145],[22.0478],[22.4618],[22.8301],[22.9914],[22.9866],[22.9758],[22.9505],[22.7274],[22.3618],[22.2296],[22.578],[23.1183],[23.3651],[23.2489],[23.2392],[23.6984],[24.4124],[24.9156],[25.021],[24.9005],[24.6785],[24.1785],[23.2]]},{"header":{"disciplineName":["Meteorological products"],"parameterCategory":[2],"parameterCategoryName":["u-component of wind"],"parameterNumberName":["u-component of wind"],"parameterNumber":[2],"parameterUnits":["m s-1"],"refTime":["2017-03-17T0000:00.000Z"],"numberPoints":[621],"nx":[27],"ny":[23],"lo1":[-20],"la1":[70],"lo2":[45],"la2":[45],"dx":[2.5],"dy":[2.5]},"data":[[2.1742],[2.2538],[2.3371],[2.4333],[2.5715],[2.7661],[3.0403],[3.4043],[3.8511],[4.3505],[4.8796],[5.3823],[5.8355],[6.2134],[6.5],[6.7048],[6.8419],[6.9301],[6.9898],[7.029],[7.0484],[7.0409],[7.007],[6.9306],[6.8344],[6.7237],[6.6108],[2.0763],[2.3747],[2.6403],[2.8823],[3.1333],[3.4151],[3.7731],[4.2495],[4.8183],[5.4683],[6.1247],[6.7328],[7.228],[7.5704],[7.7495],[7.8065],[7.7742],[7.7091],[7.6538],[7.6242],[7.6274],[7.628],[7.6156],[7.564],[7.4763],[7.3688],[7.2602],[2.4849],[2.9688],[3.428],[3.8468],[4.2376],[4.6349],[5.0769],[5.6],[6.2075],[6.8661],[7.5086],[8.0538],[8.4183],[8.578],[8.5398],[8.3495],[8.107],[7.8833],[7.743],[7.6995],[7.7376],[7.8242],[7.8989],[7.9441],[7.9344],[7.8849],[7.8226],[3.4914],[4.0102],[4.5516],[5.0785],[5.5597],[6.0022],[6.4151],[6.829],[7.2704],[7.7258],[8.1435],[8.479],[8.6548],[8.6634],[8.5199],[8.2882],[8.0543],[7.8989],[7.8452],[7.9],[8.0274],[8.1747],[8.2957],[8.3683],[8.386],[8.3613],[8.3156],[5.2446],[5.5844],[6.0172],[6.4882],[6.9258],[7.2704],[7.5151],[7.6677],[7.7753],[7.8801],[7.9731],[8.0527],[8.079],[8.0624],[8.0091],[7.9731],[7.9914],[8.0849],[8.2237],[8.3758],[8.5016],[8.5608],[8.571],[8.5349],[8.486],[8.4425],[8.4199],[7.3801],[7.4011],[7.5586],[7.7989],[8.0409],[8.1898],[8.2124],[8.1134],[7.9629],[7.8016],[7.6823],[7.5968],[7.5392],[7.5194],[7.5581],[7.679],[7.8737],[8.0984],[8.2914],[8.3876],[8.3651],[8.2565],[8.1172],[8.0134],[7.9737],[7.9973],[8.0995],[9.1048],[8.8478],[8.6731],[8.5844],[8.5333],[8.4559],[8.3161],[8.1226],[7.9269],[7.7581],[7.6371],[7.5301],[7.4156],[7.3005],[7.2226],[7.2317],[7.314],[7.4172],[7.4559],[7.3823],[7.2199],[7.0511],[6.9667],[7.0194],[7.1925],[7.4511],[7.7489],[10.0258],[9.6156],[9.1774],[8.7769],[8.4532],[8.1753],[7.9269],[7.7124],[7.5629],[7.4672],[7.3968],[7.293],[7.1005],[6.8344],[6.5581],[6.3489],[6.222],[6.143],[6.0199],[5.8468],[5.6919],[5.6785],[5.8715],[6.2532],[6.7247],[7.1796],[7.5667],[10.2527],[9.7962],[9.2376],[8.6935],[8.229],[7.8414],[7.5086],[7.1914],[6.8919],[6.6328],[6.4022],[6.1608],[5.8801],[5.5683],[5.2839],[5.0973],[4.9957],[4.9269],[4.8285],[4.7167],[4.6962],[4.9043],[5.3844],[6.0237],[6.6403],[7.0763],[7.3366],[9.7516],[9.2995],[8.7672],[8.2731],[7.872],[7.536],[7.1817],[6.7177],[6.1441],[5.5134],[4.9387],[4.4694],[4.1349],[3.9414],[3.8806],[3.936],[4.0602],[4.1602],[4.1833],[4.1677],[4.2651],[4.6156],[5.2151],[5.9183],[6.4946],[6.8059],[6.8812],[8.2699],[7.8495],[7.4247],[7.0677],[6.8344],[6.6855],[6.507],[6.143],[5.5473],[4.8005],[4.0785],[3.5269],[3.221],[3.1425],[3.2237],[3.3909],[3.5597],[3.671],[3.7],[3.7081],[3.8425],[4.2075],[4.7925],[5.4328],[5.9344],[6.2199],[6.3543],[6.1269],[5.7973],[5.478],[5.2204],[5.107],[5.178],[5.3532],[5.4559],[5.3355],[5.0016],[4.5833],[4.2226],[3.986],[3.8403],[3.7317],[3.6215],[3.4946],[3.3634],[3.2468],[3.1887],[3.2876],[3.5871],[4.0543],[4.5726],[5.0398],[5.4226],[5.8167],[4.3038],[4.1543],[3.9769],[3.8124],[3.7935],[4.05],[4.5742],[5.1656],[5.6226],[5.8554],[5.8909],[5.7876],[5.586],[5.2651],[4.8484],[4.3828],[3.9516],[3.6005],[3.3328],[3.1581],[3.1134],[3.2301],[3.5102],[3.8909],[4.2978],[4.7452],[5.2554],[3.4065],[3.4887],[3.5763],[3.671],[3.8849],[4.2989],[4.8661],[5.4624],[5.9425],[6.2753],[6.4505],[6.4634],[6.3043],[5.9801],[5.5651],[5.1833],[4.8769],[4.6091],[4.3032],[3.9382],[3.6113],[3.4683],[3.5941],[3.9554],[4.4108],[4.8032],[5.0694],[3.0097],[3.3226],[3.7737],[4.314],[4.8737],[5.3323],[5.5677],[5.5548],[5.4102],[5.3151],[5.3317],[5.4151],[5.4425],[5.4059],[5.3989],[5.5043],[5.678],[5.7059],[5.4129],[4.8371],[4.2516],[3.9887],[4.2285],[4.8645],[5.5435],[5.8871],[5.6812],[2.6704],[3.1887],[3.9145],[4.75],[5.4554],[5.7145],[5.3747],[4.5995],[3.8091],[3.3876],[3.4172],[3.722],[4.0339],[4.2758],[4.5489],[4.9602],[5.4183],[5.636],[5.4043],[4.8366],[4.3366],[4.3183],[4.8952],[5.8522],[6.6919],[6.9441],[6.3688],[2.8317],[3.493],[4.222],[4.907],[5.2763],[5.0661],[4.2435],[3.1532],[2.3301],[2.1226],[2.4683],[2.9903],[3.3382],[3.4183],[3.3925],[3.4801],[3.7226],[3.9242],[3.9199],[3.8081],[3.8575],[4.2973],[5.0468],[5.793],[6.222],[6.1161],[5.4387],[3.9258],[4.6151],[5.0742],[5.2269],[4.9758],[4.2892],[3.3532],[2.5495],[2.2323],[2.4339],[2.8849],[3.1978],[3.129],[2.6667],[2.0409],[1.5484],[1.4011],[1.6038],[2.0349],[2.6081],[3.3032],[4.0027],[4.4113],[4.2833],[3.6806],[2.9312],[2.3538],[5.0403],[5.5586],[5.6167],[5.2382],[4.5516],[3.7575],[3.1113],[2.8516],[2.9758],[3.1683],[3.122],[2.7312],[2.1027],[1.3591],[0.6043],[0.0151],[-0.1538],[0.2108],[1.0005],[1.9527],[2.7978],[3.2575],[3.0269],[2.0108],[0.5333],[-0.7032],[-1.1452],[4.407],[4.5758],[4.278],[3.6624],[2.9876],[2.4769],[2.2968],[2.4366],[2.5995],[2.372],[1.6081],[0.6237],[-0.1204],[-0.4688],[-0.593],[-0.6253],[-0.4516],[0.0667],[0.814],[1.4833],[1.8161],[1.7118],[1.0919],[-0.0328],[-1.4247],[-2.5441],[-2.9403],[1.3086],[1.1312],[0.657],[0.1414],[-0.2027],[-0.3113],[-0.1957],[0.0274],[0.0737],[-0.3731],[-1.2823],[-2.1543],[-2.4371],[-2.0435],[-1.3914],[-0.8199],[-0.379],[0.0602],[0.386],[0.3952],[0.0328],[-0.5059],[-1.0183],[-1.4968],[-2.0328],[-2.6005],[-3.0624],[-3.1613],[-3.4371],[-3.8199],[-4.0484],[-4.0349],[-3.9081],[-3.7876],[-3.6866],[-3.6306],[-3.7575],[-4.05],[-4.2043],[-3.8968],[-3.1247],[-2.2468],[-1.5747],[-1.1645],[-0.9645],[-1.0199],[-1.3747],[-1.9473],[-2.464],[-2.6683],[-2.5763],[-2.4565],[-2.6242],[-3.1785],[-7.2151],[-7.3559],[-7.479],[-7.3989],[-7.1468],[-7.0081],[-7.0726],[-7.1586],[-7.0344],[-6.6731],[-6.2011],[-5.679],[-5.093],[-4.4522],[-3.8425],[-3.3425],[-3.0328],[-2.9312],[-2.9833],[-3.0989],[-3.2022],[-3.3011],[-3.3726],[-3.3871],[-3.3694],[-3.4833],[-3.9016]]},{"header":{"disciplineName":["Meteorological products"],"parameterCategory":[2],"parameterCategoryName":["v-component of wind"],"parameterNumberName":["v-component of wind"],"parameterNumber":[3],"parameterUnits":["m s-1"],"refTime":["2017-03-17T0000:00.000Z"],"numberPoints":[621],"nx":[27],"ny":[23],"lo1":[-20],"la1":[70],"lo2":[45],"la2":[45],"dx":[2.5],"dy":[2.5]},"data":[[-1.5849],[-1.1511],[-0.6242],[-0.0651],[0.4849],[0.978],[1.3817],[1.6812],[1.8462],[1.879],[1.7758],[1.5742],[1.2962],[0.979],[0.6473],[0.321],[0.0054],[-0.3097],[-0.614],[-0.929],[-1.2446],[-1.5484],[-1.8167],[-2.0172],[-2.1435],[-2.1962],[-2.1909],[-0.8419],[-0.4753],[-0.0366],[0.4597],[0.9882],[1.5204],[2.0231],[2.4452],[2.7398],[2.8532],[2.7817],[2.5317],[2.1511],[1.6941],[1.2274],[0.7952],[0.3989],[0.0323],[-0.3237],[-0.7038],[-1.0984],[-1.5038],[-1.8661],[-2.136],[-2.278],[-2.2892],[-2.2011],[0.1387],[0.4392],[0.793],[1.2199],[1.7199],[2.2833],[2.8651],[3.3876],[3.7538],[3.8758],[3.7065],[3.2608],[2.6167],[1.8962],[1.2183],[0.657],[0.2446],[-0.0618],[-0.329],[-0.6183],[-0.9726],[-1.3699],[-1.7505],[-2.0414],[-2.1914],[-2.1849],[-2.057],[1.0177],[1.3581],[1.7387],[2.1527],[2.6312],[3.1737],[3.7527],[4.2812],[4.6317],[4.6898],[4.3758],[3.7097],[2.8167],[1.8554],[1.0188],[0.4124],[0.0672],[-0.1054],[-0.2167],[-0.3909],[-0.6774],[-1.0575],[-1.4575],[-1.7763],[-1.9473],[-1.9538],[-1.8441],[1.5602],[2.086],[2.5952],[3.0522],[3.4688],[3.8753],[4.286],[4.6699],[4.9242],[4.9118],[4.5441],[3.8177],[2.8608],[1.871],[1.05],[0.5161],[0.2753],[0.2038],[0.1452],[-0.0323],[-0.3715],[-0.8263],[-1.2855],[-1.6317],[-1.7995],[-1.8086],[-1.7124],[1.6661],[2.4113],[3.0935],[3.6011],[3.9038],[4.0672],[4.1871],[4.3215],[4.4409],[4.414],[4.121],[3.5204],[2.6925],[1.8398],[1.1538],[0.7478],[0.5898],[0.5285],[0.3968],[0.0887],[-0.3817],[-0.9194],[-1.3823],[-1.664],[-1.7317],[-1.6489],[-1.5027],[1.3548],[2.1935],[2.9909],[3.5452],[3.7753],[3.7473],[3.6419],[3.6065],[3.6597],[3.6892],[3.5188],[3.0457],[2.3409],[1.5817],[0.9812],[0.6473],[0.5188],[0.436],[0.2253],[-0.1624],[-0.6694],[-1.1344],[-1.4425],[-1.522],[-1.4038],[-1.1903],[-0.9581],[0.7538],[1.4737],[2.2624],[2.8801],[3.1801],[3.2],[3.1097],[3.0952],[3.2129],[3.3253],[3.2274],[2.7763],[2.0339],[1.2258],[0.6043],[0.2763],[0.1613],[0.0742],[-0.1376],[-0.4801],[-0.8392],[-1.0667],[-1.0914],[-0.9382],[-0.6785],[-0.4156],[-0.1892],[0.078],[0.5113],[1.2],[1.8957],[2.4032],[2.6344],[2.7134],[2.8059],[2.9876],[3.1457],[3.0575],[2.5919],[1.8177],[0.9898],[0.3812],[0.0952],[0.0129],[-0.071],[-0.2597],[-0.5075],[-0.6591],[-0.5989],[-0.3559],[-0.0489],[0.1909],[0.3344],[0.4177],[-0.493],[-0.343],[0.2247],[0.9855],[1.6694],[2.0608],[2.1946],[2.2274],[2.307],[2.3925],[2.3366],[2.0027],[1.4382],[0.8414],[0.4349],[0.278],[0.2339],[0.1258],[-0.0919],[-0.278],[-0.2522],[0.0468],[0.4855],[0.8285],[0.9452],[0.8688],[0.7366],[-0.9731],[-0.9484],[-0.4323],[0.3823],[1.1403],[1.5409],[1.5344],[1.307],[1.0984],[1.0253],[1.0344],[0.9892],[0.8263],[0.6344],[0.5081],[0.4774],[0.4349],[0.2806],[0.0688],[-0.0317],[0.1624],[0.65],[1.2011],[1.5495],[1.5726],[1.3608],[1.0952],[-1.4462],[-1.3758],[-0.8199],[0.0376],[0.8554],[1.2839],[1.1914],[0.7548],[0.2699],[0.0054],[0.0048],[0.1565],[0.2909],[0.3446],[0.3177],[0.2586],[0.1645],[0.0527],[-0.0054],[0.1263],[0.5301],[1.1323],[1.7022],[2.0398],[2.0828],[1.9446],[1.729],[-1.8672],[-1.6903],[-1.0925],[-0.1565],[0.8124],[1.4505],[1.5495],[1.1489],[0.5457],[0.071],[-0.1113],[-0.0554],[0.0328],[0.0048],[-0.1731],[-0.3919],[-0.5258],[-0.4919],[-0.2516],[0.1941],[0.7892],[1.4118],[1.9376],[2.2581],[2.4048],[2.4516],[2.4145],[-2.0366],[-1.793],[-1.1462],[-0.1177],[1.0457],[1.964],[2.3317],[2.0731],[1.4328],[0.7317],[0.2441],[0.0022],[-0.1473],[-0.3742],[-0.714],[-1.0548],[-1.2102],[-1.0602],[-0.6177],[0.0188],[0.7349],[1.4237],[2.0204],[2.4651],[2.7376],[2.8446],[2.7769],[-1.8796],[-1.5],[-0.7339],[0.3849],[1.5995],[2.5113],[2.8489],[2.5597],[1.8511],[1.0468],[0.3866],[-0.057],[-0.3538],[-0.6306],[-0.9565],[-1.3011],[-1.5328],[-1.5312],[-1.2323],[-0.6366],[0.228],[1.2828],[2.3715],[3.228],[3.5731],[3.3349],[2.6887],[-1.4511],[-0.7925],[0.186],[1.3344],[2.3048],[2.7608],[2.6371],[2.1156],[1.4839],[0.9134],[0.4274],[0.0081],[-0.329],[-0.5968],[-0.8387],[-1.1586],[-1.5919],[-1.9978],[-2.121],[-1.6769],[-0.5102],[1.2694],[3.2269],[4.6726],[4.9495],[3.9253],[2.1812],[-0.7591],[0.1806],[1.2817],[2.2586],[2.7038],[2.4328],[1.7296],[1.1134],[0.9005],[0.9581],[0.9113],[0.5349],[-0.0199],[-0.4839],[-0.7731],[-1.1161],[-1.7215],[-2.4817],[-2.922],[-2.4941],[-0.914],[1.578],[4.2419],[6.028],[6.0339],[4.1446],[1.3586],[0.3204],[1.2425],[2.0935],[2.5952],[2.4215],[1.5876],[0.6366],[0.2554],[0.6801],[1.4118],[1.6688],[1.0941],[0.0441],[-0.822],[-1.2441],[-1.5215],[-2.0398],[-2.7398],[-3.0613],[-2.3828],[-0.5161],[2.1484],[4.7344],[6.2344],[5.8473],[3.579],[0.5145],[1.7075],[2.1833],[2.3844],[2.2591],[1.6849],[0.778],[0.029],[0.0237],[0.8333],[1.7554],[1.8833],[0.9151],[-0.5737],[-1.6823],[-2.0667],[-2.0634],[-2.1871],[-2.4376],[-2.2866],[-1.2694],[0.5742],[2.6978],[4.4059],[5.1048],[4.429],[2.4747],[0.0559],[2.8919],[2.7237],[2.2247],[1.6645],[1.129],[0.6134],[0.2935],[0.4441],[1.028],[1.5032],[1.2005],[0.0054],[-1.4349],[-2.3199],[-2.3747],[-2.0108],[-1.7376],[-1.5339],[-0.9898],[0.1478],[1.6118],[2.857],[3.5032],[3.4624],[2.7565],[1.4866],[0.0075],[3.2591],[2.6161],[1.7532],[1.1602],[0.9833],[1.0091],[1.0054],[0.971],[0.9441],[0.7602],[0.1677],[-0.8043],[-1.6909],[-1.9952],[-1.6694],[-1.1317],[-0.7333],[-0.4226],[0.1043],[0.9242],[1.7565],[2.2656],[2.3559],[2.136],[1.6597],[0.8704],[-0.1269],[2.7242],[1.9667],[1.1312],[0.7183],[0.8317],[1.1161],[1.1489],[0.8414],[0.364],[-0.1156],[-0.5817],[-1.0059],[-1.2091],[-1.0194],[-0.5398],[-0.0651],[0.1909],[0.2968],[0.4317],[0.6161],[0.771],[0.9183],[1.128],[1.3151],[1.1478],[0.3925],[-0.7833],[1.8473],[1.2312],[0.5796],[0.229],[0.2382],[0.3366],[0.2161],[-0.1731],[-0.6204],[-0.8962],[-0.9909],[-0.9548],[-0.7925],[-0.4425],[-0.0113],[0.2957],[0.3446],[0.1876],[-0.0984],[-0.4613],[-0.7301],[-0.5801],[0.1016],[0.8366],[0.8425],[-0.1909],[-1.7817]]}]