html/data/WT_san09_ind_wt_3_4.json
[{"header":{"disciplineName":["Meteorological products"],"parameterCategory":[0],"parameterCategoryName":["Temperature"],"parameterNumberName":["Temperature"],"parameterNumber":[0],"parameterUnits":["K"],"refTime":["2017-03-17T0000:00.000Z"],"numberPoints":[621],"nx":[27],"ny":[23],"lo1":[-20],"la1":[70],"lo2":[45],"la2":[45],"dx":[2.5],"dy":[2.5]},"data":[[-14.0916],[-13.0309],[-12.0208],[-11.086],[-10.2848],[-9.6107],[-9.0691],[-8.6624],[-8.3893],[-8.2028],[-8.1185],[-8.0837],[-8.1073],[-8.1657],[-8.2522],[-8.368],[-8.5185],[-8.6961],[-8.8983],[-9.141],[-9.4051],[-9.6826],[-9.9949],[-10.3399],[-10.7208],[-11.1309],[-11.5815],[-10.7309],[-9.9646],[-9.2725],[-8.6635],[-8.1365],[-7.7062],[-7.3511],[-7.0826],[-6.9039],[-6.8017],[-6.768],[-6.8006],[-6.8882],[-7.0174],[-7.2017],[-7.4174],[-7.6702],[-7.9635],[-8.2624],[-8.568],[-8.8612],[-9.141],[-9.4017],[-9.6399],[-9.8972],[-10.1702],[-10.4972],[-7.5264],[-7.1534],[-6.8264],[-6.5365],[-6.2545],[-6.0028],[-5.7669],[-5.5736],[-5.4433],[-5.3848],[-5.4107],[-5.5208],[-5.6916],[-5.9253],[-6.2129],[-6.532],[-6.8961],[-7.2725],[-7.6511],[-8.0298],[-8.3713],[-8.659],[-8.8927],[-9.0803],[-9.2365],[-9.4197],[-9.6433],[-5.514],[-5.3713],[-5.223],[-5.0567],[-4.8466],[-4.632],[-4.4253],[-4.2545],[-4.1612],[-4.159],[-4.277],[-4.4702],[-4.7444],[-5.0646],[-5.3972],[-5.7444],[-6.1006],[-6.4635],[-6.8455],[-7.2129],[-7.5601],[-7.8736],[-8.1208],[-8.3129],[-8.4781],[-8.6399],[-8.8534],[-4.623],[-4.4275],[-4.2118],[-3.977],[-3.7365],[-3.5051],[-3.2994],[-3.1612],[-3.1107],[-3.1781],[-3.3747],[-3.659],[-4.0006],[-4.3511],[-4.6848],[-4.9848],[-5.2725],[-5.5758],[-5.9062],[-6.2601],[-6.6028],[-6.9129],[-7.1792],[-7.3815],[-7.5691],[-7.7466],[-7.9556],[-3.7815],[-3.4478],[-3.141],[-2.8837],[-2.6669],[-2.4871],[-2.3343],[-2.223],[-2.1949],[-2.2792],[-2.4949],[-2.8107],[-3.1781],[-3.532],[-3.8489],[-4.1253],[-4.4163],[-4.7275],[-5.0893],[-5.4725],[-5.8399],[-6.1433],[-6.3691],[-6.5264],[-6.659],[-6.7871],[-6.9511],[-2.3702],[-2.0545],[-1.8287],[-1.7084],[-1.6365],[-1.5826],[-1.5028],[-1.4129],[-1.3612],[-1.4051],[-1.5882],[-1.8848],[-2.2309],[-2.5815],[-2.8972],[-3.2062],[-3.5455],[-3.9624],[-4.4197],[-4.8702],[-5.2534],[-5.5152],[-5.6601],[-5.7219],[-5.7702],[-5.8388],[-5.9803],[-0.7478],[-0.6073],[-0.5702],[-0.6163],[-0.6871],[-0.7264],[-0.6949],[-0.6118],[-0.5455],[-0.5781],[-0.7522],[-1.0399],[-1.3882],[-1.7129],[-2.0073],[-2.3118],[-2.6904],[-3.1455],[-3.6455],[-4.0848],[-4.4006],[-4.5601],[-4.6208],[-4.65],[-4.7354],[-4.8556],[-5.0331],[0.5781],[0.5882],[0.5455],[0.4747],[0.4084],[0.3635],[0.3736],[0.4028],[0.3949],[0.2994],[0.0837],[-0.2298],[-0.5601],[-0.8534],[-1.0961],[-1.368],[-1.7163],[-2.1421],[-2.5736],[-2.8983],[-3.0489],[-3.0691],[-3.059],[-3.141],[-3.3331],[-3.6051],[-3.8916],[1.7107],[1.7208],[1.7646],[1.8107],[1.8478],[1.8242],[1.7624],[1.6612],[1.55],[1.3882],[1.1624],[0.8837],[0.5972],[0.3354],[0.0882],[-0.1961],[-0.568],[-0.9927],[-1.3545],[-1.532],[-1.4938],[-1.3455],[-1.2455],[-1.3399],[-1.6309],[-1.9916],[-2.314],[2.9466],[3.0253],[3.1612],[3.3219],[3.3848],[3.3073],[3.1129],[2.8983],[2.7376],[2.632],[2.5242],[2.3669],[2.1522],[1.8725],[1.5376],[1.1197],[0.6219],[0.1433],[-0.1871],[-0.2376],[-0.0478],[0.2747],[0.4792],[0.45],[0.1972],[-0.132],[-0.4163],[4.2287],[4.3309],[4.4702],[4.5837],[4.5747],[4.3927],[4.1163],[3.8848],[3.7826],[3.832],[3.8837],[3.8545],[3.6669],[3.3376],[2.8792],[2.332],[1.7657],[1.2893],[1.0522],[1.114],[1.4253],[1.8298],[2.1343],[2.2084],[2.0691],[1.8051],[1.5264],[5.2792],[5.3747],[5.4466],[5.4713],[5.4006],[5.2129],[5.0051],[4.8781],[4.8781],[4.9657],[5.0522],[5.0039],[4.7938],[4.4331],[3.9534],[3.4331],[2.9522],[2.6388],[2.5545],[2.7242],[3.0691],[3.4725],[3.8253],[4.0096],[3.9904],[3.814],[3.5646],[6.123],[6.2478],[6.2803],[6.3073],[6.3343],[6.3601],[6.377],[6.386],[6.3758],[6.3309],[6.2017],[6.0006],[5.7455],[5.432],[5.068],[4.6758],[4.3478],[4.1725],[4.1994],[4.3803],[4.6567],[5.0185],[5.423],[5.7758],[5.9567],[5.9657],[5.9152],[7.0163],[7.15],[7.2478],[7.4444],[7.7792],[8.1522],[8.4185],[8.5039],[8.3624],[8.0478],[7.6478],[7.2747],[6.9848],[6.7725],[6.5152],[6.1949],[5.8736],[5.6758],[5.6489],[5.7287],[5.914],[6.2893],[6.9006],[7.5567],[7.9983],[8.1669],[8.377],[7.9725],[8.1287],[8.3691],[8.8466],[9.5399],[10.2253],[10.6657],[10.7185],[10.4657],[9.9983],[9.4882],[9.0421],[8.7287],[8.5118],[8.2421],[7.8478],[7.4051],[7.0904],[6.9826],[7.023],[7.2152],[7.7343],[8.6489],[9.6725],[10.2848],[10.3444],[10.4129],[8.8298],[9.0837],[9.532],[10.2826],[11.2084],[12.0275],[12.4803],[12.5163],[12.2949],[11.9972],[11.6725],[11.2938],[10.9028],[10.5129],[10.0747],[9.5612],[9.0354],[8.7096],[8.6736],[8.832],[9.1421],[9.7916],[10.9545],[12.2747],[12.977],[12.6545],[12.014],[9.6669],[10.1287],[10.8039],[11.6657],[12.5904],[13.3466],[13.7309],[13.8185],[13.8646],[14.0039],[14.0803],[13.8725],[13.3219],[12.6489],[12.0096],[11.4219],[10.914],[10.6489],[10.7534],[11.0781],[11.4534],[12.0399],[13.2073],[14.7713],[15.7803],[15.4039],[14.0522],[10.8579],[11.6107],[12.4118],[13.1927],[13.9118],[14.4837],[14.8264],[15.0511],[15.4096],[15.9792],[16.4388],[16.3331],[15.6073],[14.6758],[13.9433],[13.4017],[12.9219],[12.5994],[12.6556],[13.0073],[13.3197],[13.6545],[14.5893],[16.3309],[18.0208],[18.3736],[17.1309],[12.7118],[13.6949],[14.5073],[15.0781],[15.5298],[15.9466],[16.3107],[16.6298],[17.1051],[17.777],[18.3084],[18.1478],[17.2758],[16.259],[15.6455],[15.3264],[14.8927],[14.3444],[14.123],[14.377],[14.7006],[14.8601],[15.4298],[17.0961],[19.3803],[20.8118],[20.4376],[15.1275],[16.1916],[16.959],[17.3792],[17.6534],[17.9994],[18.3713],[18.6567],[18.9444],[19.3298],[19.5916],[19.2421],[18.2882],[17.3916],[17.1275],[17.2534],[17.0433],[16.341],[15.8275],[16.0399],[16.6174],[16.9421],[17.2365],[18.3455],[20.3848],[22.1478],[22.4095],[17.6062],[18.6242],[19.35],[19.7388],[19.9725],[20.2803],[20.6107],[20.7725],[20.7792],[20.7815],[20.7107],[20.2354],[19.368],[18.7242],[18.8702],[19.5242],[19.7365],[19.1657],[18.5163],[18.6916],[19.5916],[20.3567],[20.6264],[20.9725],[21.8669],[22.7455],[22.6815],[19.4815],[20.3657],[21.0433],[21.4399],[21.686],[21.941],[22.1938],[22.3084],[22.2466],[22.1298],[21.9545],[21.6028],[21.0354],[20.7253],[21.1522],[22.086],[22.6736],[22.3927],[21.7163],[21.6702],[22.5624],[23.6579],[24.1983],[24.1567],[23.9444],[23.5084],[22.4837]]},{"header":{"disciplineName":["Meteorological products"],"parameterCategory":[2],"parameterCategoryName":["u-component of wind"],"parameterNumberName":["u-component of wind"],"parameterNumber":[2],"parameterUnits":["m s-1"],"refTime":["2017-03-17T0000:00.000Z"],"numberPoints":[621],"nx":[27],"ny":[23],"lo1":[-20],"la1":[70],"lo2":[45],"la2":[45],"dx":[2.5],"dy":[2.5]},"data":[[1.7213],[1.9169],[2.0697],[2.1685],[2.264],[2.3843],[2.536],[2.7697],[3.0697],[3.4382],[3.8438],[4.2528],[4.6416],[4.9753],[5.2292],[5.418],[5.5382],[5.6225],[5.6809],[5.727],[5.7663],[5.7899],[5.7899],[5.7596],[5.7011],[5.6124],[5.5135],[2.7551],[3.2079],[3.5573],[3.8146],[3.9944],[4.1517],[4.3236],[4.5562],[4.8494],[5.2101],[5.5978],[5.9798],[6.291],[6.4809],[6.5472],[6.482],[6.3258],[6.1382],[5.9517],[5.8247],[5.7551],[5.7382],[5.773],[5.8101],[5.8506],[5.8764],[5.9101],[4.4045],[4.9067],[5.3079],[5.6056],[5.8067],[5.9584],[6.1034],[6.2742],[6.4955],[6.7719],[7.0573],[7.318],[7.4652],[7.4483],[7.2528],[6.8921],[6.4202],[5.9449],[5.5292],[5.2539],[5.1348],[5.1674],[5.3034],[5.5124],[5.7371],[5.9775],[6.209],[6.6135],[6.9157],[7.1393],[7.2888],[7.3685],[7.3865],[7.3652],[7.3348],[7.3146],[7.3393],[7.3933],[7.427],[7.3831],[7.2056],[6.864],[6.3921],[5.8427],[5.3157],[4.9079],[4.6753],[4.6315],[4.7483],[4.9831],[5.2854],[5.6225],[5.9528],[6.3],[9.2775],[9.2348],[9.1584],[9.0404],[8.8753],[8.6472],[8.3438],[7.9966],[7.6404],[7.3213],[7.0573],[6.8427],[6.6326],[6.3708],[6.0472],[5.6753],[5.3045],[5.0079],[4.836],[4.7989],[4.8899],[5.0652],[5.2697],[5.4787],[5.6787],[5.8876],[6.1247],[11.5573],[11.2618],[10.9191],[10.5472],[10.1472],[9.6944],[9.182],[8.6258],[8.0539],[7.5258],[7.0685],[6.6921],[6.3618],[6.0618],[5.7809],[5.5303],[5.3584],[5.3],[5.3483],[5.4921],[5.6584],[5.8202],[5.9225],[5.9775],[5.9955],[6.0303],[6.1045],[12.5337],[12.1247],[11.6416],[11.1326],[10.6382],[10.1404],[9.6315],[9.1135],[8.5899],[8.1022],[7.6674],[7.2921],[6.9292],[6.5899],[6.2685],[5.9921],[5.8011],[5.7258],[5.7584],[5.8562],[6],[6.1202],[6.2258],[6.2921],[6.3303],[6.3629],[6.3921],[12.109],[11.6775],[11.1944],[10.7483],[10.3551],[9.9978],[9.6382],[9.2629],[8.864],[8.4562],[8.0854],[7.7528],[7.4371],[7.1191],[6.7798],[6.436],[6.1146],[5.8461],[5.6472],[5.5371],[5.536],[5.6449],[5.8472],[6.1022],[6.3393],[6.5067],[6.5899],[10.9809],[10.6135],[10.2742],[10.0169],[9.8449],[9.6596],[9.382],[8.9652],[8.4371],[7.8753],[7.3764],[6.9966],[6.7438],[6.5697],[6.4101],[6.2213],[5.9607],[5.6539],[5.3281],[5.0652],[4.9539],[5.0393],[5.3303],[5.7135],[6.0506],[6.236],[6.2697],[9.6809],[9.4292],[9.282],[9.2169],[9.1551],[8.9663],[8.5697],[7.9225],[7.1112],[6.2674],[5.5404],[5.0573],[4.8461],[4.8719],[5.0258],[5.1899],[5.2607],[5.2101],[5.0517],[4.882],[4.7989],[4.8978],[5.1607],[5.4899],[5.7146],[5.7393],[5.591],[8.1202],[7.964],[7.8764],[7.7719],[7.5629],[7.1955],[6.6449],[5.9472],[5.1663],[4.4135],[3.7775],[3.3551],[3.1865],[3.2449],[3.4764],[3.7978],[4.1202],[4.3685],[4.5247],[4.6101],[4.6876],[4.8112],[4.9955],[5.1629],[5.2461],[5.1831],[5.0011],[6.1798],[5.9787],[5.7584],[5.4315],[4.9944],[4.5079],[4.0933],[3.8112],[3.664],[3.5831],[3.5045],[3.382],[3.2225],[3.0663],[2.9719],[3.0022],[3.1506],[3.4079],[3.7022],[3.9562],[4.1551],[4.2742],[4.3483],[4.3978],[4.4753],[4.5461],[4.6236],[4.1978],[3.8865],[3.5573],[3.1775],[2.8034],[2.573],[2.6382],[3.0337],[3.6393],[4.2921],[4.782],[4.9809],[4.8371],[4.4247],[3.9202],[3.5011],[3.2921],[3.3236],[3.5157],[3.7393],[3.891],[3.9213],[3.8596],[3.8202],[3.8989],[4.1461],[4.4629],[2.8045],[2.5045],[2.3551],[2.3449],[2.4798],[2.8157],[3.3528],[4.0315],[4.7708],[5.482],[6.0292],[6.3449],[6.3303],[6.0225],[5.564],[5.1528],[4.9135],[4.8551],[4.918],[4.9933],[4.9854],[4.8652],[4.6483],[4.4629],[4.4404],[4.6045],[4.8382],[2.2528],[2.2079],[2.4764],[2.9966],[3.6854],[4.3966],[4.982],[5.3281],[5.4899],[5.5944],[5.8067],[6.1303],[6.4652],[6.709],[6.8764],[7.0236],[7.1854],[7.3146],[7.3281],[7.2438],[7.073],[6.8281],[6.5236],[6.2517],[6.0888],[6.0685],[6.0315],[2.1831],[2.491],[3.0573],[3.7831],[4.5449],[5.1449],[5.4011],[5.2528],[4.8517],[4.5337],[4.5798],[5.0697],[5.8315],[6.6528],[7.4101],[8.1079],[8.6539],[8.9483],[8.9225],[8.6865],[8.4011],[8.1427],[7.8944],[7.691],[7.6326],[7.7303],[7.764],[2.0393],[2.5629],[3.1056],[3.6056],[4.0067],[4.2494],[4.2888],[4.1247],[3.9124],[3.8742],[4.2067],[4.9146],[5.8011],[6.6427],[7.3764],[8.0191],[8.5393],[8.7697],[8.6562],[8.3461],[8.0685],[7.9135],[7.8247],[7.8169],[8.0933],[8.691],[9.309],[1.7843],[2.291],[2.6843],[2.9427],[3.091],[3.2225],[3.4236],[3.7663],[4.2461],[4.8045],[5.4056],[6.0034],[6.482],[6.764],[6.9494],[7.1539],[7.3854],[7.5101],[7.4135],[7.2382],[7.1775],[7.2427],[7.3169],[7.4573],[7.9247],[8.9101],[10.1011],[2.1382],[2.5573],[2.8753],[3.1427],[3.3876],[3.6697],[4.1326],[4.8618],[5.7101],[6.4169],[6.8213],[6.8921],[6.727],[6.4551],[6.2371],[6.2416],[6.4551],[6.682],[6.7843],[6.8697],[7.0989],[7.4258],[7.6416],[7.7584],[8.0708],[8.8584],[9.8978],[3.682],[4.0191],[4.2742],[4.5798],[4.8888],[5.1663],[5.509],[6.009],[6.5607],[6.8753],[6.7876],[6.373],[5.8674],[5.4978],[5.4483],[5.7843],[6.327],[6.818],[7.0888],[7.2685],[7.5899],[8.0034],[8.2899],[8.327],[8.3292],[8.4809],[8.7101],[5.4921],[5.7899],[5.8416],[5.8697],[5.8843],[5.7865],[5.6461],[5.5854],[5.6236],[5.5798],[5.2933],[4.8247],[4.4213],[4.3191],[4.6629],[5.4157],[6.2843],[6.9124],[7.1247],[7.127],[7.2337],[7.5011],[7.7157],[7.7337],[7.582],[7.2618],[6.6809],[5.3921],[5.6708],[5.509],[5.1551],[4.7831],[4.3461],[3.8708],[3.5157],[3.3618],[3.3652],[3.3315],[3.1888],[3.0337],[3.0483],[3.436],[4.2034],[5.0753],[5.6461],[5.7438],[5.6135],[5.5506],[5.6101],[5.6416],[5.5899],[5.4517],[5.0483],[4.1427],[2.0978],[2.3843],[2.2382],[1.9011],[1.5876],[1.336],[1.0629],[0.8067],[0.7494],[0.9393],[1.227],[1.4101],[1.382],[1.291],[1.3708],[1.7865],[2.3708],[2.818],[2.9989],[3.109],[3.3045],[3.4326],[3.2899],[2.9697],[2.6989],[2.3517],[1.4854]]},{"header":{"disciplineName":["Meteorological products"],"parameterCategory":[2],"parameterCategoryName":["v-component of wind"],"parameterNumberName":["v-component of wind"],"parameterNumber":[3],"parameterUnits":["m s-1"],"refTime":["2017-03-17T0000:00.000Z"],"numberPoints":[621],"nx":[27],"ny":[23],"lo1":[-20],"la1":[70],"lo2":[45],"la2":[45],"dx":[2.5],"dy":[2.5]},"data":[[0.1831],[0.6022],[1.127],[1.6989],[2.273],[2.7843],[3.1798],[3.4506],[3.5618],[3.5202],[3.3416],[3.0551],[2.7],[2.3112],[1.9146],[1.5303],[1.1438],[0.7674],[0.3831],[-0.0157],[-0.4303],[-0.8404],[-1.2191],[-1.518],[-1.7124],[-1.7843],[-1.7236],[1.1258],[1.4169],[1.8056],[2.2539],[2.7225],[3.1573],[3.5202],[3.7775],[3.8876],[3.8551],[3.673],[3.3809],[2.9921],[2.5551],[2.1067],[1.6674],[1.2551],[0.8449],[0.4191],[-0.0202],[-0.482],[-0.9539],[-1.3708],[-1.7],[-1.8876],[-1.8978],[-1.7461],[2.1157],[2.2213],[2.4326],[2.7281],[3.0888],[3.4449],[3.7539],[3.9764],[4.0618],[3.9843],[3.7416],[3.3461],[2.8247],[2.2404],[1.6461],[1.0921],[0.6225],[0.2292],[-0.1067],[-0.4112],[-0.7101],[-1],[-1.2472],[-1.4157],[-1.4539],[-1.3573],[-1.136],[2.5438],[2.4831],[2.5865],[2.8247],[3.1326],[3.4551],[3.7225],[3.8876],[3.9146],[3.7798],[3.4775],[2.982],[2.3404],[1.6157],[0.8865],[0.2416],[-0.2449],[-0.5685],[-0.7404],[-0.8067],[-0.8135],[-0.7888],[-0.7315],[-0.6303],[-0.4876],[-0.2876],[-0.0809],[2.4742],[2.2978],[2.3483],[2.564],[2.8438],[3.1067],[3.2876],[3.3562],[3.3079],[3.1348],[2.8124],[2.3348],[1.7056],[0.9854],[0.2652],[-0.3573],[-0.8],[-1.0371],[-1.0787],[-0.9708],[-0.7663],[-0.4989],[-0.209],[0.0944],[0.3843],[0.6247],[0.7719],[2.1843],[1.8697],[1.8124],[1.9629],[2.1775],[2.3483],[2.4247],[2.3921],[2.2809],[2.0989],[1.8393],[1.473],[0.9865],[0.418],[-0.1528],[-0.6393],[-0.9652],[-1.1045],[-1.0753],[-0.9124],[-0.6528],[-0.3202],[0.0461],[0.4124],[0.7393],[0.9742],[1.0663],[1.673],[1.1258],[0.8921],[0.9461],[1.1337],[1.3112],[1.3708],[1.3191],[1.2124],[1.073],[0.8955],[0.6326],[0.2663],[-0.1719],[-0.5933],[-0.9191],[-1.1067],[-1.136],[-1.0326],[-0.8191],[-0.5124],[-0.1449],[0.2517],[0.6067],[0.8753],[1.0258],[1.0663],[0.864],[0.073],[-0.2944],[-0.2416],[0.0596],[0.3674],[0.5393],[0.5674],[0.491],[0.3944],[0.2618],[0.0461],[-0.2742],[-0.6809],[-1.0719],[-1.3461],[-1.4584],[-1.4079],[-1.1955],[-0.8292],[-0.3393],[0.2315],[0.7562],[1.1146],[1.2517],[1.2157],[1.1067],[0.064],[-0.836],[-1.191],[-1.0011],[-0.5191],[-0.0685],[0.1326],[0.0921],[-0.0472],[-0.1517],[-0.2124],[-0.3303],[-0.5708],[-0.9326],[-1.3236],[-1.6337],[-1.7944],[-1.7596],[-1.5056],[-0.9831],[-0.2112],[0.6708],[1.436],[1.8247],[1.7921],[1.4809],[1.173],[-0.3067],[-1.1596],[-1.4034],[-1.073],[-0.527],[-0.1708],[-0.218],[-0.564],[-0.9124],[-1.0506],[-0.9573],[-0.7966],[-0.7539],[-0.8978],[-1.1831],[-1.4966],[-1.7416],[-1.8483],[-1.6899],[-1.1438],[-0.2045],[0.9303],[1.8742],[2.2876],[2.0865],[1.5438],[1.0652],[-0.3528],[-1.1236],[-1.3101],[-0.9944],[-0.5685],[-0.4764],[-0.873],[-1.5483],[-2.0966],[-2.2303],[-1.9225],[-1.4236],[-1.0169],[-0.8472],[-0.9135],[-1.1034],[-1.3438],[-1.5472],[-1.5303],[-1.0989],[-0.1888],[1.0011],[1.991],[2.3787],[2.0685],[1.4404],[0.9618],[-0.5371],[-1.3022],[-1.5685],[-1.3843],[-1.1157],[-1.1494],[-1.6124],[-2.2854],[-2.7955],[-2.8517],[-2.4551],[-1.8652],[-1.3607],[-1.0865],[-1.0045],[-1.027],[-1.109],[-1.1966],[-1.1539],[-0.7764],[0.0461],[1.1416],[2.0596],[2.391],[2.082],[1.5112],[1.1517],[-1.0551],[-1.8191],[-2.1528],[-2.0472],[-1.7596],[-1.618],[-1.7685],[-2.1045],[-2.373],[-2.3854],[-2.1618],[-1.8629],[-1.6798],[-1.6393],[-1.6337],[-1.5506],[-1.3798],[-1.1562],[-0.8708],[-0.364],[0.4348],[1.4202],[2.218],[2.5056],[2.264],[1.8169],[1.5629],[-1.5989],[-2.1865],[-2.3798],[-2.173],[-1.7461],[-1.3753],[-1.2079],[-1.2281],[-1.327],[-1.4045],[-1.4539],[-1.5528],[-1.7989],[-2.1169],[-2.3393],[-2.2719],[-1.9056],[-1.3596],[-0.7584],[-0.082],[0.7258],[1.5854],[2.2753],[2.5191],[2.3438],[2.0101],[1.7933],[-1.8629],[-2.009],[-1.8393],[-1.4236],[-0.9708],[-0.6551],[-0.5449],[-0.5933],[-0.7169],[-0.8315],[-0.9461],[-1.1382],[-1.5247],[-2.0652],[-2.509],[-2.5809],[-2.1899],[-1.4933],[-0.7551],[-0.0573],[0.6371],[1.3517],[1.9562],[2.2416],[2.173],[1.909],[1.6753],[-1.7854],[-1.4157],[-0.8787],[-0.3596],[-0.0843],[-0.1191],[-0.3607],[-0.6461],[-0.8247],[-0.8011],[-0.6393],[-0.5753],[-0.8483],[-1.4787],[-2.1506],[-2.4382],[-2.1539],[-1.5045],[-0.8404],[-0.3427],[0.1011],[0.6663],[1.2933],[1.8],[1.9764],[1.8494],[1.5629],[-1.4483],[-0.7618],[-0.091],[0.3258],[0.3281],[-0.0348],[-0.5404],[-0.9146],[-0.9663],[-0.6483],[-0.118],[0.2146],[-0.0236],[-0.8551],[-1.8157],[-2.3236],[-2.1551],[-1.618],[-1.1562],[-0.9494],[-0.773],[-0.2989],[0.5663],[1.5258],[2.191],[2.3326],[2.0258],[-0.9416],[-0.1876],[0.3831],[0.5933],[0.3921],[-0.0607],[-0.5056],[-0.7135],[-0.5494],[-0.0258],[0.6258],[0.9056],[0.4472],[-0.6742],[-1.8449],[-2.4449],[-2.3382],[-1.9169],[-1.682],[-1.7112],[-1.6663],[-1.1022],[0.1236],[1.6764],[2.9551],[3.4843],[3.2],[-0.3146],[0.3551],[0.782],[0.8584],[0.6326],[0.2775],[0.036],[0.0101],[0.2371],[0.6753],[1.0809],[1.0584],[0.3427],[-0.8517],[-1.918],[-2.3899],[-2.3213],[-2.127],[-2.1101],[-2.2157],[-2.0573],[-1.2719],[0.2809],[2.2539],[4],[4.8461],[4.5573],[0.4236],[0.9742],[1.3427],[1.4494],[1.3157],[1.0854],[0.9247],[0.8674],[0.9202],[1.0281],[1.036],[0.6933],[-0.0438],[-0.8966],[-1.4618],[-1.6528],[-1.7124],[-1.8876],[-2.118],[-2.1551],[-1.7135],[-0.6876],[0.9618],[3.0011],[4.827],[5.6843],[5.2584],[1.418],[1.7247],[2.0371],[2.2101],[2.1753],[1.9876],[1.7472],[1.5191],[1.3202],[1.1112],[0.8022],[0.3202],[-0.1787],[-0.436],[-0.3607],[-0.2685],[-0.5573],[-1.1674],[-1.6315],[-1.5584],[-0.9404],[0.1382],[1.636],[3.4506],[5.0236],[5.5775],[4.791],[2.5562],[2.4573],[2.5191],[2.6427],[2.6157],[2.4011],[2.0562],[1.7112],[1.3809],[1.0719],[0.6719],[0.2629],[0.1169],[0.4337],[1.0112],[1.2449],[0.736],[-0.1798],[-0.7978],[-0.8067],[-0.3303],[0.4551],[1.6775],[3.2764],[4.5618],[4.6596],[3.3685],[3.3022],[2.7202],[2.3764],[2.2449],[2.1124],[1.8551],[1.518],[1.1978],[0.9528],[0.7213],[0.4618],[0.3326],[0.5787],[1.2775],[2.0674],[2.2775],[1.6876],[0.7416],[0.0831],[-0.1506],[-0.1809],[0.0989],[1.0573],[2.6079],[3.727],[3.3921],[1.6303]]}]