html/data/WT_san09_ind_wt_1_2.json
[{"header":{"disciplineName":["Meteorological products"],"parameterCategory":[0],"parameterCategoryName":["Temperature"],"parameterNumberName":["Temperature"],"parameterNumber":[0],"parameterUnits":["K"],"refTime":["2017-03-17T0000:00.000Z"],"numberPoints":[621],"nx":[27],"ny":[23],"lo1":[-20],"la1":[70],"lo2":[45],"la2":[45],"dx":[2.5],"dy":[2.5]},"data":[[-14.5612],[-13.5154],[-12.5201],[-11.6107],[-10.8079],[-10.1369],[-9.5874],[-9.1864],[-8.9192],[-8.7724],[-8.7369],[-8.8042],[-8.9425],[-9.1304],[-9.3528],[-9.5743],[-9.7949],[-10.007],[-10.1958],[-10.3808],[-10.5612],[-10.7593],[-11.0033],[-11.279],[-11.622],[-12.035],[-12.4986],[-10.9435],[-10.2369],[-9.636],[-9.136],[-8.721],[-8.3715],[-8.0902],[-7.8678],[-7.7089],[-7.6304],[-7.6369],[-7.7369],[-7.922],[-8.1771],[-8.4827],[-8.8257],[-9.1762],[-9.5257],[-9.8603],[-10.1724],[-10.4631],[-10.7472],[-11.0229],[-11.3061],[-11.6098],[-11.9453],[-12.322],[-7.5182],[-7.236],[-7.0734],[-6.978],[-6.9042],[-6.8266],[-6.7341],[-6.6416],[-6.565],[-6.5509],[-6.6098],[-6.7706],[-7.0248],[-7.3575],[-7.7556],[-8.1977],[-8.6407],[-9.0734],[-9.4995],[-9.9033],[-10.2762],[-10.6257],[-10.9565],[-11.2631],[-11.5444],[-11.8182],[-12.1033],[-5.2472],[-5.1911],[-5.2154],[-5.2696],[-5.3145],[-5.3472],[-5.3537],[-5.3659],[-5.3995],[-5.507],[-5.6921],[-5.9771],[-6.3435],[-6.7659],[-7.2089],[-7.6388],[-8.0491],[-8.4322],[-8.7939],[-9.1547],[-9.5332],[-9.9201],[-10.3089],[-10.6827],[-11.0229],[-11.3379],[-11.6379],[-4.1313],[-3.9939],[-3.9098],[-3.8752],[-3.8743],[-3.9098],[-3.9799],[-4.107],[-4.2911],[-4.5481],[-4.8734],[-5.2678],[-5.7098],[-6.164],[-6.6042],[-6.9893],[-7.3257],[-7.6136],[-7.8967],[-8.1939],[-8.5556],[-8.9528],[-9.3921],[-9.8229],[-10.2257],[-10.5995],[-10.9547],[-3.2752],[-2.9752],[-2.7593],[-2.6341],[-2.6136],[-2.6846],[-2.8481],[-3.0836],[-3.3631],[-3.6836],[-4.0435],[-4.4285],[-4.8313],[-5.2491],[-5.664],[-6.0612],[-6.4313],[-6.7808],[-7.135],[-7.522],[-7.9416],[-8.3724],[-8.7958],[-9.1743],[-9.4958],[-9.7995],[-10.0949],[-2.0509],[-1.7584],[-1.5939],[-1.5509],[-1.6276],[-1.8014],[-2.0528],[-2.35],[-2.6668],[-2.9584],[-3.25],[-3.5453],[-3.8593],[-4.2126],[-4.6192],[-5.0752],[-5.5659],[-6.0986],[-6.6491],[-7.2051],[-7.7416],[-8.2107],[-8.5668],[-8.7939],[-8.9126],[-8.9958],[-9.1192],[-0.5416],[-0.4285],[-0.4444],[-0.5603],[-0.7537],[-1.0154],[-1.322],[-1.6547],[-2.0014],[-2.3407],[-2.6565],[-2.9706],[-3.2883],[-3.6379],[-4.0238],[-4.4883],[-5.0164],[-5.6042],[-6.2117],[-6.8154],[-7.3556],[-7.7977],[-8.0883],[-8.2014],[-8.1902],[-8.1266],[-8.1304],[0.8883],[0.8734],[0.7425],[0.5397],[0.3042],[0.0182],[-0.3033],[-0.6893],[-1.135],[-1.6285],[-2.1285],[-2.6145],[-3.064],[-3.479],[-3.864],[-4.2715],[-4.6995],[-5.1313],[-5.5687],[-5.9678],[-6.3313],[-6.6322],[-6.8556],[-6.9827],[-7.0257],[-7.0294],[-7.0836],[2.1883],[2.1537],[2.0042],[1.7986],[1.5556],[1.264],[0.9201],[0.4911],[-0.0201],[-0.6005],[-1.2164],[-1.822],[-2.3799],[-2.8762],[-3.3322],[-3.7556],[-4.1575],[-4.4949],[-4.7425],[-4.8874],[-4.9715],[-5.036],[-5.1435],[-5.2687],[-5.4098],[-5.5463],[-5.6949],[3.4603],[3.3986],[3.2192],[2.9855],[2.7033],[2.3818],[2.0136],[1.6089],[1.193],[0.7519],[0.2977],[-0.1949],[-0.7033],[-1.2621],[-1.8575],[-2.4743],[-3.079],[-3.564],[-3.8509],[-3.9182],[-3.8248],[-3.6743],[-3.5855],[-3.6061],[-3.693],[-3.7893],[-3.8986],[4.5986],[4.4276],[4.1902],[3.9369],[3.6519],[3.3154],[2.9435],[2.6079],[2.3603],[2.1874],[2.0201],[1.7631],[1.3668],[0.8005],[0.0836],[-0.7435],[-1.5659],[-2.2706],[-2.7257],[-2.8743],[-2.7827],[-2.5724],[-2.3949],[-2.2958],[-2.2565],[-2.2126],[-2.1332],[5.3855],[5.136],[4.9173],[4.7706],[4.6173],[4.3565],[4.0033],[3.679],[3.479],[3.4023],[3.3528],[3.1893],[2.836],[2.2949],[1.5939],[0.807],[0.0294],[-0.6257],[-1.0706],[-1.2808],[-1.2986],[-1.2304],[-1.1491],[-1.1238],[-1.1117],[-1.0322],[-0.8379],[5.8369],[5.6276],[5.579],[5.6808],[5.7575],[5.622],[5.2509],[4.8248],[4.5005],[4.3061],[4.1285],[3.8659],[3.4846],[3.0098],[2.4902],[1.965],[1.5042],[1.1537],[0.9145],[0.7706],[0.6659],[0.5977],[0.5192],[0.3893],[0.2276],[0.1444],[0.2911],[6.178],[6.107],[6.2799],[6.6285],[6.8631],[6.7678],[6.3397],[5.8117],[5.3668],[5.0238],[4.6995],[4.3266],[3.9285],[3.5752],[3.2752],[3.0136],[2.793],[2.6575],[2.5864],[2.5407],[2.4911],[2.4836],[2.5136],[2.4603],[2.2079],[1.9005],[1.8715],[6.607],[6.6846],[7.0182],[7.45],[7.6827],[7.5304],[7.078],[6.5818],[6.1799],[5.865],[5.4883],[5.0575],[4.6911],[4.4575],[4.3145],[4.1341],[3.9098],[3.7435],[3.6902],[3.7089],[3.8173],[4.0902],[4.5341],[4.8687],[4.7621],[4.2612],[3.9192],[7.1967],[7.4154],[7.8145],[8.193],[8.3145],[8.1154],[7.75],[7.436],[7.2407],[7.0425],[6.6603],[6.1453],[5.7136],[5.5061],[5.4248],[5.2612],[4.9752],[4.7453],[4.7154],[4.8565],[5.1201],[5.6238],[6.4528],[7.25],[7.407],[6.7678],[5.9836],[8.0855],[8.4612],[8.8724],[9.1285],[9.1435],[8.9855],[8.8005],[8.7079],[8.6977],[8.5743],[8.1668],[7.5014],[6.8911],[6.5836],[6.5173],[6.4154],[6.179],[6.0397],[6.2051],[6.5631],[6.9248],[7.4042],[8.2659],[9.3584],[9.8743],[9.3033],[8.1547],[9.4509],[9.9818],[10.3734],[10.4883],[10.4229],[10.322],[10.2939],[10.3229],[10.3715],[10.2827],[9.8986],[9.1808],[8.4117],[7.9706],[7.8949],[7.865],[7.6939],[7.6238],[7.9743],[8.579],[9.0145],[9.2958],[9.965],[11.1967],[12.2481],[12.1706],[11.0257],[11.3276],[11.979],[12.321],[12.2995],[12.1322],[12.0463],[12.0463],[12.0425],[12.0145],[11.9565],[11.7173],[11.1145],[10.335],[9.8407],[9.7855],[9.8173],[9.5986],[9.3678],[9.6276],[10.3369],[10.9145],[11.164],[11.6519],[12.9444],[14.5537],[15.222],[14.4668],[13.5061],[14.1864],[14.5145],[14.4173],[14.1678],[14.0154],[13.9463],[13.8098],[13.6612],[13.6023],[13.4734],[13.0192],[12.3229],[11.8874],[12.0005],[12.2145],[11.9958],[11.4762],[11.3883],[12.0023],[12.8182],[13.3126],[13.8164],[14.9874],[16.6248],[17.6005],[17.1416],[15.593],[16.264],[16.6079],[16.5519],[16.2687],[16.0435],[15.8921],[15.7079],[15.4911],[15.3621],[15.2079],[14.7659],[14.1042],[13.7967],[14.1986],[14.821],[14.8883],[14.3023],[13.8341],[14.1902],[15.1743],[16.107],[16.8173],[17.6079],[18.4986],[18.8276],[18.0528],[17.2014],[17.7986],[18.2033],[18.2556],[18.0341],[17.7995],[17.6537],[17.5397],[17.4014],[17.2565],[17.0005],[16.4893],[15.8752],[15.6939],[16.3145],[17.3257],[17.8565],[17.5322],[16.8864],[16.8453],[17.7173],[19.0304],[20.1098],[20.6145],[20.4696],[19.5762],[17.9893]]},{"header":{"disciplineName":["Meteorological products"],"parameterCategory":[2],"parameterCategoryName":["u-component of wind"],"parameterNumberName":["u-component of wind"],"parameterNumber":[2],"parameterUnits":["m s-1"],"refTime":["2017-03-17T0000:00.000Z"],"numberPoints":[621],"nx":[27],"ny":[23],"lo1":[-20],"la1":[70],"lo2":[45],"la2":[45],"dx":[2.5],"dy":[2.5]},"data":[[3.7561],[4.3813],[4.8262],[5.1178],[5.2972],[5.4215],[5.5421],[5.6804],[5.8766],[6.1028],[6.3523],[6.5785],[6.7505],[6.8393],[6.8383],[6.7449],[6.5888],[6.3841],[6.1589],[5.9514],[5.7486],[5.5804],[5.4355],[5.3234],[5.2383],[5.1869],[5.1794],[4.3458],[5.2598],[5.915],[6.3374],[6.5794],[6.7187],[6.8224],[6.943],[7.1056],[7.2888],[7.4645],[7.5916],[7.6121],[7.515],[7.2935],[6.9841],[6.614],[6.2439],[5.9103],[5.6411],[5.4374],[5.3084],[5.2327],[5.2047],[5.228],[5.2991],[5.4178],[5.3065],[6.114],[6.715],[7.1355],[7.4393],[7.6673],[7.8664],[8.0692],[8.2766],[8.4514],[8.5383],[8.5093],[8.3178],[7.9682],[7.486],[6.9402],[6.3869],[5.9019],[5.5374],[5.3037],[5.1981],[5.1879],[5.2458],[5.3477],[5.4701],[5.6187],[5.8019],[6.6486],[7.0439],[7.3925],[7.7019],[7.9981],[8.2645],[8.5103],[8.7047],[8.8196],[8.8458],[8.7486],[8.5037],[8.115],[7.615],[7.0327],[6.4551],[5.9458],[5.571],[5.3561],[5.2785],[5.3243],[5.4364],[5.5654],[5.7],[5.814],[5.9215],[6.0523],[8.4084],[8.4776],[8.6075],[8.7953],[8.9972],[9.1467],[9.2028],[9.1393],[8.9486],[8.6645],[8.3065],[7.8991],[7.4738],[7.0346],[6.6224],[6.2804],[6.028],[5.886],[5.8467],[5.872],[5.9243],[5.9636],[5.9701],[5.9439],[5.9065],[5.8925],[5.9374],[10.3542],[10.3505],[10.4009],[10.4636],[10.4664],[10.3374],[10.0393],[9.5981],[9.0748],[8.5514],[8.1019],[7.757],[7.4972],[7.3234],[7.1981],[7.1028],[7.0439],[6.9822],[6.8916],[6.7542],[6.5579],[6.3075],[6.0523],[5.8112],[5.6505],[5.5776],[5.6159],[12.0234],[12.015],[11.9617],[11.8103],[11.5224],[11.0729],[10.4785],[9.8215],[9.215],[8.7411],[8.4654],[8.3692],[8.3935],[8.4411],[8.471],[8.4243],[8.286],[8.0374],[7.6682],[7.2019],[6.6869],[6.1907],[5.8028],[5.5561],[5.4439],[5.4551],[5.5477],[13.0477],[12.8636],[12.5561],[12.1131],[11.5579],[10.9187],[10.2467],[9.6346],[9.1505],[8.8514],[8.7645],[8.8252],[8.9411],[9.0159],[8.9776],[8.8037],[8.4916],[8.0617],[7.5243],[6.9439],[6.4084],[6.0206],[5.8411],[5.8495],[5.9495],[6.0318],[6.0393],[13.315],[12.8131],[12.2084],[11.5393],[10.8692],[10.2514],[9.6972],[9.1935],[8.7626],[8.4262],[8.1869],[8.0486],[7.9617],[7.8523],[7.6888],[7.4682],[7.2103],[6.9187],[6.6252],[6.371],[6.2561],[6.3308],[6.6159],[6.9832],[7.2308],[7.2159],[6.9131],[12.8794],[12.1065],[11.2981],[10.5364],[9.8935],[9.3981],[8.9654],[8.5178],[7.9542],[7.3178],[6.6916],[6.1533],[5.7551],[5.4617],[5.2804],[5.1897],[5.2121],[5.3224],[5.5234],[5.8178],[6.2551],[6.8607],[7.5682],[8.1785],[8.4607],[8.2607],[7.6449],[11.6944],[10.7822],[9.8766],[9.0738],[8.4439],[8.0065],[7.6477],[7.228],[6.6486],[5.9196],[5.1626],[4.4813],[3.9598],[3.6047],[3.4374],[3.4551],[3.6794],[4.0692],[4.5729],[5.1692],[5.8794],[6.7112],[7.572],[8.2673],[8.5785],[8.3991],[7.8598],[9.6],[8.6944],[7.8103],[7.0065],[6.372],[5.9336],[5.6654],[5.457],[5.2299],[4.9411],[4.5963],[4.2299],[3.8589],[3.514],[3.2766],[3.215],[3.3664],[3.686],[4.0925],[4.5467],[5.0813],[5.7252],[6.4486],[7.1037],[7.5393],[7.6766],[7.628],[6.6916],[5.9897],[5.357],[4.7869],[4.3374],[4.0654],[3.9972],[4.1542],[4.4738],[4.8589],[5.171],[5.2822],[5.1505],[4.8393],[4.5075],[4.3346],[4.3393],[4.457],[4.5645],[4.6327],[4.7523],[5.0037],[5.4262],[5.9654],[6.5],[6.9542],[7.3598],[3.6636],[3.3439],[3.2028],[3.1738],[3.1935],[3.2888],[3.5093],[3.8897],[4.4607],[5.1598],[5.8252],[6.2626],[6.3682],[6.2411],[6.0794],[6.0757],[6.1888],[6.2598],[6.1673],[5.9224],[5.6897],[5.6159],[5.7729],[6.1028],[6.5551],[7.028],[7.4579],[1.4243],[1.471],[1.7579],[2.2093],[2.7121],[3.1785],[3.5421],[3.8364],[4.172],[4.6561],[5.2804],[5.8907],[6.3832],[6.757],[7.157],[7.6318],[8.0776],[8.2841],[8.1561],[7.7991],[7.4477],[7.2458],[7.228],[7.357],[7.5916],[7.8579],[8.0215],[0.2589],[0.4346],[0.8037],[1.3439],[1.9766],[2.5439],[2.8542],[2.8916],[2.8168],[2.9458],[3.4738],[4.3505],[5.3879],[6.4187],[7.4168],[8.3393],[9.0701],[9.4271],[9.3804],[9.1065],[8.8336],[8.6636],[8.557],[8.5224],[8.6037],[8.8009],[8.9168],[-0.3327],[-0.1505],[0.0879],[0.4393],[0.9028],[1.3523],[1.5766],[1.5065],[1.3252],[1.3888],[1.9972],[3.1234],[4.4972],[5.8121],[6.943],[7.9084],[8.6822],[9.1617],[9.3364],[9.315],[9.2561],[9.1729],[9.0271],[8.9037],[8.9981],[9.4075],[9.885],[-0.7047],[-0.3841],[-0.1065],[0.2075],[0.572],[0.9374],[1.2037],[1.3196],[1.4121],[1.6953],[2.372],[3.4065],[4.5131],[5.4318],[6.1121],[6.7336],[7.4103],[8.0654],[8.5617],[8.8813],[9.0551],[9.0935],[8.9888],[8.8832],[9.0916],[9.7486],[10.5935],[-0.3224],[0.2196],[0.715],[1.1953],[1.6327],[2.0093],[2.3869],[2.8],[3.2523],[3.7336],[4.2748],[4.8196],[5.2308],[5.4084],[5.4832],[5.7551],[6.3729],[7.1776],[7.8869],[8.3757],[8.672],[8.8374],[8.8944],[8.9439],[9.2421],[9.8682],[10.585],[1.3383],[1.8505],[2.328],[2.815],[3.2215],[3.5234],[3.8757],[4.3972],[5.0093],[5.5234],[5.8065],[5.8841],[5.7785],[5.5551],[5.4131],[5.6187],[6.2336],[7.0056],[7.5729],[7.8626],[8.0318],[8.2299],[8.4654],[8.7009],[8.9953],[9.3252],[9.4654],[3.4168],[3.5505],[3.628],[3.7748],[3.9009],[3.9505],[4.0897],[4.4692],[4.9972],[5.4037],[5.5617],[5.5505],[5.486],[5.4336],[5.5178],[5.8738],[6.4579],[6.972],[7.1551],[7.043],[6.9299],[6.9888],[7.2065],[7.4346],[7.5972],[7.5794],[7.1692],[3.9916],[3.7664],[3.4589],[3.2486],[3.1168],[2.9664],[2.9131],[3.0813],[3.3991],[3.685],[3.8682],[4.0402],[4.2804],[4.5664],[4.8991],[5.3187],[5.771],[6.0364],[5.957],[5.6402],[5.3551],[5.2215],[5.1748],[5.1355],[5.0477],[4.7888],[4.1729],[2.0084],[1.7869],[1.5131],[1.3411],[1.2411],[1.1495],[1.1159],[1.186],[1.3673],[1.5766],[1.7963],[2.0935],[2.4514],[2.7729],[3.0187],[3.2495],[3.4916],[3.6318],[3.5869],[3.4364],[3.3],[3.1421],[2.8888],[2.543],[2.2178],[1.8402],[1.2542]]},{"header":{"disciplineName":["Meteorological products"],"parameterCategory":[2],"parameterCategoryName":["v-component of wind"],"parameterNumberName":["v-component of wind"],"parameterNumber":[3],"parameterUnits":["m s-1"],"refTime":["2017-03-17T0000:00.000Z"],"numberPoints":[621],"nx":[27],"ny":[23],"lo1":[-20],"la1":[70],"lo2":[45],"la2":[45],"dx":[2.5],"dy":[2.5]},"data":[[0.7439],[0.885],[1.0486],[1.2131],[1.3729],[1.485],[1.5402],[1.5084],[1.3673],[1.1206],[0.7766],[0.3729],[-0.0523],[-0.4402],[-0.7607],[-0.9748],[-1.0963],[-1.1252],[-1.0888],[-1.0168],[-0.9411],[-0.8776],[-0.8112],[-0.7458],[-0.6636],[-0.5514],[-0.4131],[3.1533],[2.8897],[2.5664],[2.2505],[1.972],[1.7542],[1.5664],[1.3925],[1.185],[0.9121],[0.5626],[0.1533],[-0.271],[-0.672],[-0.986],[-1.1935],[-1.2991],[-1.3168],[-1.2888],[-1.2393],[-1.2],[-1.1673],[-1.1215],[-1.0168],[-0.8364],[-0.571],[-0.2196],[5.2907],[4.6626],[3.928],[3.2065],[2.5804],[2.0692],[1.6822],[1.357],[1.0224],[0.6364],[0.1645],[-0.3664],[-0.9075],[-1.3776],[-1.7159],[-1.8869],[-1.9075],[-1.8037],[-1.643],[-1.4757],[-1.3327],[-1.2047],[-1.0514],[-0.8299],[-0.5103],[-0.071],[0.4318],[6.2766],[5.5234],[4.6692],[3.8374],[3.0907],[2.4542],[1.9093],[1.4056],[0.8888],[0.3168],[-0.3383],[-1.0374],[-1.6981],[-2.2383],[-2.5738],[-2.6673],[-2.5374],[-2.2467],[-1.9047],[-1.5692],[-1.2832],[-1.0327],[-0.7617],[-0.4093],[0.0421],[0.572],[1.1439],[6.3103],[5.671],[4.9589],[4.2131],[3.4607],[2.7065],[1.9589],[1.2215],[0.4897],[-0.2467],[-0.9879],[-1.715],[-2.357],[-2.8234],[-3.0542],[-3.0075],[-2.7327],[-2.3318],[-1.9009],[-1.5271],[-1.2299],[-0.9579],[-0.6458],[-0.2206],[0.3327],[0.9664],[1.5879],[6.0533],[5.5617],[4.9935],[4.3065],[3.4729],[2.5103],[1.4916],[0.5187],[-0.3477],[-1.0748],[-1.7103],[-2.2477],[-2.6944],[-2.9972],[-3.0916],[-2.957],[-2.6467],[-2.2579],[-1.9056],[-1.6533],[-1.457],[-1.2561],[-0.9318],[-0.4234],[0.2551],[1.0318],[1.7757],[5.7103],[5.1925],[4.6037],[3.8393],[2.8579],[1.7009],[0.5168],[-0.5364],[-1.3318],[-1.8523],[-2.1897],[-2.4729],[-2.7421],[-2.9916],[-3.1121],[-3.0589],[-2.8486],[-2.5766],[-2.3495],[-2.1935],[-2.0589],[-1.8168],[-1.386],[-0.7206],[0.1168],[1.0168],[1.8701],[5.1112],[4.3879],[3.628],[2.7477],[1.7065],[0.5458],[-0.5944],[-1.5075],[-2.072],[-2.2869],[-2.3327],[-2.4093],[-2.6542],[-3.0252],[-3.3757],[-3.5467],[-3.5178],[-3.3579],[-3.1542],[-2.9486],[-2.6533],[-2.1822],[-1.5075],[-0.6757],[0.2224],[1.0841],[1.8505],[4.2925],[3.3159],[2.3664],[1.4542],[0.514],[-0.4916],[-1.4748],[-2.2551],[-2.6617],[-2.6888],[-2.5],[-2.3953],[-2.6],[-3.072],[-3.615],[-3.9925],[-4.0879],[-3.9505],[-3.6785],[-3.2907],[-2.7383],[-1.9748],[-1.0636],[-0.1654],[0.5579],[1.0879],[1.5168],[3.4364],[2.2794],[1.2318],[0.3645],[-0.3991],[-1.2224],[-2.1598],[-3.0327],[-3.5617],[-3.5776],[-3.1972],[-2.7841],[-2.6794],[-2.9841],[-3.4776],[-3.871],[-3.972],[-3.7794],[-3.3916],[-2.8486],[-2.0991],[-1.1682],[-0.2196],[0.5093],[0.8561],[0.8944],[0.8757],[2.4766],[1.2495],[0.1701],[-0.585],[-1.1523],[-1.8215],[-2.7972],[-3.9084],[-4.7318],[-4.8673],[-4.3131],[-3.486],[-2.8879],[-2.7963],[-3.0636],[-3.3346],[-3.3374],[-3.0393],[-2.5112],[-1.8393],[-1.0215],[-0.1168],[0.6729],[1.0841],[1.0075],[0.6121],[0.2916],[1.3037],[0.0645],[-0.9757],[-1.5963],[-1.9262],[-2.3617],[-3.2196],[-4.4084],[-5.4178],[-5.6981],[-5.1037],[-4.0477],[-3.1523],[-2.7879],[-2.8729],[-3.0393],[-2.929],[-2.4495],[-1.7159],[-0.8505],[0.043],[0.8654],[1.4252],[1.5112],[1.1411],[0.5748],[0.1794],[0.1318],[-1.0047],[-1.9336],[-2.3897],[-2.4757],[-2.5785],[-3.1028],[-4.071],[-5.0336],[-5.4346],[-5.072],[-4.2215],[-3.4299],[-3.0953],[-3.1523],[-3.2505],[-3.0346],[-2.371],[-1.3925],[-0.2776],[0.772],[1.5879],[1.9897],[1.8972],[1.4336],[0.9019],[0.5888],[-0.6383],[-1.4897],[-2.1953],[-2.5196],[-2.4766],[-2.3523],[-2.5411],[-3.1421],[-3.9262],[-4.4645],[-4.4991],[-4.1467],[-3.7336],[-3.5327],[-3.5514],[-3.5617],[-3.2607],[-2.5402],[-1.443],[-0.1682],[1.0308],[1.9215],[2.3112],[2.1953],[1.785],[1.3813],[1.1421],[-0.9215],[-1.3505],[-1.7785],[-2.0467],[-2.0841],[-2.015],[-2.0729],[-2.4196],[-2.9991],[-3.5738],[-3.9019],[-3.9346],[-3.7925],[-3.6533],[-3.5636],[-3.485],[-3.229],[-2.6421],[-1.686],[-0.4626],[0.7813],[1.7458],[2.2402],[2.2486],[1.9897],[1.6953],[1.4514],[-0.9738],[-1.0402],[-1.2692],[-1.5486],[-1.7617],[-1.9056],[-2.0533],[-2.3084],[-2.6636],[-3.0383],[-3.286],[-3.3533],[-3.2701],[-3.1458],[-3.0841],[-3.0757],[-3.0112],[-2.7056],[-2.0449],[-1.0505],[0.0869],[1.1009],[1.7682],[2.0477],[2.0355],[1.8421],[1.5252],[-0.9243],[-0.8561],[-1.0262],[-1.3252],[-1.6533],[-1.9748],[-2.2636],[-2.4981],[-2.6299],[-2.6112],[-2.4701],[-2.2766],[-2.1505],[-2.1907],[-2.4009],[-2.6729],[-2.8467],[-2.7738],[-2.3551],[-1.6346],[-0.7093],[0.272],[1.1654],[1.8374],[2.2028],[2.1935],[1.7963],[-0.6393],[-0.6206],[-0.8159],[-1.1103],[-1.443],[-1.8299],[-2.2411],[-2.5262],[-2.5178],[-2.1626],[-1.6009],[-1.1299],[-0.9963],[-1.286],[-1.8075],[-2.3056],[-2.5589],[-2.5421],[-2.2794],[-1.8355],[-1.1953],[-0.3056],[0.8],[1.928],[2.7533],[2.9963],[2.571],[0.0299],[-0.0514],[-0.314],[-0.586],[-0.8981],[-1.3299],[-1.8439],[-2.214],[-2.2224],[-1.7794],[-1.0925],[-0.5598],[-0.4729],[-0.8093],[-1.3028],[-1.6776],[-1.8028],[-1.7748],[-1.6981],[-1.5607],[-1.1907],[-0.3738],[0.9103],[2.3869],[3.5523],[3.9561],[3.4794],[0.9402],[0.6897],[0.3607],[0.0841],[-0.2308],[-0.7056],[-1.2598],[-1.672],[-1.7252],[-1.4252],[-0.9551],[-0.6346],[-0.5953],[-0.7262],[-0.7888],[-0.7187],[-0.6421],[-0.7084],[-0.9215],[-1.0598],[-0.8215],[0.0243],[1.4486],[3.0364],[4.1813],[4.414],[3.6991],[1.7561],[1.2579],[0.8458],[0.5617],[0.214],[-0.257],[-0.7327],[-1.0308],[-1.0701],[-0.9374],[-0.8187],[-0.7991],[-0.8112],[-0.6262],[-0.1776],[0.3075],[0.4692],[0.1804],[-0.3196],[-0.5916],[-0.2935],[0.6729],[2.1196],[3.5327],[4.2794],[4.0252],[2.8804],[2.1766],[1.4738],[1.0178],[0.7364],[0.3822],[-0.0486],[-0.3916],[-0.5551],[-0.5514],[-0.5224],[-0.5692],[-0.6505],[-0.585],[-0.1561],[0.5607],[1.171],[1.2402],[0.786],[0.1879],[-0.071],[0.2645],[1.2084],[2.486],[3.5607],[3.8234],[3.0364],[1.4981],[2.1336],[1.4636],[1.071],[0.7794],[0.4047],[-0.0131],[-0.3383],[-0.5168],[-0.5869],[-0.586],[-0.5028],[-0.3262],[0.0308],[0.6364],[1.328],[1.7832],[1.7439],[1.3252],[0.8514],[0.6243],[0.7729],[1.3495],[2.2411],[2.9729],[2.9262],[1.8514],[0.1832]]}]