html/data/WT_san09_ind_wt_10_7.json
[{"header":{"disciplineName":["Meteorological products"],"parameterCategory":[0],"parameterCategoryName":["Temperature"],"parameterNumberName":["Temperature"],"parameterNumber":[0],"parameterUnits":["K"],"refTime":["2017-03-17T0000:00.000Z"],"numberPoints":[621],"nx":[27],"ny":[23],"lo1":[-20],"la1":[70],"lo2":[45],"la2":[45],"dx":[2.5],"dy":[2.5]},"data":[[-8.0672],[-7.2879],[-6.6672],[-6.2224],[-5.9086],[-5.6879],[-5.5017],[-5.3293],[-5.15],[-4.9672],[-4.7741],[-4.5879],[-4.4672],[-4.3983],[-4.4155],[-4.5017],[-4.6879],[-4.9293],[-5.1707],[-5.4672],[-5.7397],[-5.9948],[-6.2466],[-6.4741],[-6.7121],[-6.9638],[-7.2466],[-4.8052],[-4.381],[-4.1431],[-4.0603],[-4.0569],[-4.0707],[-4.0328],[-3.9431],[-3.7741],[-3.5328],[-3.281],[-3.0638],[-2.9224],[-2.8845],[-2.9638],[-3.15],[-3.4466],[-3.7879],[-4.1672],[-4.5672],[-4.9431],[-5.2879],[-5.619],[-5.9121],[-6.1741],[-6.4672],[-6.7638],[-2.2362],[-2.1224],[-2.1362],[-2.2259],[-2.35],[-2.419],[-2.4259],[-2.35],[-2.1983],[-2.0155],[-1.8672],[-1.7741],[-1.7638],[-1.8845],[-2.119],[-2.4259],[-2.7879],[-3.1638],[-3.5328],[-3.9121],[-4.2741],[-4.5983],[-4.9293],[-5.2362],[-5.5362],[-5.8466],[-6.1603],[-0.8362],[-0.7431],[-0.7121],[-0.7121],[-0.719],[-0.7293],[-0.7121],[-0.6914],[-0.6534],[-0.6569],[-0.7086],[-0.8224],[-1.0397],[-1.2948],[-1.5776],[-1.8879],[-2.15],[-2.4052],[-2.6534],[-2.8948],[-3.1569],[-3.4569],[-3.7603],[-4.0776],[-4.4052],[-4.7017],[-4.9983],[-0.1534],[0.1569],[0.4672],[0.7052],[0.8569],[0.9086],[0.8707],[0.7776],[0.6328],[0.4328],[0.2121],[-0.0638],[-0.3603],[-0.6397],[-0.8845],[-1.0707],[-1.181],[-1.281],[-1.4017],[-1.5707],[-1.8328],[-2.1534],[-2.5052],[-2.8155],[-3.0672],[-3.2672],[-3.4672],[0.6293],[1.1638],[1.6362],[1.9914],[2.1707],[2.1914],[2.0845],[1.9086],[1.681],[1.4328],[1.1741],[0.8776],[0.5845],[0.3155],[0.1328],[0.0052],[-0.05],[-0.1259],[-0.2569],[-0.4845],[-0.8362],[-1.2155],[-1.5638],[-1.781],[-1.8638],[-1.8397],[-1.8155],[1.9052],[2.3707],[2.7466],[3.0121],[3.1224],[3.1397],[3.0845],[3.0086],[2.8914],[2.7293],[2.5155],[2.2052],[1.8397],[1.4845],[1.1948],[0.9879],[0.8397],[0.7259],[0.5603],[0.2845],[-0.0741],[-0.4328],[-0.681],[-0.7397],[-0.6052],[-0.3638],[-0.1776],[3.4362],[3.6017],[3.7328],[3.8534],[3.9672],[4.1086],[4.2707],[4.4362],[4.5086],[4.4534],[4.219],[3.7983],[3.2603],[2.6948],[2.1948],[1.8466],[1.6293],[1.5121],[1.4121],[1.2362],[1.0052],[0.7534],[0.6224],[0.6776],[0.9017],[1.1638],[1.3431],[4.8776],[4.7638],[4.7362],[4.7948],[4.9914],[5.3017],[5.6741],[6.0086],[6.219],[6.1948],[5.9259],[5.4259],[4.7879],[4.119],[3.5155],[3.0603],[2.7948],[2.7017],[2.6776],[2.6155],[2.5086],[2.3569],[2.2672],[2.2879],[2.4121],[2.5707],[2.6121],[6.1569],[5.9431],[5.85],[5.9086],[6.1121],[6.4259],[6.8259],[7.1845],[7.4086],[7.4603],[7.2983],[6.9569],[6.5121],[5.9672],[5.3914],[4.8638],[4.4707],[4.2293],[4.1121],[4.0603],[4.0086],[3.9466],[3.9259],[3.95],[4.0086],[4.0155],[3.9328],[7.3672],[7.1466],[7.019],[6.9845],[7.0293],[7.1914],[7.4397],[7.7397],[8.0224],[8.25],[8.3845],[8.419],[8.3086],[8.0155],[7.4672],[6.7707],[6.1155],[5.5983],[5.3121],[5.2534],[5.3603],[5.5672],[5.8914],[6.1983],[6.3948],[6.3397],[6.0638],[8.55],[8.2914],[8.0845],[7.8776],[7.7259],[7.7086],[7.8534],[8.181],[8.6052],[9.0741],[9.5017],[9.8741],[10.0086],[9.7983],[9.1466],[8.2431],[7.3259],[6.6707],[6.4224],[6.5569],[7.0224],[7.7534],[8.6431],[9.4983],[10.0259],[10.0155],[9.4845],[9.5776],[9.2914],[8.9776],[8.7121],[8.5362],[8.55],[8.781],[9.1914],[9.7259],[10.3052],[10.8603],[11.3017],[11.4603],[11.1879],[10.4362],[9.3948],[8.4707],[7.9638],[7.9603],[8.4052],[9.1983],[10.3017],[11.6534],[12.9914],[13.9259],[14.1224],[13.5707],[10.4776],[10.1983],[9.9293],[9.8017],[9.8672],[10.1121],[10.5086],[10.9638],[11.4603],[11.9397],[12.3914],[12.75],[12.8741],[12.55],[11.7983],[10.819],[10.0638],[9.7776],[10.0121],[10.5362],[11.2672],[12.2672],[13.65],[15.1707],[16.4431],[17.1017],[17.0914],[11.3672],[11.1431],[11.0603],[11.2741],[11.75],[12.3259],[12.8086],[13.2017],[13.4983],[13.7879],[14.1017],[14.3534],[14.4328],[14.1603],[13.4879],[12.6569],[12.0224],[11.8086],[11.9879],[12.2776],[12.6328],[13.2845],[14.4638],[16.0155],[17.4845],[18.5672],[19.3224],[12.1983],[12.1397],[12.3603],[12.9914],[13.8431],[14.6397],[15.15],[15.4086],[15.5569],[15.7397],[15.9431],[16.1293],[16.1328],[15.8397],[15.2224],[14.4603],[13.8224],[13.5293],[13.481],[13.5155],[13.6569],[14.2534],[15.5224],[17.2017],[18.7052],[19.7224],[20.5983],[12.9293],[13.1638],[13.7328],[14.6397],[15.6569],[16.4879],[16.9534],[17.1948],[17.3948],[17.6707],[17.8983],[17.9569],[17.7362],[17.2845],[16.6397],[15.9017],[15.2638],[14.8638],[14.7362],[14.7672],[15.0948],[16.0707],[17.8052],[19.8397],[21.2534],[21.6741],[21.6741],[13.7741],[14.4328],[15.281],[16.1741],[17.019],[17.6672],[18.1052],[18.4707],[18.9224],[19.4569],[19.8052],[19.7052],[19.1776],[18.4879],[17.781],[17.1259],[16.5362],[16.1293],[16.05],[16.3017],[16.9638],[18.3086],[20.4328],[22.7397],[24.1603],[24.0017],[22.8776],[15.1672],[16.219],[17.1362],[17.781],[18.2224],[18.6017],[19.0259],[19.5845],[20.319],[21.1017],[21.5121],[21.2534],[20.4741],[19.581],[18.9224],[18.3672],[17.7948],[17.381],[17.3914],[17.9017],[18.7707],[20.0569],[21.9259],[24.0741],[25.55],[25.4776],[24.0672],[17.2155],[18.381],[19.1603],[19.4672],[19.581],[19.8086],[20.2672],[20.9224],[21.7293],[22.5155],[22.8845],[22.4672],[21.5086],[20.5741],[19.9914],[19.5776],[19.0259],[18.55],[18.6672],[19.4466],[20.4638],[21.381],[22.4259],[23.8603],[25.2259],[25.6431],[24.85],[19.2707],[20.2397],[20.7845],[20.9017],[20.9397],[21.2155],[21.7293],[22.2879],[22.8879],[23.4672],[23.6707],[23.1914],[22.1983],[21.3569],[21.0017],[20.8121],[20.3397],[19.8466],[20.0431],[21.0914],[22.2983],[22.9534],[23.1983],[23.6845],[24.5397],[25.1603],[24.9397],[20.4121],[21.0155],[21.3707],[21.4983],[21.7121],[22.1052],[22.5534],[22.8983],[23.2224],[23.5672],[23.7155],[23.3603],[22.5983],[22.0569],[22.0086],[22.0983],[21.8397],[21.419],[21.6155],[22.6672],[23.9017],[24.4914],[24.4155],[24.3086],[24.5603],[24.7534],[24.381],[20.2741],[20.5741],[20.8086],[21.081],[21.4328],[21.8086],[22.1086],[22.2603],[22.4328],[22.7603],[23.0672],[23.0534],[22.7741],[22.6155],[22.8397],[23.1328],[23.1086],[22.8672],[22.9121],[23.519],[24.2948],[24.7603],[24.8362],[24.8397],[24.8534],[24.5397],[23.5983]]},{"header":{"disciplineName":["Meteorological products"],"parameterCategory":[2],"parameterCategoryName":["u-component of wind"],"parameterNumberName":["u-component of wind"],"parameterNumber":[2],"parameterUnits":["m s-1"],"refTime":["2017-03-17T0000:00.000Z"],"numberPoints":[621],"nx":[27],"ny":[23],"lo1":[-20],"la1":[70],"lo2":[45],"la2":[45],"dx":[2.5],"dy":[2.5]},"data":[[0.5172],[0.7069],[0.9207],[1.1586],[1.431],[1.7414],[2.0828],[2.4724],[2.8828],[3.3103],[3.6931],[4.0483],[4.3345],[4.5414],[4.6655],[4.7414],[4.7897],[4.8069],[4.8172],[4.8379],[4.8552],[4.8655],[4.8759],[4.8586],[4.8448],[4.8103],[4.7931],[-0.7552],[-0.3655],[0.0862],[0.5828],[1.1276],[1.7241],[2.3966],[3.0966],[3.7793],[4.4379],[4.9828],[5.4],[5.6207],[5.6759],[5.569],[5.3621],[5.131],[4.8931],[4.7345],[4.6414],[4.6276],[4.6586],[4.7241],[4.8207],[4.9207],[5.031],[5.1517],[-0.6345],[-0.1724],[0.3862],[1.0103],[1.7103],[2.4379],[3.2069],[4],[4.7621],[5.4276],[5.9483],[6.2724],[6.3345],[6.1448],[5.8],[5.3448],[4.8552],[4.4862],[4.2207],[4.0897],[4.1069],[4.2345],[4.4414],[4.7138],[5.0241],[5.3586],[5.7207],[1.9207],[2.2207],[2.6448],[3.131],[3.6103],[4.1],[4.5828],[5.0414],[5.4862],[5.8759],[6.1586],[6.2931],[6.2414],[6.0207],[5.6793],[5.3379],[5.0448],[4.8448],[4.7414],[4.7586],[4.8552],[5.0172],[5.2793],[5.6276],[6.031],[6.5],[6.9966],[5.8138],[5.7655],[5.8103],[5.9034],[5.9862],[5.9931],[5.9517],[5.869],[5.8207],[5.7897],[5.7793],[5.7586],[5.7103],[5.6414],[5.6138],[5.6828],[5.8586],[6.069],[6.3276],[6.5241],[6.669],[6.8172],[7.0345],[7.3448],[7.7897],[8.2862],[8.8103],[8.769],[8.269],[7.8793],[7.5759],[7.3],[6.9724],[6.5655],[6.1448],[5.7448],[5.4483],[5.2552],[5.1414],[5.1],[5.1621],[5.369],[5.7345],[6.2414],[6.7828],[7.2414],[7.5517],[7.7586],[7.9207],[8.1966],[8.6345],[9.2138],[9.8448],[10.3897],[9.9759],[9.0862],[8.3759],[7.8517],[7.4517],[7.0724],[6.6276],[6.1586],[5.7034],[5.3379],[5.0931],[4.9448],[4.869],[4.8931],[5.0483],[5.3931],[5.8793],[6.4172],[6.8655],[7.1793],[7.4138],[7.7],[8.1724],[8.8276],[9.5862],[10.3138],[10.8345],[10.7138],[9.6345],[8.731],[8.0931],[7.6759],[7.3552],[6.9862],[6.5448],[6.0724],[5.6793],[5.4586],[5.3621],[5.331],[5.3724],[5.4586],[5.669],[5.9655],[6.2897],[6.5862],[6.7966],[7],[7.3172],[7.8241],[8.4552],[9.0414],[9.4517],[9.6034],[11.8345],[10.7241],[9.7276],[8.9966],[8.5172],[8.1483],[7.6966],[7.1241],[6.5103],[6.0069],[5.7793],[5.8241],[6.069],[6.3724],[6.6414],[6.869],[7.0483],[7.169],[7.2138],[7.2207],[7.2862],[7.4483],[7.7138],[7.9483],[7.969],[7.7034],[7.2483],[12.3207],[11.3069],[10.3172],[9.5138],[8.9103],[8.3552],[7.7276],[6.9759],[6.1931],[5.6069],[5.4034],[5.6345],[6.1552],[6.769],[7.2586],[7.5483],[7.6103],[7.5207],[7.3172],[7.1069],[6.9897],[7.0207],[7.0897],[7.0345],[6.6828],[6.0276],[5.269],[11.0793],[10.3276],[9.4931],[8.7103],[8],[7.3103],[6.6138],[5.8793],[5.2034],[4.7379],[4.6379],[4.9241],[5.4655],[6.0207],[6.3862],[6.4483],[6.2862],[5.9621],[5.6],[5.3103],[5.2],[5.3],[5.5448],[5.7345],[5.6759],[5.369],[4.9621],[8.7586],[8.4207],[7.9897],[7.4241],[6.7724],[6.1103],[5.5586],[5.1345],[4.8586],[4.7241],[4.7655],[4.9414],[5.1276],[5.1759],[5.0138],[4.6448],[4.2345],[3.8655],[3.5931],[3.4276],[3.431],[3.6655],[4.1414],[4.7621],[5.3138],[5.6862],[5.9241],[6.7379],[6.9207],[6.969],[6.8138],[6.4759],[6.0862],[5.8448],[5.8],[5.931],[6.1034],[6.2517],[6.2621],[6.0448],[5.5621],[4.9069],[4.2828],[3.8655],[3.7414],[3.7586],[3.7828],[3.7621],[3.8172],[4.0897],[4.6724],[5.4241],[6.1138],[6.6],[5.1655],[5.6862],[6.1552],[6.4966],[6.7069],[6.8138],[6.8931],[7.0552],[7.2828],[7.531],[7.669],[7.6138],[7.2724],[6.7069],[6.0586],[5.5793],[5.4517],[5.6241],[5.869],[5.9138],[5.6621],[5.2862],[5.0724],[5.2138],[5.6448],[6.1414],[6.4034],[3.2793],[3.8448],[4.5276],[5.3241],[6.0759],[6.6448],[6.9414],[7.0379],[7.0793],[7.1414],[7.2172],[7.2138],[7.1138],[6.9276],[6.7345],[6.6828],[6.8172],[7.0448],[7.1828],[7.0621],[6.6897],[6.2069],[5.8621],[5.7966],[5.9621],[6.1552],[6.0931],[1.0966],[1.6655],[2.4241],[3.4552],[4.4931],[5.2345],[5.5],[5.431],[5.2379],[5.1276],[5.131],[5.2034],[5.3241],[5.5241],[5.8207],[6.1207],[6.3069],[6.3069],[6.1103],[5.8862],[5.7862],[5.8448],[6.0138],[6.1966],[6.3207],[6.3172],[6.0724],[-0.2276],[0.4862],[1.3517],[2.3483],[3.2483],[3.8],[3.9],[3.7586],[3.5862],[3.5034],[3.4483],[3.3655],[3.3793],[3.6034],[4],[4.3379],[4.4172],[4.1931],[3.8655],[3.8345],[4.2931],[5.1034],[5.8379],[6.1552],[6.0172],[5.7034],[5.3103],[-0.1379],[0.7862],[1.6931],[2.4483],[2.9828],[3.2103],[3.2759],[3.2862],[3.3966],[3.4414],[3.2586],[2.8345],[2.4379],[2.2931],[2.3931],[2.5138],[2.4862],[2.3241],[2.2724],[2.6414],[3.5241],[4.6034],[5.2897],[5.1724],[4.3828],[3.5345],[3.0034],[0.6103],[1.4724],[2.0931],[2.4138],[2.6138],[2.7759],[3.0345],[3.3793],[3.7517],[3.8414],[3.4621],[2.7034],[1.969],[1.4724],[1.2276],[1.1],[1.0448],[1.1724],[1.5655],[2.2448],[3.0655],[3.7345],[3.8724],[3.1724],[1.8931],[0.6897],[0.069],[0.8172],[1.2069],[1.2345],[1.0655],[1.0655],[1.3724],[1.8897],[2.469],[2.9069],[2.9379],[2.4483],[1.6345],[0.9276],[0.5103],[0.231],[-0.0103],[-0.0414],[0.3103],[0.969],[1.6034],[1.9517],[1.9621],[1.6414],[0.8897],[-0.1966],[-1.2207],[-1.8621],[-0.2897],[-0.3517],[-0.8345],[-1.3586],[-1.4448],[-1.0552],[-0.4931],[-0.0207],[0.2828],[0.3172],[0.0034],[-0.4931],[-0.8034],[-0.8345],[-0.8],[-0.8724],[-0.8414],[-0.4724],[0.1138],[0.4241],[0.2517],[-0.169],[-0.5207],[-0.8517],[-1.3241],[-2.0069],[-2.7793],[-2.8586],[-2.9138],[-3.431],[-3.9379],[-3.9931],[-3.7138],[-3.5483],[-3.5448],[-3.469],[-3.2241],[-3.0655],[-3.0207],[-2.9],[-2.4862],[-1.9966],[-1.7172],[-1.5759],[-1.2966],[-0.9793],[-0.9241],[-1.2931],[-1.7862],[-2.0034],[-1.9897],[-2.131],[-2.7241],[-3.7],[-6.231],[-6.0103],[-6.1655],[-6.3448],[-6.2207],[-6.1621],[-6.5724],[-7.2517],[-7.4966],[-7.0345],[-6.3276],[-5.8103],[-5.3483],[-4.6552],[-3.7655],[-3.0862],[-2.7483],[-2.5931],[-2.4586],[-2.3759],[-2.4793],[-2.7034],[-2.8586],[-2.9517],[-3.1931],[-3.7241],[-4.5414]]},{"header":{"disciplineName":["Meteorological products"],"parameterCategory":[2],"parameterCategoryName":["v-component of wind"],"parameterNumberName":["v-component of wind"],"parameterNumber":[3],"parameterUnits":["m s-1"],"refTime":["2017-03-17T0000:00.000Z"],"numberPoints":[621],"nx":[27],"ny":[23],"lo1":[-20],"la1":[70],"lo2":[45],"la2":[45],"dx":[2.5],"dy":[2.5]},"data":[[0.4276],[0.8655],[1.2586],[1.5759],[1.8103],[1.931],[1.9483],[1.8586],[1.6448],[1.3241],[0.9103],[0.431],[-0.1138],[-0.6621],[-1.2103],[-1.7103],[-2.1586],[-2.5483],[-2.8897],[-3.169],[-3.3828],[-3.5414],[-3.631],[-3.6379],[-3.6207],[-3.5448],[-3.4586],[1.2069],[1.7414],[2.2172],[2.6069],[2.8931],[3.0828],[3.169],[3.1103],[2.8966],[2.5103],[1.9448],[1.2379],[0.4621],[-0.3138],[-1.0138],[-1.6172],[-2.0828],[-2.4379],[-2.7103],[-2.9241],[-3.0862],[-3.2241],[-3.3103],[-3.3517],[-3.3034],[-3.2414],[-3.1517],[2.1379],[2.8207],[3.431],[3.9276],[4.3241],[4.5931],[4.7414],[4.6897],[4.3586],[3.7345],[2.8345],[1.6897],[0.4724],[-0.6862],[-1.6345],[-2.2966],[-2.6724],[-2.8276],[-2.8414],[-2.7897],[-2.7034],[-2.6448],[-2.5448],[-2.4414],[-2.3069],[-2.1828],[-2.0897],[2.7552],[3.569],[4.2793],[4.8724],[5.3379],[5.6621],[5.8483],[5.7966],[5.3966],[4.5966],[3.3759],[1.8621],[0.2552],[-1.1552],[-2.2414],[-2.8448],[-3.0552],[-2.9552],[-2.7103],[-2.4379],[-2.1621],[-1.8724],[-1.5759],[-1.2414],[-0.9241],[-0.6759],[-0.569],[2.8379],[3.7517],[4.5483],[5.1517],[5.5655],[5.8414],[5.9724],[5.9138],[5.5241],[4.7172],[3.4517],[1.8448],[0.2],[-1.2103],[-2.1586],[-2.5897],[-2.5966],[-2.3966],[-2.1448],[-1.931],[-1.6966],[-1.3759],[-0.9138],[-0.3345],[0.2414],[0.6655],[0.8],[2.3103],[3.3034],[4.1966],[4.8207],[5.1379],[5.2379],[5.1966],[5.0448],[4.7172],[4.0655],[3.0034],[1.6379],[0.2103],[-0.9828],[-1.6862],[-1.9],[-1.7931],[-1.6034],[-1.5138],[-1.5172],[-1.4621],[-1.1414],[-0.4897],[0.3724],[1.2172],[1.7621],[1.8552],[0.9862],[2.0793],[3.2138],[4.0276],[4.4],[4.3586],[4.1138],[3.8276],[3.5379],[3.1],[2.4],[1.3897],[0.2276],[-0.7586],[-1.3448],[-1.4655],[-1.3034],[-1.1448],[-1.1586],[-1.2552],[-1.1759],[-0.6862],[0.231],[1.3966],[2.4069],[2.9207],[2.7862],[-1.0517],[0.1207],[1.6],[2.8862],[3.5862],[3.6207],[3.2759],[2.8552],[2.5828],[2.4276],[2.1448],[1.5138],[0.5862],[-0.3759],[-1.0724],[-1.3276],[-1.2483],[-1.0828],[-0.9897],[-0.8931],[-0.5828],[0.169],[1.3448],[2.6276],[3.6034],[3.8931],[3.4724],[-3.1724],[-2.0966],[-0.2931],[1.5414],[2.7448],[3.0414],[2.6724],[2.1483],[1.9241],[2.0655],[2.2586],[2.1138],[1.4379],[0.4172],[-0.5379],[-1.1069],[-1.2241],[-1.0448],[-0.7517],[-0.4276],[0.1241],[1.0172],[2.1655],[3.2862],[3.9862],[4.0586],[3.5],[-4.6724],[-3.8655],[-2.0103],[0.1241],[1.6862],[2.2276],[1.8966],[1.3276],[1.1448],[1.569],[2.2655],[2.669],[2.3345],[1.3517],[0.1379],[-0.7897],[-1.169],[-1.0414],[-0.6207],[-0.0517],[0.6345],[1.4897],[2.3759],[3.1172],[3.5172],[3.4862],[3.0793],[-5.369],[-4.8862],[-3.331],[-1.3345],[0.2414],[0.8931],[0.6828],[0.2034],[0.1483],[0.8103],[1.9172],[2.7586],[2.7586],[1.8517],[0.4586],[-0.7724],[-1.4241],[-1.4034],[-0.8655],[-0.031],[0.9],[1.7966],[2.4862],[2.9138],[3.0483],[3.0034],[2.8655],[-5.4931],[-5.2483],[-4.1828],[-2.6931],[-1.3759],[-0.669],[-0.5931],[-0.7069],[-0.4828],[0.3724],[1.5897],[2.5552],[2.6414],[1.7138],[0.1828],[-1.269],[-2.1138],[-2.1448],[-1.4621],[-0.2897],[1.0414],[2.2517],[3.031],[3.3],[3.2276],[3.0931],[3.0655],[-5.2483],[-5.0517],[-4.4276],[-3.5],[-2.5069],[-1.7138],[-1.1828],[-0.8103],[-0.2379],[0.6759],[1.7379],[2.4345],[2.2724],[1.1793],[-0.4207],[-1.9103],[-2.7621],[-2.7552],[-1.9586],[-0.5759],[1.1069],[2.6552],[3.6483],[3.9379],[3.7207],[3.4],[3.2448],[-4.5586],[-4.3759],[-4],[-3.3966],[-2.6034],[-1.7414],[-0.9414],[-0.2034],[0.5448],[1.3655],[2.0793],[2.3172],[1.7517],[0.4862],[-1.0517],[-2.2897],[-2.8931],[-2.7724],[-2.0448],[-0.7517],[0.9138],[2.5793],[3.769],[4.2103],[3.9931],[3.5345],[3.1276],[-3.6517],[-3.4966],[-3.1793],[-2.6483],[-1.9172],[-1.1276],[-0.3724],[0.3517],[1.0621],[1.7586],[2.1897],[2.0483],[1.1552],[-0.2069],[-1.5517],[-2.3759],[-2.631],[-2.4414],[-1.8828],[-0.9172],[0.4931],[2.1034],[3.4897],[4.2379],[4.2655],[3.7828],[3.131],[-2.8448],[-2.6931],[-2.2828],[-1.7],[-1.1103],[-0.6379],[-0.2103],[0.3103],[1.0103],[1.7345],[2.1276],[1.8069],[0.7552],[-0.6379],[-1.7897],[-2.4],[-2.5379],[-2.4207],[-2.0828],[-1.3241],[0.0207],[1.7552],[3.4241],[4.5724],[4.8724],[4.3828],[3.3483],[-2.0586],[-1.7586],[-1.2483],[-0.7379],[-0.5241],[-0.5586],[-0.5276],[-0.0966],[0.7793],[1.7345],[2.2241],[1.8552],[0.7276],[-0.669],[-1.7793],[-2.4483],[-2.8138],[-3],[-2.8034],[-1.9034],[-0.2276],[1.8586],[3.8],[5.0931],[5.4379],[4.7414],[3.3241],[-0.9655],[-0.3793],[0.1483],[0.3586],[0.0345],[-0.5379],[-0.7414],[-0.1966],[0.9069],[2],[2.4138],[1.9276],[0.7586],[-0.5862],[-1.6724],[-2.5],[-3.2],[-3.6897],[-3.4793],[-2.2103],[-0.0345],[2.3172],[4.1793],[5.1759],[5.2],[4.2483],[2.631],[0.3517],[1.069],[1.4828],[1.3379],[0.6483],[-0.0759],[-0.2103],[0.4552],[1.5],[2.2897],[2.3241],[1.5966],[0.4345],[-0.7414],[-1.6931],[-2.4793],[-3.2483],[-3.7517],[-3.3724],[-1.7655],[0.6],[2.8],[4.1552],[4.5655],[4.2069],[3.1448],[1.631],[1.2276],[1.7103],[1.8621],[1.6138],[1.1276],[0.8138],[1.0345],[1.6966],[2.2448],[2.2966],[1.7966],[0.931],[-0.0931],[-1.069],[-1.8414],[-2.3931],[-2.8276],[-2.9483],[-2.3207],[-0.7379],[1.3241],[2.9276],[3.6621],[3.631],[3.1207],[2.1621],[0.8966],[1.2552],[1.2828],[1.1966],[1.131],[1.231],[1.6897],[2.3448],[2.7931],[2.5897],[1.869],[1.0517],[0.3345],[-0.3655],[-1.1862],[-1.8552],[-2.1724],[-2.1207],[-1.7586],[-1],[0.169],[1.4448],[2.3276],[2.6724],[2.6483],[2.2828],[1.431],[0.2138],[0.7931],[0.569],[0.3862],[0.5207],[1.1],[2.0345],[2.8724],[2.9966],[2.1931],[1.031],[0.2207],[-0.0759],[-0.3793],[-1],[-1.6552],[-1.7966],[-1.3828],[-0.7552],[-0.1862],[0.2759],[0.6241],[0.9241],[1.2828],[1.6172],[1.5034],[0.5724],[-0.8759],[0.4483],[0.3828],[0.2552],[0.3345],[0.769],[1.5448],[2.2],[2.1517],[1.1966],[0.0621],[-0.5138],[-0.4862],[-0.5138],[-0.9586],[-1.431],[-1.4],[-0.8724],[-0.3517],[-0.2241],[-0.4655],[-0.7379],[-0.6724],[-0.0724],[0.7],[0.7414],[-0.4241],[-2.1552]]}]