html/data/WT_san09_ind_wt_1_3.json
[{"header":{"disciplineName":["Meteorological products"],"parameterCategory":[0],"parameterCategoryName":["Temperature"],"parameterNumberName":["Temperature"],"parameterNumber":[0],"parameterUnits":["K"],"refTime":["2017-03-17T0000:00.000Z"],"numberPoints":[621],"nx":[27],"ny":[23],"lo1":[-20],"la1":[70],"lo2":[45],"la2":[45],"dx":[2.5],"dy":[2.5]},"data":[[-14.2693],[-13.3693],[-12.5114],[-11.6861],[-10.9404],[-10.2922],[-9.7464],[-9.3163],[-9.0102],[-8.8066],[-8.7271],[-8.7307],[-8.8175],[-8.9524],[-9.1199],[-9.3018],[-9.4837],[-9.6681],[-9.85],[-10.0223],[-10.2223],[-10.4343],[-10.6946],[-10.9946],[-11.362],[-11.7898],[-12.2801],[-10.8488],[-10.25],[-9.738],[-9.2825],[-8.8777],[-8.5066],[-8.1789],[-7.8898],[-7.6645],[-7.5151],[-7.4596],[-7.4873],[-7.603],[-7.7922],[-8.0355],[-8.3078],[-8.6114],[-8.9006],[-9.2054],[-9.4801],[-9.7476],[-10.0054],[-10.256],[-10.5114],[-10.7741],[-11.0657],[-11.4078],[-7.3789],[-7.1825],[-7.0849],[-7.0042],[-6.9247],[-6.8114],[-6.6645],[-6.5054],[-6.3789],[-6.2982],[-6.2994],[-6.3982],[-6.5994],[-6.8813],[-7.2235],[-7.6127],[-8.0175],[-8.4343],[-8.8536],[-9.2476],[-9.6259],[-9.9753],[-10.2705],[-10.5175],[-10.7223],[-10.891],[-11.0717],[-5.0114],[-5.0452],[-5.1283],[-5.209],[-5.2789],[-5.291],[-5.2669],[-5.2476],[-5.2404],[-5.2994],[-5.4283],[-5.65],[-5.9392],[-6.2898],[-6.6693],[-7.0596],[-7.4645],[-7.8741],[-8.297],[-8.7307],[-9.1729],[-9.591],[-9.9717],[-10.2801],[-10.5235],[-10.6946],[-10.8307],[-4.0536],[-4.0151],[-4.0114],[-4.0319],[-4.0596],[-4.1006],[-4.1657],[-4.2464],[-4.3608],[-4.5259],[-4.756],[-5.0295],[-5.3367],[-5.6596],[-5.991],[-6.3163],[-6.6488],[-7.0078],[-7.3958],[-7.838],[-8.3187],[-8.8078],[-9.2657],[-9.6693],[-9.9898],[-10.2355],[-10.4199],[-3.6633],[-3.4452],[-3.2898],[-3.2102],[-3.2199],[-3.2898],[-3.4054],[-3.5283],[-3.6717],[-3.8163],[-3.9825],[-4.1777],[-4.3886],[-4.6283],[-4.8934],[-5.1886],[-5.5428],[-5.956],[-6.4343],[-6.9633],[-7.5319],[-8.0729],[-8.5596],[-8.9524],[-9.2657],[-9.503],[-9.7018],[-2.8464],[-2.5789],[-2.4139],[-2.3861],[-2.4741],[-2.6247],[-2.7813],[-2.9066],[-2.9693],[-3.0139],[-3.0524],[-3.1235],[-3.2428],[-3.4548],[-3.7319],[-4.1102],[-4.5741],[-5.1187],[-5.7331],[-6.3717],[-7.0163],[-7.5813],[-8.0139],[-8.3078],[-8.4741],[-8.5789],[-8.6753],[-1.4355],[-1.2548],[-1.1958],[-1.2886],[-1.4861],[-1.7259],[-1.9247],[-2.0476],[-2.1042],[-2.1295],[-2.1886],[-2.2994],[-2.4982],[-2.7801],[-3.1488],[-3.5886],[-4.0873],[-4.6319],[-5.2175],[-5.8151],[-6.4042],[-6.9199],[-7.3018],[-7.5199],[-7.5753],[-7.5416],[-7.5392],[0.1102],[0.2187],[0.2151],[0.0789],[-0.1524],[-0.4211],[-0.6633],[-0.8572],[-1.0211],[-1.2175],[-1.4669],[-1.7801],[-2.1596],[-2.5608],[-2.9886],[-3.4006],[-3.7934],[-4.1657],[-4.5247],[-4.9102],[-5.3211],[-5.7548],[-6.1223],[-6.3524],[-6.4343],[-6.391],[-6.3536],[1.4548],[1.5452],[1.5633],[1.4596],[1.2416],[0.9657],[0.6861],[0.4247],[0.1428],[-0.1898],[-0.5837],[-1.0223],[-1.4693],[-1.909],[-2.3355],[-2.7199],[-3.0596],[-3.3307],[-3.556],[-3.7765],[-4.0596],[-4.3789],[-4.7006],[-4.9259],[-5.0078],[-4.9741],[-4.9319],[2.6271],[2.6837],[2.6729],[2.538],[2.2813],[1.962],[1.6753],[1.4331],[1.2066],[0.9645],[0.6873],[0.3849],[0.0753],[-0.2741],[-0.691],[-1.1837],[-1.6946],[-2.1584],[-2.55],[-2.85],[-3.1018],[-3.3247],[-3.4886],[-3.5404],[-3.4837],[-3.3331],[-3.2235],[3.6861],[3.6657],[3.556],[3.3042],[2.9512],[2.5898],[2.3319],[2.1934],[2.1428],[2.1343],[2.1102],[2.0633],[1.9548],[1.7223],[1.2873],[0.6524],[-0.1066],[-0.8789],[-1.5223],[-2.003],[-2.3078],[-2.4548],[-2.4488],[-2.297],[-2.0657],[-1.7994],[-1.6139],[4.5657],[4.4837],[4.3078],[4.0127],[3.6512],[3.3175],[3.1054],[3.0367],[3.091],[3.1825],[3.2645],[3.3211],[3.3042],[3.1452],[2.7271],[2.0741],[1.2898],[0.4898],[-0.1801],[-0.6801],[-0.9922],[-1.1307],[-1.1163],[-0.9849],[-0.7994],[-0.5886],[-0.4139],[5.2006],[5.1416],[5.0476],[4.8873],[4.6837],[4.4669],[4.2789],[4.1777],[4.1247],[4.0922],[4.062],[4.0392],[3.9946],[3.8777],[3.5777],[3.1114],[2.5428],[2.0042],[1.5693],[1.238],[0.9729],[0.8018],[0.7054],[0.6175],[0.544],[0.5307],[0.703],[5.7018],[5.7139],[5.7873],[5.8777],[5.9102],[5.809],[5.6295],[5.4151],[5.2042],[4.997],[4.7898],[4.6596],[4.6151],[4.5801],[4.45],[4.1669],[3.8018],[3.4669],[3.2247],[3.0283],[2.8717],[2.7584],[2.6705],[2.5187],[2.2548],[2.0657],[2.2705],[6.2223],[6.3078],[6.5464],[6.8416],[7.0078],[6.9801],[6.8054],[6.5536],[6.2922],[5.9934],[5.7066],[5.4982],[5.4464],[5.5151],[5.5187],[5.3283],[4.9753],[4.6235],[4.3717],[4.2187],[4.1596],[4.2633],[4.503],[4.644],[4.4657],[4.1488],[4.25],[6.8669],[7.0789],[7.45],[7.7849],[7.9367],[7.9127],[7.7705],[7.6163],[7.4404],[7.1861],[6.8331],[6.497],[6.3488],[6.3837],[6.45],[6.2958],[5.9223],[5.5343],[5.2934],[5.2102],[5.2934],[5.6669],[6.3404],[6.9982],[7.109],[6.6295],[6.2669],[7.7512],[8.1886],[8.6187],[8.862],[8.8934],[8.8271],[8.7861],[8.7861],[8.7548],[8.5801],[8.1958],[7.6825],[7.2873],[7.1572],[7.1729],[7.0801],[6.7946],[6.5307],[6.5078],[6.6753],[6.9307],[7.4127],[8.3355],[9.4416],[9.9669],[9.456],[8.4873],[9.0886],[9.7199],[10.1512],[10.2283],[10.1151],[10.0428],[10.0886],[10.191],[10.2548],[10.1898],[9.8765],[9.2946],[8.6681],[8.2873],[8.1934],[8.1151],[7.8886],[7.7572],[8.0066],[8.5211],[8.9717],[9.3994],[10.2596],[11.6367],[12.7416],[12.6367],[11.4548],[10.9922],[11.6873],[12.0355],[11.9717],[11.7512],[11.6777],[11.7572],[11.8596],[11.9319],[11.9608],[11.8355],[11.344],[10.6127],[10.0669],[9.891],[9.8139],[9.5175],[9.2608],[9.5235],[10.2596],[10.9367],[11.344],[12.0199],[13.4464],[15.0958],[15.7139],[14.8693],[13.2982],[13.9536],[14.2247],[14.0813],[13.809],[13.7127],[13.7572],[13.7849],[13.7837],[13.8633],[13.8452],[13.4199],[12.6669],[12.097],[12.0416],[12.1319],[11.8367],[11.3139],[11.2741],[12.0151],[12.962],[13.5789],[14.1548],[15.3572],[16.9705],[17.8861],[17.3584],[15.5898],[16.1934],[16.4777],[16.3512],[16.0596],[15.9006],[15.8922],[15.8717],[15.8199],[15.8127],[15.7175],[15.2187],[14.3994],[13.9283],[14.203],[14.7729],[14.8151],[14.2259],[13.8235],[14.3187],[15.4645],[16.4982],[17.209],[17.9524],[18.744],[18.9572],[18.0705],[17.3536],[17.9464],[18.3175],[18.2837],[18.0054],[17.8018],[17.7657],[17.7958],[17.7958],[17.7343],[17.4753],[16.8307],[16.0223],[15.6898],[16.2596],[17.3283],[17.9114],[17.5958],[17.009],[17.103],[18.1331],[19.562],[20.6524],[21.0849],[20.8006],[19.7211],[17.9054]]},{"header":{"disciplineName":["Meteorological products"],"parameterCategory":[2],"parameterCategoryName":["u-component of wind"],"parameterNumberName":["u-component of wind"],"parameterNumber":[2],"parameterUnits":["m s-1"],"refTime":["2017-03-17T0000:00.000Z"],"numberPoints":[621],"nx":[27],"ny":[23],"lo1":[-20],"la1":[70],"lo2":[45],"la2":[45],"dx":[2.5],"dy":[2.5]},"data":[[2.3349],[2.6988],[2.9458],[3.0964],[3.1807],[3.2482],[3.3133],[3.4265],[3.5783],[3.7711],[3.9843],[4.2048],[4.388],[4.5361],[4.6349],[4.6988],[4.7337],[4.7482],[4.7843],[4.8181],[4.8855],[4.9554],[5.053],[5.1627],[5.2952],[5.4325],[5.5855],[3.2084],[3.8663],[4.3145],[4.588],[4.7386],[4.8434],[4.9771],[5.1675],[5.4398],[5.7651],[6.0952],[6.3988],[6.5976],[6.6771],[6.6386],[6.5],[6.3096],[6.1024],[5.9277],[5.8024],[5.7627],[5.7663],[5.8313],[5.9398],[6.0867],[6.2759],[6.5133],[4.1169],[4.8072],[5.2723],[5.5542],[5.741],[5.9024],[6.1157],[6.4096],[6.7976],[7.2181],[7.6277],[7.9265],[8.0542],[8.006],[7.7747],[7.4265],[7.0169],[6.6566],[6.3687],[6.2072],[6.1578],[6.2084],[6.341],[6.5181],[6.7301],[6.9771],[7.2542],[5.6096],[6.0771],[6.4108],[6.6301],[6.7831],[6.9325],[7.106],[7.3506],[7.6506],[7.9639],[8.2289],[8.3892],[8.3807],[8.2],[7.8867],[7.5096],[7.141],[6.8578],[6.688],[6.6578],[6.7229],[6.8482],[7.0108],[7.1843],[7.3855],[7.5711],[7.7795],[8.0904],[8.2723],[8.4145],[8.5313],[8.6036],[8.6337],[8.6422],[8.6241],[8.612],[8.6145],[8.6084],[8.5434],[8.4108],[8.2265],[8.0133],[7.8301],[7.7133],[7.6699],[7.6916],[7.7277],[7.7627],[7.7904],[7.7988],[7.8373],[7.8711],[7.9398],[8.0289],[10.906],[10.8036],[10.7602],[10.7386],[10.6831],[10.547],[10.3241],[10.053],[9.7855],[9.5639],[9.3783],[9.2229],[9.0747],[8.9446],[8.8566],[8.8398],[8.8723],[8.9],[8.8542],[8.6976],[8.4301],[8.1265],[7.8627],[7.7072],[7.6735],[7.7217],[7.8277],[12.9747],[12.5928],[12.2988],[12.0651],[11.8434],[11.5494],[11.2241],[10.8904],[10.6157],[10.4313],[10.3108],[10.2169],[10.094],[9.9506],[9.8145],[9.6952],[9.5627],[9.3518],[8.9855],[8.4386],[7.8012],[7.2157],[6.841],[6.7169],[6.8108],[7.0193],[7.2373],[13.9663],[13.2867],[12.7096],[12.2494],[11.8554],[11.4904],[11.1614],[10.8843],[10.7108],[10.6386],[10.6108],[10.541],[10.359],[10.0771],[9.7229],[9.3494],[8.9542],[8.4735],[7.8627],[7.1434],[6.453],[5.9771],[5.8301],[5.9747],[6.2928],[6.5964],[6.7663],[14.0916],[13.2446],[12.5313],[11.9506],[11.4687],[11.0578],[10.6892],[10.3747],[10.1169],[9.912],[9.7241],[9.4855],[9.159],[8.759],[8.312],[7.8711],[7.4566],[7.0277],[6.5627],[6.1036],[5.788],[5.7494],[6.0229],[6.4651],[6.8494],[6.9747],[6.788],[13.3337],[12.5627],[11.9048],[11.341],[10.859],[10.3867],[9.9145],[9.4096],[8.8675],[8.3145],[7.806],[7.3482],[6.9723],[6.659],[6.4084],[6.2108],[6.0627],[5.9542],[5.8578],[5.853],[6.0229],[6.4133],[6.9916],[7.5084],[7.753],[7.5711],[7.0217],[11.5458],[10.9651],[10.4349],[9.912],[9.3916],[8.8675],[8.3253],[7.7313],[7.0639],[6.3747],[5.7566],[5.3012],[5.0542],[4.9819],[5.0181],[5.1157],[5.2301],[5.3554],[5.5157],[5.747],[6.1181],[6.6229],[7.1771],[7.5988],[7.694],[7.4289],[6.9325],[9.059],[8.612],[8.141],[7.6325],[7.094],[6.6133],[6.212],[5.8554],[5.4819],[5.0843],[4.7205],[4.4819],[4.3867],[4.4313],[4.5422],[4.6807],[4.8193],[4.9651],[5.1349],[5.3337],[5.5795],[5.8916],[6.2169],[6.4663],[6.5627],[6.5361],[6.488],[6.5036],[6.1434],[5.7952],[5.4386],[5.1265],[4.9241],[4.8819],[4.9687],[5.0614],[5.1],[5.0627],[4.9867],[4.8988],[4.8289],[4.7771],[4.7663],[4.8325],[4.9566],[5.1024],[5.2024],[5.2518],[5.2735],[5.3241],[5.4193],[5.5928],[5.8253],[6.1434],[4.2434],[4.0325],[3.994],[4.0976],[4.3096],[4.5904],[4.912],[5.2193],[5.4831],[5.6651],[5.7434],[5.7337],[5.6373],[5.4988],[5.3735],[5.3627],[5.4795],[5.7],[5.9012],[5.9807],[5.9145],[5.7422],[5.5904],[5.5723],[5.7301],[5.9867],[6.259],[2.2699],[2.2795],[2.6217],[3.2458],[3.9831],[4.606],[4.9928],[5.1386],[5.1602],[5.1807],[5.3036],[5.4988],[5.6904],[5.8639],[6.0229],[6.2518],[6.5458],[6.8614],[7.0988],[7.1892],[7.1036],[6.9084],[6.7048],[6.6373],[6.7651],[6.9458],[6.9867],[0.7036],[0.8855],[1.406],[2.2012],[3.047],[3.6446],[3.8193],[3.6325],[3.3627],[3.3253],[3.6747],[4.3265],[5.0783],[5.7771],[6.3542],[6.8386],[7.2277],[7.5145],[7.688],[7.7867],[7.8205],[7.7819],[7.7024],[7.7349],[7.9735],[8.2807],[8.3639],[-0.1289],[0.1711],[0.5988],[1.1651],[1.7361],[2.1108],[2.112],[1.8518],[1.6699],[1.8651],[2.553],[3.5506],[4.5627],[5.4108],[6.0614],[6.5542],[6.8976],[7.0964],[7.2337],[7.453],[7.7699],[8.0735],[8.2892],[8.5265],[8.9795],[9.6072],[10.0771],[-0.0494],[0.3651],[0.6795],[0.9795],[1.3361],[1.6398],[1.8145],[1.8976],[2.1],[2.612],[3.3964],[4.1855],[4.7542],[5.0783],[5.3096],[5.6],[5.9072],[6.1506],[6.3855],[6.8108],[7.4627],[8.1566],[8.6771],[9.0928],[9.6446],[10.4542],[11.2084],[0.8518],[1.3506],[1.6398],[1.9096],[2.3193],[2.8578],[3.3952],[3.888],[4.4157],[5.0012],[5.494],[5.6614],[5.4373],[5.0181],[4.7735],[4.9048],[5.2771],[5.6458],[5.9819],[6.4855],[7.2542],[8.1181],[8.7964],[9.2494],[9.694],[10.2747],[10.7952],[2.3277],[2.753],[2.9735],[3.2735],[3.7892],[4.4783],[5.1494],[5.712],[6.1904],[6.5699],[6.7205],[6.4675],[5.8398],[5.1554],[4.8253],[4.9976],[5.4771],[5.9024],[6.1578],[6.4386],[6.9386],[7.6096],[8.1855],[8.5386],[8.7506],[8.8699],[8.7494],[3.6831],[3.8867],[3.9542],[4.1253],[4.5084],[4.9855],[5.3663],[5.5855],[5.7337],[5.8518],[5.8639],[5.6928],[5.3325],[4.9916],[4.9277],[5.2277],[5.6976],[6.0843],[6.1976],[6.1711],[6.2373],[6.4349],[6.6639],[6.8217],[6.8373],[6.5952],[5.9229],[3.7072],[3.8193],[3.8012],[3.8145],[3.9241],[4.0361],[3.9952],[3.841],[3.6855],[3.6434],[3.6819],[3.7675],[3.859],[3.953],[4.0988],[4.3807],[4.7855],[5.1578],[5.3169],[5.2386],[5.0373],[4.8349],[4.6723],[4.5627],[4.4253],[4.0434],[3.2012],[1.5723],[1.8012],[1.9265],[2.0072],[2.0687],[2.0542],[1.9193],[1.7108],[1.5361],[1.4494],[1.4675],[1.6253],[1.8602],[2.0518],[2.1253],[2.2072],[2.488],[2.9386],[3.3301],[3.4349],[3.2819],[3.0012],[2.6988],[2.4024],[2.112],[1.6747],[0.906]]},{"header":{"disciplineName":["Meteorological products"],"parameterCategory":[2],"parameterCategoryName":["v-component of wind"],"parameterNumberName":["v-component of wind"],"parameterNumber":[3],"parameterUnits":["m s-1"],"refTime":["2017-03-17T0000:00.000Z"],"numberPoints":[621],"nx":[27],"ny":[23],"lo1":[-20],"la1":[70],"lo2":[45],"la2":[45],"dx":[2.5],"dy":[2.5]},"data":[[-0.9133],[-0.7386],[-0.4892],[-0.2096],[0.0602],[0.2952],[0.4759],[0.5976],[0.6554],[0.647],[0.6145],[0.5422],[0.4554],[0.3639],[0.2651],[0.1506],[0.0096],[-0.1554],[-0.3867],[-0.6337],[-0.9133],[-1.1663],[-1.3783],[-1.5048],[-1.5554],[-1.5048],[-1.3807],[0.9843],[0.8566],[0.7602],[0.6819],[0.6386],[0.6386],[0.6627],[0.7012],[0.7337],[0.7349],[0.7048],[0.6289],[0.5181],[0.4084],[0.3108],[0.2205],[0.1193],[-0.0012],[-0.1614],[-0.3759],[-0.6108],[-0.853],[-1.0458],[-1.1289],[-1.0988],[-0.9518],[-0.7229],[3.0241],[2.5651],[2.0892],[1.6627],[1.3482],[1.1759],[1.1229],[1.1639],[1.206],[1.1892],[1.0578],[0.8205],[0.4964],[0.1747],[-0.0904],[-0.259],[-0.3337],[-0.3361],[-0.3386],[-0.3627],[-0.4458],[-0.5373],[-0.6072],[-0.5976],[-0.4651],[-0.2313],[0.0699],[4.3313],[3.6241],[2.8952],[2.2398],[1.759],[1.5],[1.453],[1.547],[1.653],[1.641],[1.4133],[0.9723],[0.406],[-0.1663],[-0.6145],[-0.8446],[-0.8578],[-0.7157],[-0.5084],[-0.3422],[-0.247],[-0.2072],[-0.1723],[-0.0723],[0.1217],[0.4084],[0.7458],[4.8084],[3.9988],[3.1506],[2.3639],[1.7373],[1.3627],[1.2663],[1.3675],[1.5337],[1.5675],[1.347],[0.8554],[0.2036],[-0.4446],[-0.8988],[-1.0759],[-0.9602],[-0.7084],[-0.4361],[-0.2446],[-0.1578],[-0.1313],[-0.0795],[0.0687],[0.3373],[0.7096],[1.1048],[4.7169],[3.9458],[3.1],[2.2313],[1.4482],[0.9012],[0.6422],[0.6771],[0.8711],[0.9988],[0.8867],[0.4819],[-0.0952],[-0.6446],[-0.9747],[-1],[-0.8012],[-0.5482],[-0.4012],[-0.4072],[-0.5096],[-0.5807],[-0.4759],[-0.1614],[0.3108],[0.8651],[1.3916],[4.1494],[3.4747],[2.7181],[1.8928],[1.0554],[0.3904],[0.0361],[0.0434],[0.2807],[0.5012],[0.4795],[0.1373],[-0.4229],[-0.9313],[-1.1855],[-1.1373],[-0.9325],[-0.8012],[-0.8831],[-1.1422],[-1.3867],[-1.3711],[-0.9988],[-0.3096],[0.5108],[1.2795],[1.9084],[3.0422],[2.4518],[1.8663],[1.2181],[0.5434],[-0.0181],[-0.294],[-0.206],[0.1181],[0.4145],[0.4133],[0.0108],[-0.6735],[-1.3096],[-1.6663],[-1.6855],[-1.5651],[-1.5723],[-1.8398],[-2.2012],[-2.3446],[-1.9976],[-1.1349],[0.006],[1.0867],[1.8795],[2.3602],[1.6807],[1.1012],[0.659],[0.2675],[-0.1157],[-0.441],[-0.5627],[-0.4169],[-0.0542],[0.2904],[0.3193],[-0.0928],[-0.8373],[-1.6024],[-2.0759],[-2.2084],[-2.1928],[-2.3253],[-2.6337],[-2.9145],[-2.7699],[-1.9735],[-0.6651],[0.7096],[1.6867],[2.0964],[2.1337],[0.4759],[-0.1205],[-0.4928],[-0.7084],[-0.8494],[-1.0012],[-1.0988],[-1.053],[-0.8072],[-0.4819],[-0.3048],[-0.4843],[-1.0084],[-1.6434],[-2.0892],[-2.2494],[-2.3012],[-2.4482],[-2.7422],[-2.8542],[-2.4253],[-1.3133],[0.1578],[1.3916],[1.9072],[1.6964],[1.2024],[-0.3964],[-1.0265],[-1.4325],[-1.5904],[-1.6277],[-1.6867],[-1.8458],[-2.0193],[-1.9976],[-1.7337],[-1.359],[-1.1422],[-1.2193],[-1.5157],[-1.794],[-1.9253],[-1.9928],[-2.1349],[-2.3277],[-2.2651],[-1.6217],[-0.4],[0.9639],[1.8181],[1.7867],[1.0904],[0.3386],[-1.0687],[-1.712],[-2.2373],[-2.4602],[-2.4],[-2.2964],[-2.359],[-2.5988],[-2.7723],[-2.6434],[-2.2145],[-1.7265],[-1.4747],[-1.4916],[-1.6422],[-1.759],[-1.8325],[-1.9289],[-1.9554],[-1.694],[-0.888],[0.341],[1.4807],[1.9627],[1.6277],[0.8458],[0.2361],[-1.5542],[-2.2108],[-2.8602],[-3.1446],[-2.9627],[-2.553],[-2.3048],[-2.4169],[-2.6831],[-2.7747],[-2.5229],[-2.0867],[-1.7542],[-1.7012],[-1.8108],[-1.9386],[-2.0181],[-2.041],[-1.9145],[-1.4301],[-0.4964],[0.6964],[1.6325],[1.8807],[1.4916],[0.9506],[0.7747],[-1.7554],[-2.3277],[-2.9783],[-3.2349],[-2.9325],[-2.3108],[-1.859],[-1.8759],[-2.241],[-2.5723],[-2.5819],[-2.306],[-2.0205],[-1.9181],[-1.9952],[-2.1349],[-2.2313],[-2.2337],[-2.0373],[-1.4602],[-0.4566],[0.6711],[1.4554],[1.5843],[1.2735],[1.0506],[1.2639],[-1.7373],[-2.0783],[-2.494],[-2.6349],[-2.3398],[-1.8133],[-1.5036],[-1.6675],[-2.1651],[-2.6012],[-2.6398],[-2.3313],[-1.9663],[-1.7988],[-1.8663],[-2.0373],[-2.2096],[-2.2783],[-2.1386],[-1.6386],[-0.7361],[0.3024],[1.0241],[1.1892],[1.0072],[1.006],[1.3928],[-1.6807],[-1.7133],[-1.8193],[-1.8253],[-1.6687],[-1.5012],[-1.5843],[-1.988],[-2.4699],[-2.6614],[-2.3892],[-1.8229],[-1.3349],[-1.2482],[-1.4964],[-1.8687],[-2.1386],[-2.2627],[-2.2241],[-1.9145],[-1.2458],[-0.3253],[0.4892],[0.9205],[1.041],[1.1602],[1.4988],[-1.5783],[-1.4373],[-1.3759],[-1.3651],[-1.4181],[-1.6157],[-1.9831],[-2.3855],[-2.5289],[-2.2012],[-1.4675],[-0.694],[-0.3289],[-0.5964],[-1.2723],[-1.9277],[-2.2675],[-2.3072],[-2.2446],[-2.1024],[-1.712],[-0.9325],[0.1],[1.0337],[1.6398],[1.9313],[2.0566],[-1.2157],[-1.0867],[-1.1024],[-1.2313],[-1.4964],[-1.8578],[-2.1952],[-2.2952],[-1.9422],[-1.1735],[-0.247],[0.3783],[0.3554],[-0.3542],[-1.3723],[-2.153],[-2.4108],[-2.2458],[-2.0193],[-1.9169],[-1.7313],[-1.0807],[0.1422],[1.5807],[2.7036],[3.1807],[3.0518],[-0.5554],[-0.5482],[-0.6843],[-0.9434],[-1.3],[-1.653],[-1.8265],[-1.6048],[-0.9867],[-0.1627],[0.4723],[0.6145],[0.1711],[-0.6554],[-1.5229],[-2.0855],[-2.1313],[-1.8422],[-1.4795],[-1.2892],[-1.1253],[-0.547],[0.7012],[2.3434],[3.6964],[4.2349],[3.8711],[0.1771],[0.0976],[-0.0675],[-0.2867],[-0.5747],[-0.8663],[-0.9554],[-0.6964],[-0.159],[0.3337],[0.4169],[0.0072],[-0.6253],[-1.1265],[-1.3554],[-1.3904],[-1.3],[-1.0952],[-0.7807],[-0.4735],[-0.1349],[0.4361],[1.5096],[2.9193],[4.0578],[4.3747],[3.7819],[0.847],[0.6349],[0.5048],[0.4169],[0.2506],[0.0012],[-0.1687],[-0.1],[0.1831],[0.347],[0.0542],[-0.6277],[-1.2036],[-1.2181],[-0.7386],[-0.2711],[-0.1241],[-0.1687],[-0.047],[0.3205],[0.7795],[1.3325],[2.0976],[3.0133],[3.6193],[3.488],[2.6169],[1.4759],[1.0602],[0.8651],[0.7988],[0.6518],[0.3349],[-8.9766e-11],[-0.141],[-0.0193],[0.0988],[-0.1277],[-0.6627],[-1.012],[-0.7],[0.1361],[0.8747],[1.0651],[0.8819],[0.8313],[1.0566],[1.3735],[1.6892],[2.1373],[2.647],[2.7542],[2.0916],[0.8723],[1.9494],[1.3988],[1.0518],[0.8133],[0.5133],[0.0614],[-0.3928],[-0.6313],[-0.5422],[-0.2747],[-0.1458],[-0.2265],[-0.253],[0.1675],[0.9795],[1.7241],[2.0157],[1.9518],[1.8434],[1.7602],[1.5976],[1.4795],[1.6699],[2.0133],[1.8446],[0.759],[-0.7554]]}]