html/data/WT_san09_ind_wt_6_6.json
[{"header":{"disciplineName":["Meteorological products"],"parameterCategory":[0],"parameterCategoryName":["Temperature"],"parameterNumberName":["Temperature"],"parameterNumber":[0],"parameterUnits":["K"],"refTime":["2017-03-17T0000:00.000Z"],"numberPoints":[621],"nx":[27],"ny":[23],"lo1":[-20],"la1":[70],"lo2":[45],"la2":[45],"dx":[2.5],"dy":[2.5]},"data":[[0.2183],[0.2549],[0.2732],[0.2683],[0.2195],[0.1463],[0.0817],[0.0232],[0.022],[0.0683],[0.1878],[0.3573],[0.5866],[0.8171],[1.0451],[1.2159],[1.3085],[1.3207],[1.2183],[1.0366],[0.7841],[0.4854],[0.1683],[-0.128],[-0.4061],[-0.6402],[-0.8402],[0.9098],[1.0012],[1.0512],[1.0378],[0.9793],[0.9073],[0.8293],[0.7963],[0.8256],[0.9366],[1.1305],[1.3902],[1.6976],[2.0195],[2.3232],[2.5634],[2.7305],[2.7841],[2.7293],[2.5841],[2.3585],[2.0951],[1.811],[1.5439],[1.3134],[1.0951],[0.9256],[1.4915],[1.5939],[1.6159],[1.589],[1.5402],[1.5098],[1.5122],[1.5841],[1.7366],[1.9537],[2.2293],[2.528],[2.8524],[3.1451],[3.4159],[3.6329],[3.7866],[3.8646],[3.8488],[3.7744],[3.6524],[3.4878],[3.3207],[3.1634],[3.0232],[2.8866],[2.7695],[1.9159],[1.9549],[1.9354],[1.9012],[1.9012],[1.9707],[2.1512],[2.4317],[2.789],[3.1756],[3.5524],[3.8902],[4.1659],[4.389],[4.5646],[4.6829],[4.778],[4.8268],[4.8451],[4.8341],[4.8098],[4.7671],[4.7293],[4.6963],[4.6549],[4.6085],[4.5439],[2.1573],[2.1659],[2.15],[2.1634],[2.2415],[2.4451],[2.778],[3.2268],[3.7427],[4.2646],[4.7037],[5.0646],[5.2988],[5.4537],[5.55],[5.6146],[5.6537],[5.6878],[5.7037],[5.7134],[5.7402],[5.7878],[5.8463],[5.922],[5.9951],[6.0512],[6.1],[2.4646],[2.5524],[2.6341],[2.7329],[2.8902],[3.1317],[3.4829],[3.9415],[4.4549],[4.9329],[5.3524],[5.6634],[5.8732],[6.0146],[6.1183],[6.2061],[6.272],[6.322],[6.3585],[6.4037],[6.4805],[6.5817],[6.7305],[6.8988],[7.0732],[7.2329],[7.3829],[3.1439],[3.3598],[3.561],[3.728],[3.8841],[4.0756],[4.3354],[4.6598],[5.0195],[5.378],[5.7049],[5.978],[6.2037],[6.3829],[6.5573],[6.7207],[6.8695],[6.9927],[7.1256],[7.2598],[7.4073],[7.6073],[7.8378],[8.072],[8.2866],[8.4573],[8.6207],[4.2524],[4.4585],[4.6402],[4.7756],[4.8878],[5.0305],[5.2146],[5.4573],[5.7524],[6.061],[6.3841],[6.689],[6.9683],[7.222],[7.4341],[7.6341],[7.8427],[8.05],[8.2622],[8.489],[8.7341],[9.0085],[9.2878],[9.5402],[9.7305],[9.872],[9.9915],[5.511],[5.5195],[5.5451],[5.6061],[5.7354],[5.9305],[6.1927],[6.5122],[6.8585],[7.261],[7.6963],[8.1171],[8.4793],[8.739],[8.8988],[9.0159],[9.139],[9.3061],[9.5085],[9.7146],[9.9293],[10.1537],[10.4037],[10.65],[10.8744],[11.0866],[11.3024],[6.6207],[6.4488],[6.4],[6.5171],[6.7951],[7.1878],[7.6012],[8.0293],[8.4622],[8.9341],[9.4402],[9.9244],[10.2841],[10.4622],[10.4585],[10.3841],[10.3268],[10.3549],[10.4146],[10.4549],[10.4622],[10.5268],[10.6976],[11.0183],[11.389],[11.8134],[12.2768],[7.5341],[7.4207],[7.5598],[7.9268],[8.4549],[9.0451],[9.5854],[10.0317],[10.4195],[10.7793],[11.1622],[11.5354],[11.7829],[11.8232],[11.6549],[11.4415],[11.2927],[11.2634],[11.2354],[11.1098],[10.9354],[10.8866],[11.1207],[11.6268],[12.2317],[12.789],[13.2927],[8.3963],[8.5671],[9.0134],[9.6366],[10.3366],[11.0378],[11.672],[12.1427],[12.4402],[12.5963],[12.7049],[12.8244],[12.8878],[12.8037],[12.5939],[12.4049],[12.3707],[12.4805],[12.5841],[12.5122],[12.3646],[12.4537],[12.9866],[13.8866],[14.7659],[15.2841],[15.4159],[9.4061],[9.8],[10.3476],[10.9793],[11.7012],[12.5183],[13.3817],[14.0963],[14.4854],[14.522],[14.3573],[14.1805],[14.0573],[13.9061],[13.711],[13.5841],[13.7122],[14.0512],[14.389],[14.5171],[14.5707],[14.9476],[15.9622],[17.4183],[18.7134],[19.289],[19.1232],[10.5622],[10.9073],[11.2927],[11.7793],[12.5427],[13.6793],[15.061],[16.2744],[16.9256],[16.9159],[16.5232],[16.0854],[15.7805],[15.5256],[15.2366],[15.0146],[15.0634],[15.4122],[15.8049],[15.9963],[16.1378],[16.7341],[18.15],[20.1537],[21.9976],[23.0805],[23.3793],[11.5805],[11.772],[12.0305],[12.5854],[13.711],[15.4561],[17.4671],[19.1134],[19.9024],[19.7854],[19.172],[18.539],[18.0695],[17.6427],[17.1317],[16.5976],[16.3232],[16.3683],[16.5256],[16.5451],[16.5829],[17.2012],[18.8],[21.1244],[23.4061],[25.1049],[26.3671],[12.2902],[12.5085],[12.9744],[13.9988],[15.7866],[18.1378],[20.5024],[22.172],[22.7744],[22.4707],[21.7671],[21.0927],[20.5415],[19.9561],[19.2122],[18.4073],[17.8244],[17.5524],[17.4232],[17.2244],[17.1683],[17.811],[19.5256],[21.9439],[24.2098],[25.8841],[27.422],[13.039],[13.5646],[14.4951],[16.0805],[18.3463],[20.9061],[23.0951],[24.3512],[24.6354],[24.3207],[23.8561],[23.3988],[22.8671],[22.1512],[21.2732],[20.4427],[19.8183],[19.4451],[19.1841],[18.9671],[19.0293],[19.9061],[21.8671],[24.3683],[26.3329],[27.2134],[27.7159],[14.5768],[15.5537],[16.8293],[18.572],[20.7024],[22.8622],[24.4939],[25.3037],[25.4988],[25.5463],[25.6268],[25.5159],[24.9683],[24.0671],[23.1183],[22.389],[21.8915],[21.5451],[21.2927],[21.1963],[21.4963],[22.6524],[24.8537],[27.5476],[29.4427],[29.6622],[28.7524],[17.2537],[18.5537],[19.839],[21.1817],[22.6305],[24.089],[25.2037],[25.8341],[26.2659],[26.8268],[27.4134],[27.5134],[26.8183],[25.6634],[24.6354],[23.9793],[23.5293],[23.1061],[22.8354],[22.8805],[23.339],[24.4293],[26.4195],[29.0646],[31.2768],[31.822],[30.6171],[20.372],[21.7207],[22.7439],[23.4744],[24.1927],[25.0659],[25.9341],[26.6329],[27.2817],[28.1037],[28.8476],[28.9317],[28.1134],[26.9],[25.9427],[25.3707],[24.8598],[24.2829],[23.9659],[24.1402],[24.628],[25.2793],[26.4171],[28.4073],[30.7634],[32.2378],[32.0451],[22.6012],[23.7171],[24.4159],[24.722],[25.0268],[25.6488],[26.4585],[27.1549],[27.7476],[28.3902],[28.9683],[29.0317],[28.4427],[27.6122],[27.0646],[26.7427],[26.2585],[25.6329],[25.3622],[25.6866],[26.1695],[26.3293],[26.4866],[27.4427],[29.3329],[31.2305],[32.0512],[23.1256],[23.839],[24.2476],[24.4073],[24.639],[25.2098],[25.9244],[26.439],[26.7183],[27.0171],[27.4171],[27.6841],[27.672],[27.6],[27.6366],[27.628],[27.311],[26.828],[26.6927],[27.0329],[27.3829],[27.3134],[27.1],[27.489],[28.7159],[30.1378],[30.8756],[22.1549],[22.4549],[22.6451],[22.8012],[23.1],[23.6098],[24.128],[24.3963],[24.45],[24.5671],[24.9207],[25.4756],[26.0744],[26.6476],[27.0561],[27.1585],[26.9646],[26.7561],[26.7415],[26.8061],[26.7037],[26.511],[26.689],[27.5159],[28.6232],[29.3293],[29.2159]]},{"header":{"disciplineName":["Meteorological products"],"parameterCategory":[2],"parameterCategoryName":["u-component of wind"],"parameterNumberName":["u-component of wind"],"parameterNumber":[2],"parameterUnits":["m s-1"],"refTime":["2017-03-17T0000:00.000Z"],"numberPoints":[621],"nx":[27],"ny":[23],"lo1":[-20],"la1":[70],"lo2":[45],"la2":[45],"dx":[2.5],"dy":[2.5]},"data":[[2.811],[2.9415],[3.0098],[3.0049],[2.9805],[2.9329],[2.9256],[2.9366],[3.0146],[3.1378],[3.3085],[3.4793],[3.6537],[3.8134],[3.9598],[4.1012],[4.2537],[4.4244],[4.6037],[4.778],[4.9122],[4.9939],[4.9805],[4.8902],[4.7183],[4.4927],[4.2439],[2.3573],[2.6256],[2.7671],[2.811],[2.7732],[2.6951],[2.6341],[2.6232],[2.6878],[2.8268],[2.9976],[3.1695],[3.3037],[3.3939],[3.4378],[3.4793],[3.5537],[3.6744],[3.8768],[4.1098],[4.3463],[4.5524],[4.6671],[4.6805],[4.6049],[4.4561],[4.3024],[1.3976],[1.6988],[1.9183],[2.0463],[2.0963],[2.1073],[2.1378],[2.2232],[2.3829],[2.6012],[2.828],[3.0171],[3.1146],[3.1037],[3.0012],[2.8793],[2.7744],[2.7634],[2.8549],[3.0171],[3.2354],[3.4512],[3.6146],[3.728],[3.7939],[3.8402],[3.9195],[0.9902],[1.128],[1.2829],[1.4341],[1.5707],[1.6976],[1.8329],[2.0122],[2.2463],[2.5244],[2.8012],[3.0012],[3.1024],[3.0732],[2.9524],[2.7768],[2.6305],[2.5366],[2.5232],[2.5537],[2.6146],[2.672],[2.7427],[2.8305],[2.9768],[3.2049],[3.5366],[1.9378],[1.7866],[1.7659],[1.8341],[1.961],[2.0829],[2.2159],[2.3622],[2.5354],[2.7463],[2.972],[3.1573],[3.2829],[3.3195],[3.3098],[3.278],[3.2622],[3.2439],[3.2171],[3.1585],[3.0524],[2.9317],[2.8354],[2.8268],[2.961],[3.2537],[3.6756],[3.6378],[3.3037],[3.139],[3.1183],[3.1829],[3.2537],[3.3061],[3.3402],[3.3854],[3.4622],[3.5817],[3.7171],[3.8183],[3.9012],[3.9561],[4.011],[4.0646],[4.1073],[4.0854],[4.0061],[3.8561],[3.7037],[3.6024],[3.6171],[3.7646],[4.0317],[4.3598],[4.9768],[4.689],[4.5232],[4.4671],[4.5],[4.55],[4.5841],[4.5841],[4.5829],[4.6305],[4.7024],[4.7902],[4.8463],[4.8305],[4.7598],[4.6256],[4.4683],[4.3012],[4.1341],[3.9659],[3.8634],[3.872],[3.9976],[4.2439],[4.5329],[4.778],[4.9622],[5.8451],[5.611],[5.4171],[5.3134],[5.328],[5.4122],[5.5146],[5.5854],[5.6378],[5.689],[5.7451],[5.8024],[5.8098],[5.6915],[5.4305],[5.0085],[4.4829],[3.939],[3.4598],[3.122],[3.0122],[3.1476],[3.5],[3.9573],[4.3854],[4.6549],[4.7476],[6.6805],[6.2732],[5.8683],[5.5854],[5.5146],[5.6305],[5.8378],[5.9951],[6.0317],[5.9561],[5.8378],[5.7537],[5.6963],[5.5939],[5.3622],[4.9427],[4.3439],[3.6683],[3.0134],[2.5134],[2.2756],[2.3244],[2.6134],[3.0037],[3.3659],[3.6061],[3.7305],[7.2146],[6.511],[5.828],[5.3402],[5.1671],[5.3256],[5.6354],[5.8659],[5.8207],[5.4793],[4.9963],[4.5817],[4.3695],[4.3439],[4.3805],[4.3232],[4.0829],[3.6695],[3.1622],[2.6805],[2.3122],[2.1256],[2.0915],[2.1561],[2.2744],[2.4341],[2.6537],[6.6927],[5.9707],[5.2866],[4.7598],[4.5695],[4.778],[5.2463],[5.6695],[5.7098],[5.2829],[4.5512],[3.8232],[3.3756],[3.2866],[3.4488],[3.672],[3.7805],[3.689],[3.4098],[3.0415],[2.6622],[2.3244],[2.0268],[1.8134],[1.6976],[1.789],[2.1244],[5.261],[4.9366],[4.5841],[4.2427],[4.0951],[4.3524],[4.9976],[5.7378],[6.189],[6.1256],[5.6],[4.8927],[4.2988],[3.9817],[3.9073],[3.9244],[3.8976],[3.7207],[3.4],[3.0476],[2.7256],[2.4463],[2.1793],[1.8963],[1.6988],[1.7195],[2.0293],[3.9146],[4.0585],[4.1122],[4.0183],[3.9354],[4.1659],[4.8512],[5.7976],[6.6659],[7.1378],[7.1744],[6.8902],[6.4573],[6.0171],[5.6073],[5.1988],[4.7451],[4.2122],[3.6646],[3.2073],[2.9549],[2.8622],[2.7902],[2.6159],[2.361],[2.1866],[2.2305],[2.9732],[3.3232],[3.6598],[3.8244],[3.9],[4.1012],[4.5939],[5.3134],[6.0415],[6.639],[7.0305],[7.2561],[7.2951],[7.1293],[6.8024],[6.3756],[5.8927],[5.3561],[4.8098],[4.3915],[4.2049],[4.2671],[4.3817],[4.3366],[4.0549],[3.6159],[3.1683],[1.8939],[2.3537],[2.9878],[3.5476],[3.9232],[4.1512],[4.2768],[4.2976],[4.2537],[4.2915],[4.5695],[5.0732],[5.6146],[6.0098],[6.2061],[6.3061],[6.3866],[6.4244],[6.3439],[6.1988],[6.1244],[6.2159],[6.4171],[6.5598],[6.4549],[5.9902],[5.161],[0.8098],[1.6646],[2.7537],[3.7427],[4.3756],[4.5622],[4.239],[3.5],[2.5939],[1.9366],[1.8561],[2.3622],[3.1402],[3.8732],[4.4488],[5.0061],[5.6463],[6.3],[6.7817],[6.9817],[7.028],[7.0841],[7.3049],[7.689],[8.011],[7.9488],[7.2098],[1.1024],[2.5195],[3.9171],[4.9378],[5.3561],[5.1744],[4.4537],[3.3598],[2.1939],[1.3646],[1.1476],[1.4951],[2.0841],[2.5817],[2.9183],[3.2732],[3.839],[4.5488],[5.2463],[5.7317],[5.9671],[6.0768],[6.2646],[6.6915],[7.3134],[7.739],[7.4866],[3.4171],[4.8939],[5.9146],[6.2512],[5.9122],[5.1378],[4.1915],[3.3037],[2.6061],[2.1878],[2.0585],[2.1366],[2.211],[2.1207],[1.8573],[1.6244],[1.6171],[1.9585],[2.5939],[3.3573],[4.0549],[4.4878],[4.6244],[4.6732],[4.8598],[5.1927],[5.3354],[5.9],[6.5512],[6.5049],[5.7866],[4.6659],[3.5451],[2.7549],[2.4317],[2.4366],[2.4793],[2.3585],[2.0476],[1.6451],[1.178],[0.672],[0.1695],[-0.1524],[-0.0878],[0.5171],[1.65],[2.9915],[3.9561],[4.1244],[3.4963],[2.6037],[2.0646],[2.0963],[5.5793],[5.0793],[3.9744],[2.6317],[1.3988],[0.5598],[0.272],[0.5159],[0.9524],[1.1378],[0.8488],[0.2695],[-0.2512],[-0.5476],[-0.6854],[-0.7988],[-0.8841],[-0.739],[-0.1073],[1.1232],[2.7244],[4.0366],[4.3195],[3.2878],[1.5085],[0.0073],[-0.4634],[1.3476],[0.3354],[-0.9488],[-2.0293],[-2.6439],[-2.7988],[-2.5549],[-2.0585],[-1.5707],[-1.4402],[-1.7415],[-2.1878],[-2.3756],[-2.1585],[-1.7159],[-1.2573],[-0.8598],[-0.4988],[-0.0476],[0.6622],[1.678],[2.6878],[3.0659],[2.3378],[0.6939],[-0.9878],[-1.8012],[-4.9329],[-5.4963],[-6.0646],[-6.2963],[-6.1293],[-5.7756],[-5.4122],[-5.0451],[-4.722],[-4.522],[-4.4768],[-4.3939],[-4.0646],[-3.4622],[-2.7378],[-1.9732],[-1.2671],[-0.7707],[-0.661],[-0.8171],[-0.9],[-0.6476],[-0.2537],[-0.1963],[-0.7622],[-1.6793],[-2.4012],[-10.2427],[-10.0524],[-9.772],[-9.3085],[-8.7451],[-8.3415],[-8.2634],[-8.3012],[-8.1756],[-7.822],[-7.2927],[-6.6634],[-5.9805],[-5.2988],[-4.5951],[-3.789],[-2.9366],[-2.3707],[-2.4183],[-3.0354],[-3.7256],[-3.9415],[-3.5293],[-2.811],[-2.2378],[-2.1476],[-2.428]]},{"header":{"disciplineName":["Meteorological products"],"parameterCategory":[2],"parameterCategoryName":["v-component of wind"],"parameterNumberName":["v-component of wind"],"parameterNumber":[3],"parameterUnits":["m s-1"],"refTime":["2017-03-17T0000:00.000Z"],"numberPoints":[621],"nx":[27],"ny":[23],"lo1":[-20],"la1":[70],"lo2":[45],"la2":[45],"dx":[2.5],"dy":[2.5]},"data":[[-0.2146],[-0.2622],[-0.2829],[-0.2793],[-0.2366],[-0.1512],[-0.0244],[0.128],[0.3159],[0.4829],[0.6354],[0.75],[0.8061],[0.828],[0.7915],[0.6988],[0.5317],[0.2829],[-0.0415],[-0.4402],[-0.8939],[-1.3317],[-1.75],[-2.0524],[-2.2329],[-2.2671],[-2.1854],[0.4341],[0.2256],[0.0085],[-0.1634],[-0.2463],[-0.2268],[-0.0829],[0.1549],[0.4439],[0.7305],[0.961],[1.1195],[1.1854],[1.1915],[1.1329],[1.0341],[0.8732],[0.6293],[0.2902],[-0.1561],[-0.6976],[-1.2573],[-1.7854],[-2.1988],[-2.4402],[-2.5073],[-2.411],[1.0988],[0.7195],[0.3244],[-0.011],[-0.2268],[-0.272],[-0.1183],[0.1817],[0.5366],[0.861],[1.0805],[1.1622],[1.1378],[1.0524],[0.9537],[0.878],[0.7927],[0.678],[0.4512],[0.0963],[-0.3707],[-0.9049],[-1.4268],[-1.8561],[-2.1195],[-2.2037],[-2.1317],[1.2866],[0.928],[0.5463],[0.2244],[0.0256],[0.011],[0.2],[0.5402],[0.9183],[1.2134],[1.328],[1.2695],[1.078],[0.8634],[0.7256],[0.6805],[0.7024],[0.7122],[0.6268],[0.4037],[0.0427],[-0.3951],[-0.8012],[-1.1024],[-1.2659],[-1.289],[-1.222],[0.9146],[0.7768],[0.6463],[0.5354],[0.478],[0.5439],[0.7732],[1.1305],[1.4854],[1.7159],[1.7305],[1.5317],[1.2134],[0.911],[0.7439],[0.722],[0.7939],[0.8402],[0.7524],[0.5256],[0.1951],[-0.1439],[-0.3902],[-0.489],[-0.4451],[-0.328],[-0.2098],[0.3134],[0.4866],[0.6561],[0.7671],[0.8159],[0.9037],[1.1049],[1.4098],[1.7537],[1.9476],[1.9244],[1.6573],[1.2695],[0.9256],[0.7305],[0.7012],[0.7476],[0.722],[0.5561],[0.2585],[-0.0512],[-0.2707],[-0.3122],[-0.1902],[0.0415],[0.272],[0.428],[-0.139],[0.2195],[0.5659],[0.7622],[0.8085],[0.839],[0.972],[1.2622],[1.6122],[1.8646],[1.8646],[1.5756],[1.122],[0.6817],[0.3902],[0.2695],[0.2207],[0.1366],[-0.0305],[-0.2341],[-0.3402],[-0.2866],[-0.0634],[0.2598],[0.5402],[0.7244],[0.7805],[-0.4427],[-0.089],[0.2902],[0.5317],[0.6171],[0.6646],[0.8049],[1.1098],[1.5207],[1.8402],[1.872],[1.5732],[1.0085],[0.3841],[-0.1341],[-0.4707],[-0.6476],[-0.7354],[-0.7524],[-0.6305],[-0.3268],[0.1671],[0.7],[1.1317],[1.3073],[1.2537],[1.0744],[-0.9354],[-0.672],[-0.2512],[0.1963],[0.5683],[0.839],[1.0841],[1.3671],[1.6768],[1.9122],[1.939],[1.6366],[1.0341],[0.261],[-0.4878],[-1.0598],[-1.3988],[-1.4976],[-1.3476],[-0.8902],[-0.1585],[0.7098],[1.4683],[1.9049],[1.911],[1.611],[1.2329],[-1.7988],[-1.6207],[-1.0488],[-0.1927],[0.6854],[1.3463],[1.6829],[1.7354],[1.6622],[1.5659],[1.4646],[1.2427],[0.8085],[0.1707],[-0.5707],[-1.2488],[-1.722],[-1.9024],[-1.7024],[-1.1244],[-0.239],[0.7659],[1.5963],[2.0329],[2.0159],[1.6915],[1.3159],[-2.7866],[-2.6537],[-1.8988],[-0.6415],[0.7573],[1.822],[2.2073],[1.8976],[1.2329],[0.6012],[0.2634],[0.161],[0.0915],[-0.1732],[-0.6524],[-1.2476],[-1.7646],[-2.0415],[-1.9415],[-1.439],[-0.6159],[0.3268],[1.172],[1.7415],[1.9841],[1.9963],[1.8988],[-3.4195],[-3.278],[-2.4841],[-1.0451],[0.7122],[2.1512],[2.6878],[2.1829],[1.0085],[-0.1707],[-0.8671],[-1.0049],[-0.8488],[-0.789],[-1.0073],[-1.4939],[-2.0195],[-2.3549],[-2.328],[-1.8768],[-1.1012],[-0.1829],[0.728],[1.5293],[2.2195],[2.7622],[3.1195],[-3.5378],[-3.3537],[-2.6305],[-1.1951],[0.7354],[2.5354],[3.4585],[3.0976],[1.7366],[0.128],[-1.0537],[-1.5183],[-1.4976],[-1.4476],[-1.6598],[-2.1854],[-2.8085],[-3.1939],[-3.122],[-2.5451],[-1.6305],[-0.5927],[0.4256],[1.3976],[2.3646],[3.2768],[3.9976],[-3.4354],[-3.1329],[-2.4049],[-1.0207],[0.9939],[3.0951],[4.4207],[4.3634],[3.0341],[1.1524],[-0.4341],[-1.3232],[-1.6451],[-1.8207],[-2.2378],[-2.9695],[-3.7915],[-4.2963],[-4.1939],[-3.4378],[-2.2659],[-0.9988],[0.1488],[1.1183],[1.9512],[2.7],[3.3476],[-3.4146],[-2.8171],[-1.8951],[-0.4793],[1.4744],[3.5341],[4.8976],[4.9232],[3.6695],[1.8],[0.15],[-0.8683],[-1.3195],[-1.65],[-2.2329],[-3.172],[-4.2244],[-4.95],[-4.9707],[-4.211],[-2.8939],[-1.3585],[0.039],[1.0354],[1.4768],[1.4561],[1.3512],[-3.1451],[-2.0915],[-0.8878],[0.4683],[2.028],[3.5146],[4.3537],[4.139],[3.0085],[1.5378],[0.3415],[-0.35],[-0.6817],[-1.0012],[-1.6329],[-2.6537],[-3.8402],[-4.7963],[-5.1207],[-4.6476],[-3.4293],[-1.6317],[0.3012],[1.6841],[1.861],[0.7939],[-0.6244],[-2.0207],[-0.5707],[0.6939],[1.6756],[2.4512],[2.9537],[2.978],[2.472],[1.6805],[0.9585],[0.5049],[0.2207],[-0.061],[-0.4951],[-1.2012],[-2.172],[-3.3159],[-4.3451],[-4.9646],[-4.9061],[-3.9598],[-1.9939],[0.5866],[2.6744],[2.9341],[1.0268],[-1.7622],[-0.1134],[1.3402],[2.228],[2.539],[2.4537],[2.0707],[1.5085],[0.9732],[0.7256],[0.8024],[0.8939],[0.6646],[0.039],[-0.7671],[-1.6],[-2.4549],[-3.3659],[-4.2341],[-4.8854],[-5.0354],[-4.3244],[-2.4146],[0.4427],[2.9707],[3.4439],[1.2],[-2.3573],[1.5585],[2.4451],[2.661],[2.4207],[1.911],[1.2488],[0.6049],[0.3085],[0.5549],[1.0829],[1.2634],[0.7049],[-0.4159],[-1.5878],[-2.4927],[-3.1732],[-3.7756],[-4.289],[-4.578],[-4.4878],[-3.7829],[-2.2085],[0.1293],[2.2476],[2.65],[0.5854],[-2.8256],[1.9524],[1.9488],[1.6451],[1.3549],[1.128],[0.8244],[0.4927],[0.4415],[0.8171],[1.2695],[1.2207],[0.3939],[-0.8671],[-2.0098],[-2.7841],[-3.3098],[-3.7012],[-3.8366],[-3.5488],[-2.8683],[-1.9915],[-0.9732],[0.161],[1.0744],[1.028],[-0.4902],[-2.9561],[1.1232],[0.4549],[0.0561],[0.1683],[0.561],[0.8195],[0.822],[0.8085],[0.9037],[0.9537],[0.6476],[-0.0537],[-0.8915],[-1.6037],[-2.172],[-2.6793],[-3.0122],[-2.8646],[-2.1098],[-1.0024],[-0.1207],[0.2049],[0.05],[-0.2854],[-0.7244],[-1.4671],[-2.6915],[0.0329],[-0.7549],[-0.9354],[-0.489],[0.1963],[0.6988],[0.8512],[0.7524],[0.4829],[0.1024],[-0.328],[-0.6659],[-0.878],[-1.1439],[-1.6451],[-2.2512],[-2.572],[-2.2366],[-1.3512],[-0.4122],[-0.0049],[-0.3622],[-1.2561],[-2.1159],[-2.4902],[-2.4683],[-2.6378],[-0.6232],[-1.0939],[-1.1402],[-0.872],[-0.5122],[-0.1915],[0.011],[1.4447e-08],[-0.3793],[-1.0012],[-1.5146],[-1.6195],[-1.4927],[-1.5951],[-2.1646],[-2.8659],[-3.0854],[-2.6293],[-1.9366],[-1.6012],[-1.8902],[-2.611],[-3.4207],[-3.9756],[-4.0085],[-3.6098],[-3.3366]]}]