html/data/WT_san09_ind_wt_12_6.json
[{"header":{"disciplineName":["Meteorological products"],"parameterCategory":[0],"parameterCategoryName":["Temperature"],"parameterNumberName":["Temperature"],"parameterNumber":[0],"parameterUnits":["K"],"refTime":["2017-03-17T0000:00.000Z"],"numberPoints":[621],"nx":[27],"ny":[23],"lo1":[-20],"la1":[70],"lo2":[45],"la2":[45],"dx":[2.5],"dy":[2.5]},"data":[[-13.7987],[-12.7614],[-11.7847],[-10.9091],[-10.1313],[-9.478],[-8.9484],[-8.5479],[-8.2666],[-8.108],[-8.0516],[-8.0801],[-8.1842],[-8.3407],[-8.5334],[-8.7448],[-8.964],[-9.1863],[-9.4091],[-9.6339],[-9.8702],[-10.1179],[-10.3982],[-10.7262],[-11.0925],[-11.522],[-12.0023],[-9.9091],[-9.2427],[-8.6842],[-8.2179],[-7.8215],[-7.4904],[-7.2091],[-6.9889],[-6.8324],[-6.7526],[-6.75],[-6.8241],[-6.9749],[-7.1961],[-7.4655],[-7.7801],[-8.1236],[-8.4801],[-8.8417],[-9.2101],[-9.5588],[-9.8915],[-10.2091],[-10.5272],[-10.8417],[-11.1811],[-11.5583],[-6.3801],[-6.1552],[-6.0293],[-5.9386],[-5.8578],[-5.7604],[-5.6583],[-5.5692],[-5.5054],[-5.5039],[-5.5769],[-5.7334],[-5.9795],[-6.2899],[-6.6604],[-7.0749],[-7.5272],[-8.0013],[-8.4961],[-8.9852],[-9.4614],[-9.893],[-10.2676],[-10.5775],[-10.836],[-11.0655],[-11.3085],[-4.3241],[-4.2961],[-4.2946],[-4.2972],[-4.2837],[-4.2422],[-4.2034],[-4.1852],[-4.2313],[-4.3562],[-4.5749],[-4.8795],[-5.2495],[-5.6531],[-6.0733],[-6.4909],[-6.9184],[-7.365],[-7.8438],[-8.3396],[-8.8588],[-9.3407],[-9.7583],[-10.0946],[-10.3516],[-10.5469],[-10.7303],[-3.4179],[-3.2334],[-3.0707],[-2.9267],[-2.8142],[-2.7365],[-2.7148],[-2.7744],[-2.9308],[-3.1977],[-3.5718],[-4.0236],[-4.5101],[-4.9769],[-5.4013],[-5.7702],[-6.1075],[-6.4521],[-6.8433],[-7.2951],[-7.8034],[-8.3142],[-8.7759],[-9.1573],[-9.4448],[-9.6666],[-9.8655],[-2.5034],[-2.1028],[-1.7795],[-1.5396],[-1.3972],[-1.3417],[-1.3738],[-1.4889],[-1.7013],[-2.0231],[-2.4505],[-2.9578],[-3.492],[-3.9992],[-4.4479],[-4.8189],[-5.1453],[-5.4785],[-5.8754],[-6.3505],[-6.894],[-7.451],[-7.9417],[-8.3298],[-8.5935],[-8.7909],[-8.965],[-1.0018],[-0.6085],[-0.3526],[-0.237],[-0.2236],[-0.2821],[-0.3749],[-0.5153],[-0.7199],[-1.0194],[-1.4339],[-1.9303],[-2.4801],[-3.0142],[-3.4987],[-3.9168],[-4.3039],[-4.6992],[-5.1567],[-5.6966],[-6.2915],[-6.8666],[-7.3505],[-7.6858],[-7.864],[-7.9588],[-8.0376],[0.7479],[0.9521],[1.0044],[0.9459],[0.8127],[0.6645],[0.5153],[0.3355],[0.078],[-0.2868],[-0.764],[-1.322],[-1.9034],[-2.4567],[-2.9355],[-3.3484],[-3.7132],[-4.0795],[-4.4785],[-4.9469],[-5.4598],[-5.9718],[-6.4003],[-6.6858],[-6.8137],[-6.8407],[-6.8427],[2.2806],[2.3578],[2.3277],[2.2184],[2.0754],[1.9096],[1.6961],[1.393],[0.9593],[0.3935],[-0.263],[-0.9427],[-1.5661],[-2.0997],[-2.5272],[-2.8687],[-3.136],[-3.3588],[-3.5598],[-3.7811],[-4.0474],[-4.363],[-4.6775],[-4.937],[-5.0915],[-5.163],[-5.1966],[3.564],[3.635],[3.6547],[3.6179],[3.5225],[3.335],[3.0293],[2.5712],[1.9681],[1.2624],[0.537],[-0.136],[-0.706],[-1.1806],[-1.5904],[-1.9417],[-2.2459],[-2.449],[-2.535],[-2.5241],[-2.4904],[-2.5158],[-2.6313],[-2.8044],[-2.9738],[-3.0889],[-3.1764],[4.721],[4.7775],[4.8039],[4.7619],[4.6288],[4.364],[3.9609],[3.4453],[2.8687],[2.2977],[1.7842],[1.3412],[0.937],[0.521],[0.0376],[-0.5044],[-1.0324],[-1.4386],[-1.6168],[-1.5547],[-1.3355],[-1.107],[-0.9842],[-0.9847],[-1.0526],[-1.1117],[-1.1391],[5.707],[5.6609],[5.5806],[5.4329],[5.1961],[4.8443],[4.4013],[3.9526],[3.5749],[3.3127],[3.1329],[2.9666],[2.7148],[2.3028],[1.7256],[1.0215],[0.3065],[-0.2754],[-0.5868],[-0.5915],[-0.3521],[-0.0334],[0.2049],[0.3028],[0.3205],[0.3681],[0.4868],[6.4697],[6.3298],[6.1479],[5.9474],[5.6821],[5.3329],[4.9199],[4.5402],[4.2863],[4.1904],[4.1733],[4.0946],[3.8744],[3.4598],[2.9148],[2.3023],[1.7256],[1.2702],[1.0132],[0.9801],[1.1308],[1.3459],[1.478],[1.465],[1.3961],[1.4319],[1.6889],[7.1091],[6.9598],[6.8096],[6.6868],[6.5443],[6.2987],[5.9174],[5.508],[5.192],[5.0168],[4.9075],[4.7692],[4.5111],[4.1744],[3.8018],[3.4795],[3.2303],[3.0904],[3.0298],[3.0453],[3.1091],[3.1769],[3.1578],[2.9692],[2.7163],[2.6495],[2.9992],[7.7205],[7.637],[7.5858],[7.6174],[7.6474],[7.5111],[7.1438],[6.6676],[6.2386],[5.9231],[5.693],[5.4795],[5.2614],[5.0516],[4.8671],[4.7267],[4.651],[4.6516],[4.7065],[4.7687],[4.8365],[4.9469],[5.0215],[4.9267],[4.6676],[4.5163],[4.8806],[8.25],[8.2427],[8.3132],[8.4775],[8.6132],[8.5381],[8.2184],[7.7847],[7.3883],[7.0764],[6.8117],[6.5655],[6.3687],[6.2355],[6.1075],[5.9225],[5.7479],[5.6702],[5.7205],[5.8396],[6.0225],[6.3619],[6.8215],[7.1521],[7.1267],[6.9272],[7.1132],[8.6852],[8.8272],[9.0453],[9.3034],[9.463],[9.422],[9.2142],[8.9749],[8.7821],[8.5899],[8.2966],[7.9199],[7.5816],[7.3764],[7.2117],[6.9484],[6.663],[6.551],[6.6878],[6.9583],[7.2744],[7.7842],[8.608],[9.4334],[9.7417],[9.4256],[9.1427],[9.2655],[9.6806],[10.0982],[10.4044],[10.5334],[10.5199],[10.4578],[10.4541],[10.4826],[10.4003],[10.0288],[9.3977],[8.7816],[8.408],[8.2158],[8.0065],[7.7868],[7.8256],[8.2111],[8.7132],[9.094],[9.551],[10.4443],[11.5971],[12.2407],[11.8604],[10.9801],[10.3925],[11.0951],[11.6609],[11.935],[11.9946],[11.9956],[12.0329],[12.1402],[12.2604],[12.2272],[11.8065],[11.0189],[10.179],[9.6826],[9.5448],[9.4562],[9.3241],[9.4293],[9.9852],[10.6946],[11.1345],[11.4355],[12.192],[13.5013],[14.5365],[14.3759],[13.1925],[12.1883],[13.0541],[13.6205],[13.7769],[13.7459],[13.7386],[13.793],[13.836],[13.8604],[13.8018],[13.464],[12.7241],[11.8692],[11.3904],[11.3598],[11.3837],[11.1759],[11.0464],[11.4516],[12.2516],[12.8858],[13.236],[13.8946],[15.2339],[16.5769],[16.8117],[15.7329],[14.378],[15.2205],[15.6728],[15.7106],[15.6137],[15.6101],[15.6231],[15.5023],[15.321],[15.1858],[14.936],[14.3453],[13.607],[13.2402],[13.4267],[13.6479],[13.3894],[12.893],[12.9251],[13.6764],[14.6205],[15.308],[16.0127],[17.1319],[18.2915],[18.5624],[17.5997],[16.4376],[17.1516],[17.5101],[17.5065],[17.4028],[17.4028],[17.378],[17.1531],[16.8194],[16.5951],[16.3588],[15.8422],[15.192],[14.9852],[15.4842],[16.0987],[16.0754],[15.4738],[15.1495],[15.7003],[16.8541],[17.9417],[18.7573],[19.4039],[19.7598],[19.3567],[18.0878],[17.8562],[18.4402],[18.7935],[18.8474],[18.7909],[18.7702],[18.7334],[18.5505],[18.2832],[18.0759],[17.8194],[17.3427],[16.7935],[16.7402],[17.4557],[18.4345],[18.8438],[18.4609],[17.9697],[18.1536],[19.1526],[20.4422],[21.4236],[21.7272],[21.1738],[19.7837],[17.8733]]},{"header":{"disciplineName":["Meteorological products"],"parameterCategory":[2],"parameterCategoryName":["u-component of wind"],"parameterNumberName":["u-component of wind"],"parameterNumber":[2],"parameterUnits":["m s-1"],"refTime":["2017-03-17T0000:00.000Z"],"numberPoints":[621],"nx":[27],"ny":[23],"lo1":[-20],"la1":[70],"lo2":[45],"la2":[45],"dx":[2.5],"dy":[2.5]},"data":[[2.8658],[3.3492],[3.7389],[4.0466],[4.2767],[4.4627],[4.6316],[4.8031],[4.9953],[5.2],[5.4052],[5.5922],[5.7264],[5.8016],[5.8016],[5.7321],[5.6192],[5.4694],[5.3119],[5.1741],[5.0674],[4.9933],[4.9596],[4.958],[4.9834],[5.0275],[5.0813],[3.3482],[4.058],[4.6119],[5.0264],[5.3264],[5.5482],[5.7472],[5.9694],[6.2254],[6.5145],[6.7984],[7.0399],[7.1912],[7.2187],[7.113],[6.8793],[6.5596],[6.1943],[5.8415],[5.5332],[5.2948],[5.1404],[5.0767],[5.0948],[5.1741],[5.3088],[5.4855],[4.5995],[5.3098],[5.8632],[6.2819],[6.5782],[6.7979],[6.9922],[7.1959],[7.4161],[7.6497],[7.8513],[7.972],[7.9731],[7.8187],[7.515],[7.101],[6.6352],[6.1694],[5.7663],[5.4596],[5.2668],[5.2083],[5.258],[5.4161],[5.6523],[5.9565],[6.2922],[6.6295],[7.1269],[7.542],[7.8808],[8.1347],[8.3104],[8.4181],[8.4736],[8.4907],[8.4611],[8.3668],[8.1839],[7.8943],[7.5114],[7.0715],[6.6358],[6.2523],[5.9736],[5.8057],[5.7368],[5.7668],[5.8756],[6.0497],[6.3031],[6.6166],[6.9746],[7.3684],[8.8508],[9.0902],[9.3358],[9.5736],[9.757],[9.844],[9.8187],[9.6793],[9.4321],[9.0964],[8.6829],[8.2031],[7.6725],[7.1508],[6.7052],[6.4047],[6.2876],[6.3435],[6.5093],[6.7166],[6.9021],[7.0518],[7.1855],[7.328],[7.5254],[7.7964],[8.1161],[10.6451],[10.7166],[10.8218],[10.9212],[10.9648],[10.8979],[10.6943],[10.3881],[9.9959],[9.5461],[9.0534],[8.5161],[7.9679],[7.4461],[7.0523],[6.8534],[6.8731],[7.0674],[7.3321],[7.5575],[7.6798],[7.6979],[7.6679],[7.672],[7.7653],[7.9627],[8.243],[11.9528],[11.9311],[11.8793],[11.7451],[11.5176],[11.1824],[10.7627],[10.3155],[9.9078],[9.5554],[9.2539],[8.942],[8.5834],[8.1922],[7.8275],[7.5668],[7.4503],[7.4513],[7.4834],[7.4798],[7.3959],[7.2974],[7.2508],[7.329],[7.5409],[7.8332],[8.1705],[12.8793],[12.7187],[12.4518],[12.0534],[11.5394],[10.9275],[10.2617],[9.6554],[9.1767],[8.871],[8.7295],[8.658],[8.5601],[8.3694],[8.0948],[7.7938],[7.5078],[7.2622],[7.0383],[6.8254],[6.6746],[6.6663],[6.8549],[7.2295],[7.671],[8.0648],[8.329],[13.0487],[12.6793],[12.2249],[11.6922],[11.0756],[10.371],[9.6],[8.8098],[8.0953],[7.5492],[7.2321],[7.1176],[7.1119],[7.1176],[7.0746],[6.9751],[6.8264],[6.656],[6.4917],[6.385],[6.4295],[6.7187],[7.229],[7.8451],[8.3456],[8.5642],[8.4705],[12.0409],[11.4767],[10.9466],[10.4482],[9.9472],[9.3927],[8.7047],[7.8611],[6.9176],[6.0078],[5.2819],[4.843],[4.6959],[4.7705],[4.9819],[5.2394],[5.4974],[5.729],[5.9409],[6.1917],[6.5845],[7.1642],[7.8591],[8.472],[8.7694],[8.6166],[8.0886],[10.1668],[9.5187],[8.9596],[8.4845],[8.0772],[7.6933],[7.2389],[6.6083],[5.7979],[4.8777],[4.0031],[3.3295],[2.9653],[2.9176],[3.1549],[3.5953],[4.1342],[4.7041],[5.2523],[5.7979],[6.4016],[7.0839],[7.7409],[8.1865],[8.2544],[7.9109],[7.3171],[8.1751],[7.558],[6.9477],[6.3741],[5.8907],[5.5591],[5.3585],[5.2005],[4.9819],[4.6394],[4.1979],[3.7161],[3.2881],[3.0249],[3.0047],[3.2425],[3.6891],[4.2233],[4.7642],[5.2813],[5.7953],[6.328],[6.799],[7.0788],[7.1161],[6.9523],[6.7694],[6.3927],[5.8642],[5.2751],[4.6725],[4.1803],[3.9383],[3.9907],[4.2886],[4.7337],[5.1694],[5.4508],[5.4694],[5.2332],[4.8585],[4.5492],[4.4456],[4.5611],[4.7907],[5.0259],[5.2218],[5.4135],[5.6383],[5.8741],[6.0782],[6.2316],[6.4187],[6.7301],[4.6601],[4.2435],[3.8503],[3.544],[3.4057],[3.4865],[3.7803],[4.2492],[4.8891],[5.6378],[6.3497],[6.8301],[6.9409],[6.744],[6.4337],[6.2202],[6.157],[6.142],[6.0658],[5.9135],[5.7554],[5.6824],[5.7254],[5.885],[6.1534],[6.5264],[6.9953],[2.9953],[2.6907],[2.5927],[2.7503],[3.1627],[3.671],[4.0896],[4.3694],[4.643],[5.1223],[5.8342],[6.5964],[7.1554],[7.4176],[7.4699],[7.4943],[7.5264],[7.5],[7.3171],[7.0021],[6.6637],[6.428],[6.3648],[6.4984],[6.799],[7.1788],[7.4699],[1.7114],[1.543],[1.6269],[2.0166],[2.644],[3.2788],[3.6285],[3.6171],[3.4917],[3.6461],[4.2902],[5.2922],[6.3083],[7.0917],[7.6057],[7.9508],[8.1855],[8.2601],[8.1466],[7.8819],[7.5808],[7.3337],[7.2337],[7.3523],[7.6886],[8.0756],[8.2347],[0.9228],[0.9653],[1.0793],[1.3062],[1.6668],[2.0456],[2.2425],[2.2062],[2.1316],[2.3865],[3.1482],[4.3145],[5.5415],[6.5404],[7.2321],[7.6845],[7.9679],[8.0876],[8.0637],[7.9544],[7.8218],[7.6964],[7.6435],[7.7824],[8.1798],[8.6808],[8.9456],[0.5777],[0.871],[1.0124],[1.0342],[1.0549],[1.1549],[1.3451],[1.599],[1.9642],[2.5409],[3.3705],[4.3373],[5.2487],[5.9472],[6.4155],[6.7166],[6.8984],[6.9855],[6.9964],[7.0181],[7.0767],[7.1565],[7.2523],[7.4793],[7.943],[8.515],[8.8741],[0.9021],[1.3109],[1.5249],[1.5668],[1.5539],[1.6611],[2],[2.5767],[3.2715],[3.942],[4.4637],[4.8109],[5.0005],[5.1021],[5.2109],[5.3477],[5.4845],[5.5378],[5.5373],[5.5876],[5.7575],[6.0187],[6.3254],[6.6782],[7.1218],[7.5228],[7.6487],[2.0332],[2.2876],[2.444],[2.5585],[2.6834],[2.9062],[3.3181],[3.9181],[4.5565],[4.9891],[5.0694],[4.8254],[4.457],[4.1756],[4.1218],[4.2756],[4.5031],[4.6342],[4.6425],[4.6135],[4.7052],[4.9539],[5.3119],[5.6917],[5.9803],[6.0005],[5.5834],[3.1249],[3.0855],[3.0155],[3.0358],[3.1326],[3.2767],[3.5041],[3.8394],[4.2005],[4.401],[4.329],[4.0233],[3.6627],[3.4295],[3.4466],[3.715],[4.0922],[4.3751],[4.443],[4.3223],[4.186],[4.1518],[4.2513],[4.4031],[4.4088],[4.0342],[3.1658],[2.6187],[2.5171],[2.3534],[2.244],[2.1798],[2.1264],[2.0824],[2.1301],[2.2834],[2.456],[2.5746],[2.6161],[2.6124],[2.6171],[2.7036],[2.956],[3.356],[3.7534],[3.9347],[3.8244],[3.5078],[3.1518],[2.8534],[2.6067],[2.2819],[1.6788],[0.7269],[-0.0725],[0.0927],[0.1995],[0.2352],[0.215],[0.144],[0.0456],[0.0145],[0.1093],[0.3244],[0.615],[0.9233],[1.1503],[1.2259],[1.2083],[1.2617],[1.5337],[1.9073],[2.1648],[2.1679],[1.928],[1.5472],[1.1083],[0.6363],[0.1104],[-0.5518],[-1.3435]]},{"header":{"disciplineName":["Meteorological products"],"parameterCategory":[2],"parameterCategoryName":["v-component of wind"],"parameterNumberName":["v-component of wind"],"parameterNumber":[3],"parameterUnits":["m s-1"],"refTime":["2017-03-17T0000:00.000Z"],"numberPoints":[621],"nx":[27],"ny":[23],"lo1":[-20],"la1":[70],"lo2":[45],"la2":[45],"dx":[2.5],"dy":[2.5]},"data":[[1.2016],[1.5228],[1.7907],[1.9803],[2.0699],[2.072],[1.9896],[1.8228],[1.5891],[1.3047],[0.9705],[0.6171],[0.2731],[-0.0617],[-0.3617],[-0.6166],[-0.8306],[-1.0275],[-1.2036],[-1.3803],[-1.5653],[-1.7503],[-1.943],[-2.1171],[-2.2622],[-2.3762],[-2.4497],[2.8845],[2.9731],[2.9425],[2.8228],[2.6404],[2.429],[2.2124],[1.9907],[1.7534],[1.4855],[1.1663],[0.7959],[0.3933],[-0.0223],[-0.4228],[-0.7699],[-1.0627],[-1.2959],[-1.4902],[-1.6503],[-1.7938],[-1.9197],[-2.0145],[-2.0756],[-2.0803],[-2.0487],[-1.9767],[4.5031],[4.3492],[4.0472],[3.6477],[3.2337],[2.8456],[2.5202],[2.2487],[1.9912],[1.6896],[1.2969],[0.8047],[0.2285],[-0.371],[-0.9347],[-1.401],[-1.742],[-1.9487],[-2.044],[-2.057],[-2.0109],[-1.9254],[-1.7845],[-1.6145],[-1.4083],[-1.2021],[-1.0114],[5.4218],[5.1549],[4.714],[4.1751],[3.6083],[3.0855],[2.6399],[2.2653],[1.9098],[1.5093],[1.0052],[0.3767],[-0.3337],[-1.0378],[-1.6415],[-2.0788],[-2.3202],[-2.3798],[-2.3098],[-2.1363],[-1.8969],[-1.5933],[-1.2295],[-0.8306],[-0.4306],[-0.0927],[0.1238],[5.7187],[5.4415],[5.0026],[4.4161],[3.742],[3.0523],[2.4083],[1.843],[1.3207],[0.7803],[0.185],[-0.4751],[-1.1456],[-1.7264],[-2.1316],[-2.3192],[-2.314],[-2.1845],[-2],[-1.7922],[-1.5518],[-1.2228],[-0.7808],[-0.2409],[0.3021],[0.7503],[0.9896],[5.7233],[5.4585],[5.0197],[4.3948],[3.6176],[2.7617],[1.9098],[1.1321],[0.4316],[-0.2104],[-0.8461],[-1.456],[-1.986],[-2.3197],[-2.4041],[-2.243],[-1.9466],[-1.6554],[-1.4813],[-1.4124],[-1.3487],[-1.1358],[-0.7021],[-0.0674],[0.6466],[1.2487],[1.5824],[5.5016],[5.1228],[4.6041],[3.9482],[3.1254],[2.2067],[1.2699],[0.4021],[-0.3461],[-1.0114],[-1.6233],[-2.199],[-2.6492],[-2.8705],[-2.7642],[-2.3751],[-1.8798],[-1.4917],[-1.3404],[-1.3819],[-1.4249],[-1.2482],[-0.7207],[0.0881],[0.9902],[1.7332],[2.1798],[4.942],[4.3332],[3.7057],[3.0337],[2.2694],[1.4181],[0.5404],[-0.2736],[-0.9508],[-1.4964],[-1.9933],[-2.4979],[-2.9617],[-3.2482],[-3.214],[-2.856],[-2.3404],[-1.8974],[-1.6803],[-1.6306],[-1.5218],[-1.1166],[-0.3472],[0.6508],[1.6119],[2.3031],[2.6648],[4.144],[3.3622],[2.6658],[2.0311],[1.3492],[0.5472],[-0.3503],[-1.1798],[-1.7803],[-2.1187],[-2.314],[-2.5378],[-2.8699],[-3.2026],[-3.3306],[-3.1565],[-2.7518],[-2.313],[-1.9855],[-1.7062],[-1.2731],[-0.5223],[0.4969],[1.5233],[2.2565],[2.5632],[2.571],[3.3238],[2.5544],[1.887],[1.3041],[0.6207],[-0.3176],[-1.4523],[-2.529],[-3.2031],[-3.3389],[-3.0756],[-2.7378],[-2.6083],[-2.699],[-2.8218],[-2.7694],[-2.4845],[-2.0953],[-1.701],[-1.2518],[-0.5788],[0.3813],[1.4518],[2.2544],[2.5057],[2.2461],[1.8098],[2.5269],[1.872],[1.2876],[0.7166],[-0.0352],[-1.1487],[-2.5751],[-3.9472],[-4.8047],[-4.8591],[-4.2073],[-3.2959],[-2.5642],[-2.1922],[-2.0544],[-1.899],[-1.6078],[-1.2254],[-0.8301],[-0.3466],[0.3404],[1.2632],[2.1342],[2.5689],[2.3435],[1.6565],[0.9741],[1.6767],[1.0922],[0.4969],[-0.0886],[-0.8119],[-1.8601],[-3.2207],[-4.6254],[-5.5839],[-5.7373],[-5.0886],[-4.0031],[-2.9456],[-2.1819],[-1.6663],[-1.2259],[-0.7497],[-0.2808],[0.143],[0.5953],[1.186],[1.8953],[2.4668],[2.5632],[2.0938],[1.3378],[0.7518],[0.858],[0.2321],[-0.4337],[-1.0109],[-1.5394],[-2.1922],[-3.0948],[-4.1528],[-5.0534],[-5.4632],[-5.2435],[-4.5192],[-3.5865],[-2.6808],[-1.8653],[-1.1212],[-0.4187],[0.1995],[0.7109],[1.1881],[1.7155],[2.2497],[2.5632],[2.4642],[2.0026],[1.4756],[1.2166],[0.242],[-0.4212],[-1.0632],[-1.5238],[-1.786],[-2.0192],[-2.4347],[-3.1052],[-3.8974],[-4.5637],[-4.856],[-4.6731],[-4.0637],[-3.2052],[-2.2611],[-1.3544],[-0.5674],[0.0803],[0.6389],[1.1922],[1.7767],[2.2881],[2.5161],[2.3912],[2.0575],[1.842],[1.8876],[-0.2228],[-0.7373],[-1.1435],[-1.3477],[-1.4337],[-1.5684],[-1.8959],[-2.4513],[-3.1518],[-3.844],[-4.3016],[-4.3591],[-3.9528],[-3.2088],[-2.3363],[-1.5347],[-0.8943],[-0.3984],[0.0751],[0.6492],[1.3316],[1.9642],[2.3332],[2.3575],[2.2249],[2.2057],[2.315],[-0.6534],[-0.871],[-0.9031],[-0.8212],[-0.871],[-1.2207],[-1.8347],[-2.4907],[-3.0316],[-3.3855],[-3.5326],[-3.4456],[-3.114],[-2.6036],[-2.029],[-1.5212],[-1.1409],[-0.8824],[-0.6067],[-0.1642],[0.5145],[1.328],[2.0259],[2.444],[2.6098],[2.6394],[2.5435],[-0.8984],[-0.8622],[-0.6461],[-0.4249],[-0.5435],[-1.1425],[-1.9912],[-2.6668],[-2.9031],[-2.7238],[-2.371],[-2.057],[-1.871],[-1.7637],[-1.6249],[-1.4207],[-1.2119],[-1.0865],[-1.0347],[-0.8632],[-0.3326],[0.6212],[1.7788],[2.7756],[3.3342],[3.3601],[2.8943],[-0.6772],[-0.558],[-0.3689],[-0.244],[-0.4731],[-1.1306],[-1.9301],[-2.4036],[-2.315],[-1.7705],[-1.1528],[-0.8187],[-0.8834],[-1.1642],[-1.3544],[-1.286],[-1.0762],[-0.9933],[-1.1259],[-1.2269],[-0.8565],[0.2259],[1.8192],[3.3617],[4.2798],[4.2824],[3.4632],[0.0052],[0.0829],[0.0705],[-0.0373],[-0.3648],[-0.9124],[-1.4684],[-1.7181],[-1.5264],[-1.0275],[-0.5389],[-0.3746],[-0.587],[-0.9446],[-1.1098],[-0.9782],[-0.7606],[-0.7767],[-1.0648],[-1.2642],[-0.8539],[0.4197],[2.2705],[4.0269],[4.985],[4.844],[3.7798],[0.7741],[0.7425],[0.5632],[0.301],[-0.0482],[-0.4513],[-0.8047],[-0.9938],[-0.9834],[-0.8228],[-0.6627],[-0.6378],[-0.7373],[-0.7896],[-0.6316],[-0.3585],[-0.2772],[-0.5591],[-0.9746],[-1.0415],[-0.356],[1.1181],[2.9378],[4.414],[4.9642],[4.4409],[3.214],[1.2865],[1.0793],[0.8394],[0.5943],[0.3067],[0.0041],[-0.285],[-0.5389],[-0.758],[-0.9067],[-0.9534],[-0.9104],[-0.7466],[-0.3705],[0.1596],[0.5316],[0.3995],[-0.1782],[-0.6762],[-0.5342],[0.4166],[1.8896],[3.3617],[4.2528],[4.1648],[3.1554],[1.7404],[1.4394],[1.0005],[0.7373],[0.5736],[0.3674],[0.1021],[-0.1896],[-0.4933],[-0.7767],[-0.9435],[-0.9326],[-0.7435],[-0.3611],[0.2772],[1.0207],[1.4394],[1.1979],[0.499],[0.0036],[0.2],[1.0482],[2.1731],[3.1337],[3.5207],[3.0145],[1.7036],[0.1705],[1.3135],[0.7135],[0.3922],[0.2207],[0.0197],[-0.2554],[-0.5528],[-0.8176],[-0.9979],[-0.9907],[-0.7472],[-0.3487],[0.1699],[0.8394],[1.5772],[2.0197],[1.8679],[1.2995],[0.8513],[0.8503],[1.2078],[1.7093],[2.2078],[2.4301],[1.9378],[0.6585],[-0.8311]]}]