html/data/WT_san09_ind_wt_12_4.json
[{"header":{"disciplineName":["Meteorological products"],"parameterCategory":[0],"parameterCategoryName":["Temperature"],"parameterNumberName":["Temperature"],"parameterNumber":[0],"parameterUnits":["K"],"refTime":["2017-03-17T0000:00.000Z"],"numberPoints":[621],"nx":[27],"ny":[23],"lo1":[-20],"la1":[70],"lo2":[45],"la2":[45],"dx":[2.5],"dy":[2.5]},"data":[[-14.6073],[-13.7044],[-12.816],[-11.9752],[-11.1937],[-10.4879],[-9.8675],[-9.3568],[-8.9519],[-8.6752],[-8.5112],[-8.451],[-8.4801],[-8.5859],[-8.7257],[-8.8801],[-9.0325],[-9.1587],[-9.2646],[-9.3549],[-9.4325],[-9.518],[-9.6413],[-9.8209],[-10.0782],[-10.4296],[-10.8646],[-11.0587],[-10.4597],[-9.9053],[-9.3898],[-8.885],[-8.3937],[-7.9316],[-7.5257],[-7.1995],[-6.9898],[-6.8956],[-6.9189],[-7.0743],[-7.3277],[-7.6277],[-7.9743],[-8.3267],[-8.6539],[-8.9451],[-9.1898],[-9.385],[-9.5442],[-9.6801],[-9.8403],[-10.0228],[-10.2743],[-10.5995],[-7.6694],[-7.4888],[-7.3325],[-7.1471],[-6.9063],[-6.5966],[-6.2684],[-5.9393],[-5.6772],[-5.5073],[-5.4607],[-5.5626],[-5.7752],[-6.1005],[-6.4947],[-6.9345],[-7.383],[-7.8296],[-8.2597],[-8.6626],[-9.015],[-9.3141],[-9.5568],[-9.749],[-9.9325],[-10.1218],[-10.3578],[-5.3937],[-5.4325],[-5.451],[-5.3985],[-5.2636],[-5.0752],[-4.8461],[-4.6364],[-4.482],[-4.4345],[-4.4976],[-4.6694],[-4.9189],[-5.2277],[-5.5762],[-5.916],[-6.2665],[-6.6383],[-7.0442],[-7.4714],[-7.917],[-8.3442],[-8.7189],[-9.0383],[-9.3063],[-9.5413],[-9.7927],[-4.1956],[-4.115],[-4.0141],[-3.8937],[-3.7714],[-3.6481],[-3.5529],[-3.4966],[-3.5121],[-3.5976],[-3.7723],[-4.0199],[-4.3005],[-4.5791],[-4.8248],[-5.0335],[-5.2345],[-5.4733],[-5.785],[-6.1908],[-6.6665],[-7.1665],[-7.649],[-8.0665],[-8.4209],[-8.7325],[-9.0364],[-3.2432],[-2.9374],[-2.6704],[-2.4733],[-2.3801],[-2.3597],[-2.3811],[-2.4238],[-2.4888],[-2.6024],[-2.7782],[-3.0277],[-3.3209],[-3.6102],[-3.8782],[-4.1121],[-4.3316],[-4.5908],[-4.9277],[-5.3714],[-5.8937],[-6.4316],[-6.9442],[-7.3675],[-7.7034],[-7.9947],[-8.284],[-1.984],[-1.5995],[-1.3257],[-1.1927],[-1.1927],[-1.2811],[-1.3636],[-1.3917],[-1.3811],[-1.3859],[-1.4791],[-1.682],[-1.9927],[-2.3684],[-2.7519],[-3.118],[-3.483],[-3.8675],[-4.318],[-4.8277],[-5.3898],[-5.9316],[-6.4044],[-6.7782],[-7.0587],[-7.285],[-7.5112],[-0.4422],[-0.1393],[0.0325],[0.049],[-0.0752],[-0.2335],[-0.3189],[-0.3228],[-0.2617],[-0.2432],[-0.3461],[-0.6199],[-1.0228],[-1.4762],[-1.9238],[-2.351],[-2.7442],[-3.1286],[-3.5403],[-3.9869],[-4.4597],[-4.9218],[-5.3529],[-5.7267],[-6.0578],[-6.3267],[-6.584],[1.1587],[1.3752],[1.4723],[1.4267],[1.2626],[1.082],[0.9646],[0.9112],[0.8597],[0.7053],[0.3898],[-0.0597],[-0.583],[-1.0743],[-1.4937],[-1.8141],[-2.0888],[-2.3218],[-2.5413],[-2.7481],[-2.9859],[-3.2704],[-3.6286],[-4.0694],[-4.5345],[-4.9888],[-5.384],[2.7335],[2.9199],[2.984],[2.8976],[2.7034],[2.4937],[2.3267],[2.1985],[1.9995],[1.6714],[1.182],[0.615],[0.0617],[-0.3898],[-0.7451],[-1.0316],[-1.282],[-1.4791],[-1.6063],[-1.6354],[-1.618],[-1.6665],[-1.8675],[-2.2704],[-2.7995],[-3.3539],[-3.8209],[4.1947],[4.3131],[4.284],[4.1015],[3.8345],[3.5704],[3.3782],[3.2306],[3.0529],[2.7704],[2.3733],[1.9257],[1.5005],[1.1131],[0.717],[0.283],[-0.1995],[-0.6296],[-0.8995],[-0.9345],[-0.8073],[-0.6587],[-0.6529],[-0.8568],[-1.2238],[-1.6383],[-1.9665],[5.3578],[5.3442],[5.1976],[4.9238],[4.5733],[4.2704],[4.05],[3.9189],[3.8451],[3.7597],[3.6092],[3.4083],[3.151],[2.8121],[2.3413],[1.7345],[1.0335],[0.3879],[-0.0383],[-0.1752],[-0.0665],[0.1218],[0.2248],[0.1743],[0.0277],[-0.1034],[-0.1364],[6.1218],[6.0471],[5.8947],[5.6587],[5.3607],[5.0228],[4.7199],[4.5083],[4.4034],[4.3714],[4.3471],[4.2694],[4.1073],[3.815],[3.3772],[2.8209],[2.218],[1.7083],[1.3811],[1.2684],[1.3112],[1.3646],[1.3451],[1.2306],[1.1189],[1.1529],[1.3869],[6.6772],[6.6189],[6.5995],[6.5704],[6.4277],[6.1005],[5.6519],[5.2286],[4.9413],[4.7879],[4.7121],[4.618],[4.482],[4.2782],[4.0073],[3.6976],[3.4073],[3.2296],[3.1782],[3.1879],[3.182],[3.1112],[2.9296],[2.6539],[2.417],[2.4257],[2.8248],[7.2345],[7.2267],[7.3587],[7.5432],[7.55],[7.2393],[6.6762],[6.0937],[5.6811],[5.4539],[5.3306],[5.2403],[5.1762],[5.1083],[5.0238],[4.8811],[4.7471],[4.6743],[4.7044],[4.7665],[4.7995],[4.7966],[4.7141],[4.5228],[4.2529],[4.1539],[4.5733],[7.8714],[7.9015],[8.1277],[8.415],[8.4801],[8.1655],[7.5976],[7.051],[6.717],[6.5723],[6.516],[6.4665],[6.4791],[6.5383],[6.5442],[6.3811],[6.1092],[5.8694],[5.7665],[5.7888],[5.9121],[6.1675],[6.5199],[6.7306],[6.6141],[6.3869],[6.5762],[8.5209],[8.6927],[9.0316],[9.3228],[9.3558],[9.0481],[8.5811],[8.2112],[8.0646],[8.0539],[8.0015],[7.9005],[7.85],[7.9053],[7.9209],[7.7238],[7.3209],[6.9607],[6.8228],[6.8869],[7.1053],[7.5743],[8.3316],[9.0422],[9.1937],[8.7723],[8.4374],[9.318],[9.7801],[10.2549],[10.515],[10.4684],[10.2005],[9.8859],[9.7209],[9.7199],[9.7432],[9.5956],[9.2811],[8.9898],[8.885],[8.8694],[8.715],[8.3917],[8.1752],[8.2684],[8.5519],[8.8461],[9.2782],[10.1277],[11.1694],[11.685],[11.1966],[10.2587],[10.5772],[11.3218],[11.8714],[12.0335],[11.8985],[11.6879],[11.5558],[11.5432],[11.5947],[11.616],[11.4092],[10.9141],[10.3529],[10.0102],[9.9306],[9.8354],[9.6034],[9.5131],[9.8442],[10.3898],[10.7636],[11.0422],[11.7558],[13.0083],[14.0024],[13.8364],[12.6345],[12.4461],[13.3015],[13.7966],[13.7976],[13.5694],[13.4403],[13.451],[13.5073],[13.5607],[13.5888],[13.4374],[12.9277],[12.2024],[11.7053],[11.5898],[11.5306],[11.2354],[10.9714],[11.1966],[11.8694],[12.4403],[12.75],[13.384],[14.7413],[16.1801],[16.5354],[15.4966],[14.7131],[15.4956],[15.851],[15.7413],[15.4694],[15.3869],[15.4617],[15.485],[15.45],[15.4393],[15.3413],[14.8684],[14.117],[13.6092],[13.6432],[13.7782],[13.4549],[12.8403],[12.6772],[13.283],[14.1481],[14.8131],[15.517],[16.7364],[18.1053],[18.5782],[17.6782],[16.816],[17.4617],[17.7665],[17.6714],[17.4374],[17.3646],[17.3995],[17.3306],[17.1597],[17.0383],[16.8675],[16.3694],[15.6364],[15.2626],[15.6199],[16.1908],[16.1568],[15.4461],[14.917],[15.3121],[16.385],[17.4743],[18.3306],[19.1228],[19.7286],[19.5325],[18.3005],[18.2393],[18.7597],[19.0966],[19.1325],[18.9985],[18.9092],[18.8908],[18.7917],[18.6083],[18.4112],[18.1519],[17.6364],[16.9995],[16.7908],[17.3956],[18.3684],[18.8092],[18.3733],[17.7374],[17.7956],[18.751],[20.051],[21.083],[21.4985],[21.1568],[19.9354],[18.0471]]},{"header":{"disciplineName":["Meteorological products"],"parameterCategory":[2],"parameterCategoryName":["u-component of wind"],"parameterNumberName":["u-component of wind"],"parameterNumber":[2],"parameterUnits":["m s-1"],"refTime":["2017-03-17T0000:00.000Z"],"numberPoints":[621],"nx":[27],"ny":[23],"lo1":[-20],"la1":[70],"lo2":[45],"la2":[45],"dx":[2.5],"dy":[2.5]},"data":[[2.2155],[2.6398],[3.0039],[3.2971],[3.5495],[3.7728],[4],[4.2398],[4.5165],[4.832],[5.1544],[5.4631],[5.734],[5.9359],[6.0466],[6.0621],[5.9864],[5.8417],[5.6505],[5.4369],[5.2165],[5.0126],[4.8427],[4.7058],[4.6272],[4.5864],[4.601],[2.8796],[3.668],[4.2699],[4.699],[4.9874],[5.1748],[5.3544],[5.5485],[5.8058],[6.1311],[6.5],[6.868],[7.1709],[7.3806],[7.4631],[7.4087],[7.2388],[6.9854],[6.6835],[6.3709],[6.0709],[5.8136],[5.6039],[5.4583],[5.3689],[5.3398],[5.3709],[4.6107],[5.4505],[6.0854],[6.5107],[6.7728],[6.9417],[7.0777],[7.2534],[7.4932],[7.7757],[8.0942],[8.3893],[8.5981],[8.6689],[8.599],[8.3961],[8.1194],[7.7932],[7.5029],[7.2476],[7.0456],[6.9155],[6.8388],[6.8155],[6.832],[6.8806],[6.9417],[6.8272],[7.3388],[7.7087],[7.9796],[8.166],[8.2922],[8.3922],[8.4903],[8.6097],[8.7476],[8.8602],[8.9107],[8.8592],[8.699],[8.4437],[8.1466],[7.8883],[7.7],[7.6223],[7.6408],[7.7243],[7.8515],[8.0029],[8.1602],[8.3078],[8.4223],[8.5068],[8.635],[8.6602],[8.7117],[8.8019],[8.8922],[8.9563],[8.9612],[8.9175],[8.8417],[8.7408],[8.6],[8.4097],[8.1262],[7.7942],[7.4709],[7.2223],[7.1204],[7.1913],[7.4223],[7.7233],[8.0437],[8.334],[8.5777],[8.799],[8.9748],[9.1214],[9.2087],[9.8049],[9.5825],[9.4757],[9.4699],[9.4757],[9.4117],[9.2544],[9.0301],[8.7728],[8.5282],[8.2951],[8.0573],[7.7767],[7.4641],[7.1806],[7.0175],[7.0184],[7.2],[7.4796],[7.7874],[8.0311],[8.1903],[8.3],[8.4],[8.5146],[8.634],[8.7282],[10.8864],[10.7262],[10.6223],[10.534],[10.3777],[10.1155],[9.7534],[9.3553],[9.0097],[8.7777],[8.6553],[8.5738],[8.466],[8.2932],[8.0913],[7.9117],[7.8126],[7.7874],[7.7932],[7.7524],[7.6447],[7.5097],[7.4039],[7.3728],[7.4049],[7.468],[7.5097],[12.0864],[12.0029],[11.8544],[11.6068],[11.2476],[10.7883],[10.2757],[9.7825],[9.3874],[9.1291],[9.0233],[9.0087],[8.9932],[8.9417],[8.8068],[8.6291],[8.4136],[8.1466],[7.8204],[7.4437],[7.065],[6.7718],[6.633],[6.6194],[6.6485],[6.6029],[6.4592],[12.7039],[12.5146],[12.2087],[11.8068],[11.3417],[10.8447],[10.3379],[9.8146],[9.2621],[8.733],[8.2757],[7.9437],[7.7563],[7.6903],[7.6845],[7.6922],[7.6379],[7.4854],[7.2107],[6.8689],[6.566],[6.4456],[6.5155],[6.6864],[6.767],[6.6019],[6.2155],[12.0903],[11.7243],[11.2961],[10.8592],[10.4534],[10.067],[9.6583],[9.1029],[8.3175],[7.3505],[6.3495],[5.499],[4.9718],[4.8],[4.9408],[5.2534],[5.6184],[5.9117],[6.0718],[6.1223],[6.1777],[6.3709],[6.7087],[7.0612],[7.2301],[7.0563],[6.6097],[10.4777],[10.0641],[9.6592],[9.2786],[8.9359],[8.6097],[8.2282],[7.6573],[6.7951],[5.6786],[4.4971],[3.466],[2.765],[2.4893],[2.599],[3.0058],[3.5942],[4.2369],[4.8107],[5.2631],[5.6359],[6.0301],[6.4621],[6.8689],[7.1097],[7.1146],[6.9767],[8.6175],[8.2427],[7.901],[7.5534],[7.1816],[6.8019],[6.3864],[5.9019],[5.3214],[4.6427],[3.965],[3.3689],[2.9029],[2.5864],[2.4262],[2.501],[2.8282],[3.3796],[4.001],[4.5612],[4.9961],[5.3437],[5.6796],[6.0146],[6.3019],[6.5641],[6.8544],[6.9126],[6.532],[6.2097],[5.8903],[5.5689],[5.2359],[4.9252],[4.6718],[4.5515],[4.5883],[4.7553],[4.9175],[4.9165],[4.6767],[4.2767],[3.9039],[3.7641],[3.901],[4.2204],[4.5437],[4.7796],[4.9311],[5.0961],[5.3388],[5.6408],[6.0379],[6.5369],[5.3728],[4.9845],[4.6981],[4.5621],[4.5262],[4.5311],[4.4864],[4.4534],[4.5757],[4.9738],[5.6301],[6.3262],[6.799],[6.8631],[6.6165],[6.2563],[5.9553],[5.7699],[5.6359],[5.499],[5.366],[5.2825],[5.3282],[5.5311],[5.8359],[6.2019],[6.5641],[3.9971],[3.7476],[3.633],[3.7553],[4.0971],[4.4718],[4.6524],[4.6136],[4.5602],[4.7893],[5.4068],[6.2612],[7.0913],[7.7049],[8.0971],[8.301],[8.3039],[8.0563],[7.5466],[6.9388],[6.432],[6.1583],[6.1398],[6.3408],[6.666],[6.9825],[7.1282],[2.7427],[2.8068],[2.9039],[3.1796],[3.6563],[4.101],[4.2427],[4.0155],[3.7097],[3.6971],[4.1913],[5.0942],[6.1602],[7.2369],[8.2379],[9.0515],[9.468],[9.3107],[8.6583],[7.8311],[7.1816],[6.8602],[6.8388],[7.0311],[7.3932],[7.765],[7.9165],[1.5553],[1.8553],[2.0845],[2.3583],[2.7136],[2.9816],[2.9767],[2.7291],[2.5282],[2.6922],[3.3243],[4.2777],[5.3087],[6.301],[7.2544],[8.1087],[8.6291],[8.6078],[8.1097],[7.5039],[7.1107],[6.9961],[7.066],[7.2689],[7.6641],[8.1883],[8.5272],[0.7427],[1.0388],[1.2806],[1.5437],[1.8252],[2.0252],[2.1126],[2.1883],[2.4728],[3.0825],[3.9194],[4.7223],[5.266],[5.5398],[5.7767],[6.1],[6.4126],[6.5214],[6.401],[6.2942],[6.3903],[6.6631],[6.935],[7.2379],[7.7039],[8.3165],[8.7398],[1.0204],[1.0951],[1.2485],[1.567],[1.934],[2.2845],[2.6495],[3.1767],[3.9058],[4.7485],[5.4447],[5.7748],[5.6126],[5.1078],[4.5942],[4.3728],[4.4631],[4.6874],[4.8854],[5.1223],[5.5194],[6.033],[6.5524],[7.0592],[7.633],[8.1845],[8.3816],[2.3777],[2.2184],[2.2049],[2.4544],[2.832],[3.2301],[3.7175],[4.4117],[5.2155],[5.8621],[6.1282],[5.9631],[5.4379],[4.7175],[4.0699],[3.7621],[3.832],[4.0913],[4.333],[4.534],[4.8078],[5.2437],[5.8039],[6.434],[7.0369],[7.3718],[7.1612],[3.4272],[3.166],[3.0087],[3.0641],[3.1786],[3.301],[3.567],[4.0699],[4.6184],[4.9243],[4.8602],[4.5689],[4.2369],[3.9272],[3.7049],[3.6534],[3.8214],[4.065],[4.2097],[4.2243],[4.2214],[4.332],[4.6282],[5.0563],[5.4553],[5.4777],[4.8981],[2.5165],[2.367],[2.2456],[2.1786],[2.0553],[1.867],[1.8049],[1.9981],[2.2922],[2.4146],[2.3184],[2.2311],[2.3087],[2.4816],[2.6272],[2.7709],[2.9893],[3.2466],[3.4544],[3.5243],[3.4738],[3.3262],[3.1903],[3.132],[3.0854],[2.7913],[2.0563],[-0.4214],[-0.3777],[-0.2612],[-0.1456],[-0.1748],[-0.3447],[-0.4922],[-0.4485],[-0.2816],[-0.1612],[-0.0883],[0.0641],[0.3291],[0.5631],[0.6845],[0.7709],[0.9563],[1.2699],[1.6534],[2.0136],[2.2],[2.0757],[1.6738],[1.1854],[0.7505],[0.2456],[-0.4553]]},{"header":{"disciplineName":["Meteorological products"],"parameterCategory":[2],"parameterCategoryName":["v-component of wind"],"parameterNumberName":["v-component of wind"],"parameterNumber":[3],"parameterUnits":["m s-1"],"refTime":["2017-03-17T0000:00.000Z"],"numberPoints":[621],"nx":[27],"ny":[23],"lo1":[-20],"la1":[70],"lo2":[45],"la2":[45],"dx":[2.5],"dy":[2.5]},"data":[[-1.5214],[-1.0903],[-0.6262],[-0.1757],[0.2301],[0.5476],[0.799],[0.9291],[0.9641],[0.9117],[0.766],[0.5738],[0.3447],[0.1214],[-0.0806],[-0.234],[-0.3262],[-0.3641],[-0.3476],[-0.3049],[-0.2417],[-0.1767],[-0.0942],[-0.0272],[0.0466],[0.1097],[0.1524],[0.5379],[0.7049],[0.8252],[0.9184],[1.001],[1.0883],[1.1835],[1.2845],[1.3495],[1.3437],[1.2505],[1.0553],[0.7796],[0.4505],[0.1087],[-0.1922],[-0.435],[-0.5922],[-0.6767],[-0.7029],[-0.6738],[-0.6019],[-0.4864],[-0.334],[-0.1417],[0.0544],[0.2437],[2.6757],[2.4748],[2.1883],[1.8825],[1.6408],[1.5165],[1.5194],[1.6078],[1.7291],[1.7728],[1.6913],[1.435],[1.0272],[0.533],[0.0204],[-0.4223],[-0.767],[-0.9757],[-1.066],[-1.0505],[-0.9738],[-0.8126],[-0.6078],[-0.3456],[-0.0515],[0.2534],[0.5272],[3.9563],[3.5068],[2.9796],[2.4757],[2.0748],[1.8369],[1.7748],[1.8417],[1.9408],[1.9602],[1.799],[1.4301],[0.8835],[0.268],[-0.3019],[-0.7369],[-0.9971],[-1.0903],[-1.0816],[-0.9883],[-0.8505],[-0.6612],[-0.4097],[-0.1039],[0.2311],[0.5456],[0.7786],[4.1233],[3.665],[3.1816],[2.7039],[2.2854],[1.9806],[1.8233],[1.7689],[1.7583],[1.6621],[1.3796],[0.9049],[0.3058],[-0.2718],[-0.6874],[-0.867],[-0.833],[-0.6748],[-0.5184],[-0.4126],[-0.3417],[-0.2515],[-0.0777],[0.1971],[0.5243],[0.8049],[0.9447],[3.6379],[3.3301],[3.033],[2.6835],[2.2854],[1.8883],[1.5845],[1.3825],[1.2466],[1.0515],[0.6816],[0.1466],[-0.4602],[-0.9369],[-1.1184],[-0.9534],[-0.5485],[-0.1097],[0.167],[0.2194],[0.1233],[0.0485],[0.1175],[0.3728],[0.7252],[1.0165],[1.1194],[3.0447],[2.8437],[2.6602],[2.3825],[1.9777],[1.5252],[1.1408],[0.9049],[0.7825],[0.6087],[0.2592],[-0.3301],[-1.0146],[-1.5282],[-1.6476],[-1.3107],[-0.6874],[-0.0621],[0.2971],[0.3252],[0.1592],[0.033],[0.1301],[0.4524],[0.8738],[1.1893],[1.2718],[2.5379],[2.2485],[2.0214],[1.7388],[1.3505],[0.9369],[0.6214],[0.4748],[0.4738],[0.4417],[0.1699],[-0.4136],[-1.1835],[-1.8621],[-2.135],[-1.9],[-1.2922],[-0.6456],[-0.2175],[-0.0942],[-0.1126],[-0.066],[0.1942],[0.6107],[0.9874],[1.1845],[1.1583],[2.068],[1.5709],[1.2233],[0.9291],[0.634],[0.3194],[0.0505],[-0.1029],[-0.1214],[-0.1019],[-0.2223],[-0.6078],[-1.2262],[-1.866],[-2.232],[-2.1612],[-1.7369],[-1.199],[-0.7883],[-0.5126],[-0.266],[0.0864],[0.5408],[0.9262],[1.0544],[0.8971],[0.6049],[1.5883],[0.9408],[0.5078],[0.2534],[0.0417],[-0.232],[-0.6388],[-1.0932],[-1.4427],[-1.5748],[-1.533],[-1.4738],[-1.5233],[-1.6825],[-1.7942],[-1.7301],[-1.4641],[-1.1437],[-0.8447],[-0.5359],[-0.0961],[0.4893],[1.0544],[1.2971],[1.068],[0.4845],[-0.068],[1.1068],[0.4485],[-0.0165],[-0.2641],[-0.4515],[-0.7854],[-1.4417],[-2.3175],[-3.1214],[-3.5165],[-3.3544],[-2.7728],[-2.0854],[-1.5388],[-1.1738],[-0.9058],[-0.6767],[-0.5058],[-0.3816],[-0.1816],[0.2505],[0.8922],[1.4612],[1.5816],[1.1126],[0.3165],[-0.3107],[0.6272],[0.0301],[-0.4592],[-0.7874],[-1.0466],[-1.4214],[-2.1524],[-3.1951],[-4.2301],[-4.7796],[-4.5689],[-3.735],[-2.6417],[-1.6641],[-0.932],[-0.3922],[-0.0019],[0.2214],[0.2786],[0.3495],[0.6291],[1.1602],[1.6456],[1.7175],[1.2553],[0.5573],[0.099],[0.1204],[-0.366],[-0.8806],[-1.3204],[-1.6301],[-1.965],[-2.5311],[-3.3864],[-4.2796],[-4.7903],[-4.6408],[-3.9243],[-2.965],[-2.0699],[-1.2961],[-0.5631],[0.1165],[0.6155],[0.8175],[0.8534],[0.9864],[1.332],[1.7039],[1.7845],[1.4816],[1.066],[0.8806],[-0.3301],[-0.6806],[-1.1194],[-1.5223],[-1.833],[-2.1126],[-2.5214],[-3.1214],[-3.7553],[-4.1155],[-4.0194],[-3.5621],[-2.9816],[-2.4417],[-1.8612],[-1.1136],[-0.2359],[0.5252],[0.9301],[1.0359],[1.1136],[1.3621],[1.6864],[1.8291],[1.7136],[1.5573],[1.5748],[-0.5854],[-0.7835],[-1.0262],[-1.2874],[-1.5524],[-1.8854],[-2.3612],[-2.9291],[-3.4029],[-3.5524],[-3.3252],[-2.8961],[-2.5029],[-2.2369],[-1.967],[-1.4777],[-0.7583],[-0.0602],[0.3728],[0.5291],[0.6748],[1.0194],[1.4893],[1.8252],[1.9214],[1.9184],[1.9621],[-0.467],[-0.5913],[-0.7291],[-0.9],[-1.1854],[-1.6903],[-2.3738],[-3.0379],[-3.365],[-3.1825],[-2.5777],[-1.8592],[-1.3757],[-1.2602],[-1.3495],[-1.3825],[-1.2146],[-0.9417],[-0.7223],[-0.5951],[-0.333],[0.2447],[1.0709],[1.8126],[2.2233],[2.3068],[2.1951],[0.0689],[-0.099],[-0.3883],[-0.7311],[-1.1883],[-1.8573],[-2.6563],[-3.2553],[-3.2971],[-2.6534],[-1.5961],[-0.566],[0.0126],[-0.0049],[-0.4631],[-1.033],[-1.4524],[-1.6621],[-1.7417],[-1.7194],[-1.4],[-0.5825],[0.6922],[1.9767],[2.7932],[2.9544],[2.5709],[0.8408],[0.5913],[-0.0029],[-0.6874],[-1.3893],[-2.1495],[-2.8757],[-3.2243],[-2.901],[-1.9194],[-0.6563],[0.3728],[0.8311],[0.6641],[0.0476],[-0.7165],[-1.3689],[-1.8078],[-2.0913],[-2.2039],[-1.9291],[-0.9631],[0.6932],[2.4767],[3.6583],[3.8204],[3.1417],[1.533],[1.2272],[0.4388],[-0.4495],[-1.2505],[-1.9854],[-2.5621],[-2.7184],[-2.2408],[-1.2602],[-0.2136],[0.4699],[0.6573],[0.4495],[0.0466],[-0.4398],[-0.9437],[-1.4],[-1.7981],[-2.0194],[-1.7631],[-0.665],[1.2388],[3.2728],[4.5252],[4.5165],[3.5369],[1.9058],[1.4893],[0.7272],[-0.0165],[-0.633],[-1.1951],[-1.6621],[-1.8097],[-1.4777],[-0.8301],[-0.2563],[-0.0204],[-0.034],[-0.0476],[-0.0049],[-0.0388],[-0.3243],[-0.8233],[-1.3408],[-1.5767],[-1.1845],[0.1194],[2.1379],[4.0563],[4.9592],[4.5078],[3.2146],[1.9447],[1.266],[0.6029],[0.1961],[-0.0505],[-0.3447],[-0.7049],[-0.9146],[-0.8359],[-0.568],[-0.3883],[-0.4165],[-0.4194],[-0.1408],[0.3272],[0.5825],[0.3165],[-0.3398],[-0.9553],[-1.1039],[-0.4854],[0.966],[2.8854],[4.3971],[4.6777],[3.6592],[2.0757],[1.7534],[0.7583],[0.1524],[-0.0049],[0.0019],[-0.1068],[-0.3495],[-0.5379],[-0.5641],[-0.4874],[-0.4573],[-0.4573],[-0.2699],[0.2825],[0.9573],[1.2631],[0.9272],[0.1825],[-0.4243],[-0.499],[0.135],[1.434],[3.0126],[4.0592],[3.8097],[2.3796],[0.6553],[1.4282],[0.3621],[-0.2058],[-0.3641],[-0.3922],[-0.5],[-0.6398],[-0.7146],[-0.7087],[-0.6534],[-0.5583],[-0.3534],[0.0913],[0.8029],[1.5126],[1.7825],[1.4631],[0.8718],[0.4291],[0.2942],[0.5456],[1.2786],[2.3631],[3.0903],[2.7049],[1.2291],[-0.4447]]}]