html/data/WT_san09_ind_wt_5_9.json
[{"header":{"disciplineName":["Meteorological products"],"parameterCategory":[0],"parameterCategoryName":["Temperature"],"parameterNumberName":["Temperature"],"parameterNumber":[0],"parameterUnits":["K"],"refTime":["2017-03-17T0000:00.000Z"],"numberPoints":[621],"nx":[27],"ny":[23],"lo1":[-20],"la1":[70],"lo2":[45],"la2":[45],"dx":[2.5],"dy":[2.5]},"data":[[-5.2864],[-4.9682],[-4.65],[-4.3591],[-4.0981],[-3.8786],[-3.6955],[-3.5513],[-3.4266],[-3.3266],[-3.2266],[-3.1305],[-3.0617],[-3.0045],[-2.9851],[-3.011],[-3.1058],[-3.2682],[-3.5045],[-3.8058],[-4.1526],[-4.5266],[-4.9071],[-5.289],[-5.6513],[-5.9981],[-6.3279],[-3.6331],[-3.4045],[-3.1877],[-2.9617],[-2.7474],[-2.5305],[-2.3162],[-2.1097],[-1.9097],[-1.724],[-1.5461],[-1.3864],[-1.2565],[-1.1513],[-1.0721],[-1.0526],[-1.1123],[-1.2357],[-1.4383],[-1.711],[-2.0331],[-2.3877],[-2.7591],[-3.1422],[-3.511],[-3.8942],[-4.2825],[-2.3461],[-2.2331],[-2.1097],[-1.9448],[-1.7214],[-1.4409],[-1.1188],[-0.7851],[-0.4643],[-0.1864],[0.0357],[0.2071],[0.3305],[0.411],[0.463],[0.4877],[0.4617],[0.3929],[0.2656],[0.0981],[-0.111],[-0.3331],[-0.5773],[-0.8539],[-1.1669],[-1.5188],[-1.9383],[-1.4591],[-1.4344],[-1.3799],[-1.2253],[-0.9708],[-0.5968],[-0.1435],[0.3344],[0.776],[1.1487],[1.4201],[1.5942],[1.7045],[1.7812],[1.8461],[1.8981],[1.9448],[1.9565],[1.9357],[1.8916],[1.8318],[1.7526],[1.6539],[1.5058],[1.2916],[0.9825],[0.5695],[-0.8773],[-0.8409],[-0.7591],[-0.6045],[-0.3344],[0.0734],[0.5708],[1.1253],[1.6487],[2.0916],[2.4201],[2.6604],[2.8448],[3.0084],[3.1877],[3.3773],[3.5266],[3.6266],[3.6747],[3.6539],[3.6383],[3.6084],[3.5825],[3.5162],[3.3669],[3.1123],[2.7357],[-0.1747],[-0.0409],[0.0864],[0.2422],[0.4656],[0.7877],[1.2175],[1.7214],[2.2409],[2.7058],[3.0903],[3.4097],[3.7071],[4.0149],[4.3799],[4.7227],[5.0071],[5.1617],[5.1799],[5.1227],[5.024],[4.9656],[4.9292],[4.8786],[4.7513],[4.5396],[4.2331],[0.9019],[1.1227],[1.2877],[1.3955],[1.5032],[1.6773],[1.9591],[2.3513],[2.8071],[3.2565],[3.6539],[4.0136],[4.3591],[4.7708],[5.2344],[5.7019],[6.0591],[6.2448],[6.2227],[6.1019],[5.9656],[5.8851],[5.8565],[5.824],[5.6968],[5.4786],[5.2058],[2.2422],[2.424],[2.5422],[2.5708],[2.5552],[2.5864],[2.7344],[3.0396],[3.463],[3.9136],[4.324],[4.6695],[5.0019],[5.3955],[5.8604],[6.3422],[6.7162],[6.8955],[6.8552],[6.7032],[6.5773],[6.5526],[6.6058],[6.624],[6.5097],[6.2747],[6.0162],[3.4214],[3.4786],[3.4981],[3.4734],[3.437],[3.4188],[3.5136],[3.763],[4.1851],[4.6721],[5.1266],[5.4942],[5.8032],[6.1214],[6.5071],[6.9305],[7.2591],[7.3682],[7.2435],[7.0253],[6.8773],[6.8994],[7.0474],[7.163],[7.1357],[6.9695],[6.7981],[4.2812],[4.2084],[4.2058],[4.2617],[4.3227],[4.3773],[4.4552],[4.6591],[5.0279],[5.5084],[6.0097],[6.4136],[6.7071],[6.9669],[7.2513],[7.563],[7.7929],[7.7916],[7.5435],[7.1877],[6.9578],[6.9682],[7.2123],[7.4877],[7.6227],[7.6201],[7.611],[4.9981],[4.8942],[4.9786],[5.1981],[5.45],[5.6344],[5.7435],[5.8552],[6.0864],[6.4617],[6.9058],[7.3006],[7.5721],[7.7474],[7.9123],[8.0942],[8.2409],[8.2032],[7.9344],[7.5773],[7.3422],[7.4552],[7.8578],[8.3409],[8.6617],[8.7604],[8.7773],[5.8357],[5.7877],[5.9292],[6.2461],[6.6331],[6.9474],[7.1188],[7.2071],[7.3188],[7.55],[7.8864],[8.2032],[8.3903],[8.4435],[8.4669],[8.5422],[8.6955],[8.7955],[8.7435],[8.6136],[8.6344],[9.0214],[9.7279],[10.4773],[10.9526],[11.0279],[10.8253],[6.8656],[6.8591],[6.937],[7.1643],[7.5435],[7.9721],[8.337],[8.576],[8.7318],[8.911],[9.1474],[9.3812],[9.5006],[9.4643],[9.3409],[9.311],[9.4669],[9.7344],[9.9825],[10.1994],[10.5578],[11.2721],[12.3266],[13.3968],[14.0851],[14.2045],[13.911],[7.9708],[7.9487],[7.8877],[7.9929],[8.4071],[9.0877],[9.8188],[10.3825],[10.6955],[10.8461],[11.0019],[11.163],[11.2552],[11.1591],[10.9162],[10.7097],[10.7344],[10.9916],[11.3461],[11.676],[12.1552],[13.0253],[14.3279],[15.7214],[16.7578],[17.2409],[17.3669],[8.9409],[8.8968],[8.8604],[9.1253],[9.9006],[11.0838],[12.2968],[13.1383],[13.4942],[13.5123],[13.4825],[13.5305],[13.563],[13.4149],[13.0513],[12.6383],[12.4201],[12.463],[12.6461],[12.8279],[13.1773],[14.0084],[15.4253],[17.0955],[18.4734],[19.3851],[20.1773],[9.6357],[9.6786],[9.9474],[10.7682],[12.2552],[14.063],[15.6591],[16.5682],[16.7396],[16.5032],[16.25],[16.1695],[16.1227],[15.8929],[15.4045],[14.8266],[14.4097],[14.2734],[14.2682],[14.3084],[14.5214],[15.311],[16.8539],[18.7214],[20.2058],[21.0812],[21.9292],[10.2539],[10.5656],[11.3344],[12.7838],[14.8422],[17.0565],[18.7422],[19.5006],[19.4877],[19.1773],[18.9604],[18.9045],[18.8084],[18.4734],[17.8877],[17.2331],[16.7487],[16.5474],[16.5565],[16.6305],[16.8903],[17.75],[19.4357],[21.4734],[22.9084],[23.2734],[23.237],[11.3981],[12.1617],[13.3188],[14.9877],[17.0682],[19.1136],[20.589],[21.2357],[21.3253],[21.3812],[21.6123],[21.8253],[21.7227],[21.2357],[20.5344],[19.8474],[19.3188],[19.076],[19.0851],[19.2591],[19.6032],[20.4591],[22.1474],[24.3188],[25.8942],[25.9955],[25.0084],[13.6383],[14.8682],[16.1578],[17.5032],[18.9864],[20.4656],[21.6214],[22.3175],[22.8357],[23.5136],[24.324],[24.7942],[24.5825],[23.8695],[23.0435],[22.3084],[21.6851],[21.2331],[21.0864],[21.2513],[21.5734],[22.189],[23.524],[25.5993],[27.5526],[28.2006],[27.2812],[16.7812],[18.2864],[19.4656],[20.2864],[21.0461],[21.95],[22.8955],[23.7448],[24.6071],[25.6708],[26.7136],[27.1422],[26.6903],[25.7422],[24.8747],[24.2149],[23.537],[22.837],[22.4903],[22.6305],[22.9578],[23.2526],[23.9123],[25.4149],[27.4773],[28.9461],[28.9903],[19.8994],[21.3279],[22.3097],[22.7708],[23.1123],[23.7227],[24.5656],[25.4201],[26.2513],[27.1682],[27.9877],[28.2006],[27.5786],[26.6279],[25.9422],[25.5513],[25.0487],[24.3526],[23.9461],[24.1617],[24.6201],[24.8071],[24.8643],[25.5149],[26.9838],[28.5279],[29.1864],[21.9305],[23.024],[23.7903],[24.1409],[24.4058],[24.9409],[25.65],[26.2565],[26.7279],[27.2227],[27.7357],[27.8994],[27.5019],[26.911],[26.6058],[26.5799],[26.3981],[25.9539],[25.6565],[25.8929],[26.4149],[26.6591],[26.5838],[26.6864],[27.2656],[27.9617],[28.1396],[22.4591],[23.1461],[23.6773],[24.0045],[24.3045],[24.7487],[25.2357],[25.5409],[25.6448],[25.8331],[26.2383],[26.65],[26.8292],[26.8318],[26.8773],[27.0253],[27.0825],[26.9526],[26.7877],[26.7994],[26.9448],[27.1331],[27.3448],[27.6435],[27.8942],[27.7201],[26.9214]]},{"header":{"disciplineName":["Meteorological products"],"parameterCategory":[2],"parameterCategoryName":["u-component of wind"],"parameterNumberName":["u-component of wind"],"parameterNumber":[2],"parameterUnits":["m s-1"],"refTime":["2017-03-17T0000:00.000Z"],"numberPoints":[621],"nx":[27],"ny":[23],"lo1":[-20],"la1":[70],"lo2":[45],"la2":[45],"dx":[2.5],"dy":[2.5]},"data":[[1.6442],[1.661],[1.6714],[1.674],[1.7182],[1.8312],[2.0286],[2.3221],[2.6909],[3.1182],[3.5714],[4.0286],[4.4325],[4.8013],[5.1325],[5.4234],[5.7156],[6.0156],[6.3208],[6.6182],[6.8688],[7.0571],[7.1338],[7.1039],[6.9481],[6.7169],[6.4273],[0.1026],[0.1597],[0.2104],[0.2688],[0.3922],[0.6143],[0.9805],[1.4909],[2.1377],[2.8636],[3.6052],[4.2896],[4.8779],[5.3312],[5.6597],[5.9026],[6.1182],[6.3221],[6.5753],[6.8584],[7.1597],[7.4078],[7.5649],[7.6078],[7.5273],[7.3545],[7.1247],[-0.8039],[-0.7286],[-0.6247],[-0.487],[-0.2688],[0.0481],[0.5143],[1.1519],[1.9182],[2.7701],[3.6169],[4.3844],[4.987],[5.413],[5.6519],[5.7792],[5.8597],[5.9649],[6.1506],[6.4234],[6.7558],[7.1052],[7.3961],[7.5883],[7.6753],[7.6662],[7.5987],[-0.4078],[-0.3182],[-0.1688],[0.0299],[0.2688],[0.5714],[0.9519],[1.4156],[1.9584],[2.5649],[3.1701],[3.7221],[4.1779],[4.5091],[4.7169],[4.8532],[4.9779],[5.1351],[5.374],[5.7013],[6.0766],[6.4701],[6.8351],[7.1364],[7.3571],[7.5104],[7.6039],[1.2623],[1.2974],[1.4325],[1.6117],[1.8143],[1.9883],[2.1351],[2.2558],[2.3714],[2.4935],[2.6169],[2.7818],[2.9636],[3.1714],[3.4039],[3.661],[3.9442],[4.2545],[4.5805],[4.9195],[5.2455],[5.5545],[5.8481],[6.1182],[6.374],[6.6156],[6.8403],[3.3532],[3.2481],[3.2455],[3.2948],[3.3545],[3.3805],[3.339],[3.2065],[3.0143],[2.7701],[2.5221],[2.3221],[2.2],[2.2156],[2.3455],[2.5805],[2.8675],[3.1597],[3.4182],[3.6221],[3.8],[3.9675],[4.1545],[4.3818],[4.6519],[4.9675],[5.3208],[5.0338],[4.7571],[4.526],[4.3506],[4.2143],[4.0792],[3.9195],[3.6935],[3.4195],[3.0727],[2.6818],[2.2844],[1.939],[1.7026],[1.5883],[1.5662],[1.5857],[1.5857],[1.5571],[1.5247],[1.5519],[1.6792],[1.9104],[2.2182],[2.5818],[2.9844],[3.4403],[6.1597],[5.8143],[5.4429],[5.0714],[4.7052],[4.3597],[4.0312],[3.7026],[3.3532],[2.9506],[2.487],[2.0013],[1.5442],[1.1935],[0.9325],[0.7182],[0.4792],[0.1701],[-0.161],[-0.4325],[-0.5039],[-0.3325],[0.0519],[0.5221],[0.9636],[1.3584],[1.774],[6.9714],[6.6987],[6.3351],[5.8896],[5.3896],[4.8429],[4.2909],[3.7338],[3.1403],[2.5104],[1.8571],[1.2675],[0.8286],[0.5909],[0.5065],[0.4519],[0.2987],[-0.0364],[-0.487],[-0.8961],[-1.0688],[-0.913],[-0.4922],[0.0195],[0.4338],[0.7],[0.9351],[7.3844],[7.1714],[6.8584],[6.4286],[5.8974],[5.3],[4.6688],[3.9857],[3.2156],[2.3688],[1.5286],[0.8442],[0.4416],[0.3818],[0.5688],[0.8468],[0.9753],[0.8571],[0.5104],[0.0961],[-0.1636],[-0.139],[0.1662],[0.5896],[0.9377],[1.1338],[1.2571],[7.0455],[6.7961],[6.461],[6.0247],[5.5221],[5.0455],[4.6325],[4.2273],[3.7195],[3.0584],[2.3312],[1.6961],[1.2974],[1.1922],[1.3013],[1.5],[1.6468],[1.6403],[1.4727],[1.2104],[0.9909],[0.9558],[1.1494],[1.4818],[1.8403],[2.1351],[2.3974],[6.1844],[5.9182],[5.5481],[5.0532],[4.5584],[4.2571],[4.2442],[4.4299],[4.5935],[4.5468],[4.3013],[3.9468],[3.5831],[3.2143],[2.8286],[2.4351],[2.1351],[1.961],[1.9078],[1.887],[1.8961],[1.9377],[2.0636],[2.3039],[2.6351],[3.0286],[3.4325],[5.4584],[5.3338],[5.0584],[4.5779],[4.087],[3.9299],[4.2597],[4.9429],[5.6675],[6.1753],[6.4156],[6.4338],[6.2649],[5.8143],[5.0753],[4.1831],[3.413],[2.9909],[2.939],[3.0792],[3.2195],[3.2779],[3.2727],[3.2922],[3.4091],[3.6377],[3.9558],[4.9623],[5.0052],[4.8922],[4.587],[4.2922],[4.3351],[4.8727],[5.7208],[6.487],[6.9753],[7.2571],[7.4961],[7.6935],[7.6649],[7.2442],[6.5481],[5.8662],[5.4494],[5.3338],[5.3442],[5.2974],[5.1156],[4.8455],[4.587],[4.4221],[4.4065],[4.4792],[4.0208],[4.0623],[4.1403],[4.1857],[4.3052],[4.7052],[5.3948],[6.087],[6.4571],[6.4545],[6.3935],[6.6091],[7.1584],[7.7584],[8.1104],[8.1688],[8.0662],[7.9494],[7.7753],[7.4636],[7.0091],[6.4909],[6.0286],[5.7065],[5.5701],[5.6],[5.6636],[2.4857],[2.5455],[2.9],[3.4],[4.0026],[4.7013],[5.3974],[5.8234],[5.7701],[5.3623],[5.039],[5.1974],[5.8688],[6.7325],[7.4714],[7.9766],[8.326],[8.474],[8.3182],[7.8221],[7.1519],[6.561],[6.1857],[6.0935],[6.2753],[6.674],[7.0818],[1.5714],[1.9961],[2.7961],[3.7039],[4.5117],[5.1442],[5.5442],[5.6299],[5.3909],[5.0325],[4.8883],[5.1623],[5.7117],[6.226],[6.513],[6.661],[6.8117],[6.9312],[6.839],[6.5],[6.0727],[5.7883],[5.7156],[5.839],[6.1675],[6.7429],[7.4195],[2.5675],[3.5922],[4.7779],[5.7805],[6.3429],[6.4299],[6.2338],[5.9688],[5.7662],[5.7649],[6.0377],[6.4753],[6.8013],[6.6922],[6.1545],[5.4987],[5.0597],[4.8896],[4.8571],[4.861],[4.974],[5.2],[5.3948],[5.4377],[5.4312],[5.626],[6.0753],[5.013],[6.2545],[7.2844],[7.8403],[7.7701],[7.1974],[6.4987],[6.0455],[5.9506],[6.1792],[6.5792],[6.9571],[7.013],[6.5377],[5.5948],[4.561],[3.7805],[3.3844],[3.3416],[3.6247],[4.1636],[4.7987],[5.1532],[4.9935],[4.4675],[3.9481],[3.7597],[6.6519],[7.3896],[7.6597],[7.4325],[6.7247],[5.8091],[5.0325],[4.6701],[4.6766],[4.8039],[4.8831],[4.8558],[4.6545],[4.2143],[3.6013],[2.9532],[2.4519],[2.1338],[2.0766],[2.3506],[3.0104],[3.7688],[4.2104],[4.039],[3.3117],[2.3442],[1.5039],[5.3519],[5.3377],[4.8779],[4.1377],[3.2831],[2.5],[2.0013],[1.8506],[1.861],[1.7545],[1.4312],[0.9961],[0.6377],[0.461],[0.4922],[0.6857],[0.8714],[0.9091],[0.8649],[0.9896],[1.4519],[2.0468],[2.4104],[2.3338],[1.7584],[0.7727],[-0.4403],[0.9039],[0.5922],[0.0779],[-0.4052],[-0.8052],[-1.1338],[-1.3662],[-1.474],[-1.5701],[-1.7766],[-2.1234],[-2.5],[-2.7325],[-2.6442],[-2.1065],[-1.2065],[-0.3494],[0.1013],[0.1299],[0.1234],[0.3052],[0.5623],[0.6026],[0.3688],[-0.1377],[-0.9714],[-2.2286],[-4.9857],[-5.0792],[-5.0727],[-4.8325],[-4.5026],[-4.3429],[-4.487],[-4.7909],[-5.0714],[-5.1571],[-5.0545],[-4.8688],[-4.674],[-4.3364],[-3.5636],[-2.3286],[-1.0974],[-0.3948],[-0.2818],[-0.3039],[-0.1922],[-0.1727],[-0.5403],[-1.2],[-1.8831],[-2.5584],[-3.4974]]},{"header":{"disciplineName":["Meteorological products"],"parameterCategory":[2],"parameterCategoryName":["v-component of wind"],"parameterNumberName":["v-component of wind"],"parameterNumber":[3],"parameterUnits":["m s-1"],"refTime":["2017-03-17T0000:00.000Z"],"numberPoints":[621],"nx":[27],"ny":[23],"lo1":[-20],"la1":[70],"lo2":[45],"la2":[45],"dx":[2.5],"dy":[2.5]},"data":[[0.3286],[0.6779],[1.013],[1.3013],[1.4961],[1.5883],[1.5714],[1.4403],[1.2156],[0.8948],[0.5494],[0.1779],[-0.1558],[-0.4649],[-0.7234],[-0.9364],[-1.1416],[-1.3753],[-1.6662],[-2.026],[-2.4519],[-2.9143],[-3.3597],[-3.7273],[-3.9766],[-4.0935],[-4.0584],[0.6727],[0.9857],[1.3],[1.6],[1.8818],[2.1247],[2.2909],[2.3805],[2.3468],[2.1766],[1.9065],[1.5416],[1.1416],[0.7481],[0.3805],[0.0727],[-0.2195],[-0.5325],[-0.9143],[-1.374],[-1.9312],[-2.5351],[-3.1325],[-3.6299],[-3.9753],[-4.1403],[-4.1117],[0.8922],[1.1896],[1.5156],[1.8948],[2.3299],[2.7896],[3.226],[3.5688],[3.7208],[3.6584],[3.3481],[2.8442],[2.2312],[1.5831],[0.9844],[0.4922],[0.1026],[-0.2351],[-0.5675],[-0.9688],[-1.4481],[-2.0026],[-2.5584],[-3.0649],[-3.4416],[-3.6377],[-3.6701],[0.8026],[1.1948],[1.6312],[2.161],[2.7766],[3.4455],[4.0935],[4.6195],[4.8961],[4.8688],[4.5169],[3.8896],[3.0922],[2.2532],[1.4831],[0.8649],[0.4169],[0.0948],[-0.1623],[-0.4299],[-0.7636],[-1.1662],[-1.6299],[-2.0948],[-2.4935],[-2.7935],[-2.9701],[0.6494],[1.2234],[1.8195],[2.4688],[3.1766],[3.8831],[4.5416],[5.0597],[5.3312],[5.3065],[4.9844],[4.4039],[3.6753],[2.9026],[2.1961],[1.6],[1.1429],[0.7922],[0.5221],[0.2662],[-0.0195],[-0.3662],[-0.7792],[-1.2299],[-1.6974],[-2.1208],[-2.4844],[0.5377],[1.2571],[1.9519],[2.6234],[3.2506],[3.8221],[4.3026],[4.6481],[4.8169],[4.7792],[4.5364],[4.161],[3.6948],[3.2169],[2.7416],[2.2935],[1.8545],[1.4481],[1.0818],[0.7532],[0.4364],[0.126],[-0.2429],[-0.6766],[-1.1571],[-1.6455],[-2.0844],[0.2974],[1.013],[1.6792],[2.2675],[2.7662],[3.1857],[3.5052],[3.7234],[3.8052],[3.7571],[3.5857],[3.3766],[3.1584],[2.9273],[2.6727],[2.3325],[1.9221],[1.4766],[1.0883],[0.8078],[0.626],[0.4883],[0.2675],[-0.0584],[-0.4753],[-0.9039],[-1.2584],[-0.1481],[0.4195],[0.9571],[1.4429],[1.9052],[2.3039],[2.6364],[2.8792],[2.9727],[2.9195],[2.7727],[2.6052],[2.4701],[2.3416],[2.1545],[1.8364],[1.3948],[0.9506],[0.6481],[0.6052],[0.7662],[0.9532],[0.9935],[0.7883],[0.4208],[0.074],[-0.087],[-0.5299],[-0.2],[0.1961],[0.6299],[1.0831],[1.5377],[1.9351],[2.2143],[2.3286],[2.2766],[2.1481],[2.0364],[1.9896],[1.9584],[1.8312],[1.4948],[0.9766],[0.4597],[0.2],[0.3494],[0.8286],[1.3532],[1.5844],[1.4234],[1.0156],[0.6831],[0.6857],[-0.7195],[-0.5675],[-0.2909],[0.0714],[0.4714],[0.8519],[1.1455],[1.2922],[1.3143],[1.2506],[1.2221],[1.3377],[1.5818],[1.861],[1.9416],[1.6727],[1.0675],[0.3831],[-0.0377],[0.0753],[0.6545],[1.3714],[1.7494],[1.6195],[1.1429],[0.7649],[0.8416],[-0.9013],[-0.8312],[-0.6338],[-0.3714],[-0.126],[0.0558],[0.1247],[0.0649],[-0.0649],[-0.126],[0.0052],[0.4117],[1.0325],[1.6468],[2.0013],[1.8701],[1.274],[0.4584],[-0.161],[-0.1987],[0.361],[1.1831],[1.787],[1.8351],[1.4545],[1.0948],[1.174],[-1.1779],[-1.1312],[-1.026],[-0.8883],[-0.7675],[-0.6662],[-0.6506],[-0.7273],[-0.8597],[-0.9026],[-0.7026],[-0.2195],[0.4545],[1.0818],[1.4377],[1.3688],[0.8935],[0.1987],[-0.3494],[-0.387],[0.213],[1.2117],[2.0987],[2.4909],[2.3961],[2.1649],[2.1896],[-1.3909],[-1.4065],[-1.439],[-1.4299],[-1.2727],[-0.9532],[-0.6013],[-0.3987],[-0.3987],[-0.4623],[-0.4026],[-0.1753],[0.1416],[0.3299],[0.3091],[0.1039],[-0.2156],[-0.5312],[-0.6922],[-0.4519],[0.2961],[1.4169],[2.5026],[3.1649],[3.313],[3.2169],[3.2026],[-1.474],[-1.6091],[-1.7948],[-1.8221],[-1.4455],[-0.687],[0.1701],[0.7078],[0.7455],[0.4987],[0.287],[0.2286],[0.1532],[-0.1377],[-0.6494],[-1.1494],[-1.4247],[-1.3974],[-1.1416],[-0.6104],[0.2545],[1.3792],[2.4688],[3.1883],[3.4221],[3.3597],[3.2753],[-1.6558],[-1.8571],[-2.0377],[-1.9156],[-1.213],[-0.0299],[1.1182],[1.6506],[1.4416],[0.8571],[0.4636],[0.4182],[0.3909],[-0.0052],[-0.7792],[-1.5636],[-1.9766],[-1.9442],[-1.6182],[-1.0753],[-0.2455],[0.8558],[1.9818],[2.7571],[3.0286],[2.9104],[2.6364],[-2.0078],[-2.0416],[-1.9649],[-1.4961],[-0.5039],[0.7896],[1.7818],[1.9649],[1.3364],[0.5312],[0.226],[0.4974],[0.8338],[0.6195],[-0.1714],[-1.1182],[-1.7701],[-2.0403],[-2.0688],[-1.8649],[-1.1831],[0.0403],[1.4818],[2.6195],[3.0779],[2.913],[2.3221],[-2.0779],[-1.7182],[-1.1987],[-0.4442],[0.5416],[1.5169],[2.0208],[1.7805],[1.0156],[0.3701],[0.3805],[0.9195],[1.3662],[1.1623],[0.3494],[-0.6026],[-1.3455],[-1.9416],[-2.4883],[-2.7597],[-2.2338],[-0.7494],[1.226],[2.9065],[3.713],[3.5558],[2.6558],[-1.3455],[-0.5922],[0.1584],[0.8532],[1.4351],[1.7753],[1.7429],[1.3831],[0.9753],[0.8909],[1.2468],[1.6779],[1.6662],[1.0156],[0.0636],[-0.7325],[-1.3052],[-1.961],[-2.826],[-3.4039],[-2.9169],[-1.1675],[1.1961],[3.1792],[4.1468],[4.0182],[3.0026],[0.1338],[0.9052],[1.4468],[1.7182],[1.7234],[1.4974],[1.1948],[1.0403],[1.2558],[1.7922],[2.2948],[2.2714],[1.4805],[0.2065],[-0.9208],[-1.4922],[-1.7273],[-2.1766],[-2.9532],[-3.413],[-2.7104],[-0.7857],[1.5234],[3.2273],[3.9325],[3.774],[2.8805],[1.7494],[2.0571],[2.0571],[1.8494],[1.5273],[1.1792],[0.9649],[1.1247],[1.7377],[2.5],[2.8636],[2.3519],[0.9948],[-0.6325],[-1.7961],[-2.1935],[-2.1779],[-2.3221],[-2.6922],[-2.6299],[-1.5143],[0.4247],[2.2727],[3.2377],[3.3571],[3.0662],[2.4013],[2.9468],[2.5753],[2.0026],[1.5221],[1.2688],[1.2026],[1.2883],[1.5753],[2.0909],[2.6],[2.6519],[1.9312],[0.5584],[-0.9195],[-1.8974],[-2.213],[-2.1377],[-2.0545],[-1.9286],[-1.3494],[-0.026],[1.6338],[2.7727],[2.9662],[2.5714],[2.174],[1.6909],[3.387],[2.5208],[1.587],[0.974],[0.8545],[1.0727],[1.3442],[1.5234],[1.6597],[1.7364],[1.5948],[1.0468],[0.1571],[-0.7442],[-1.3727],[-1.6247],[-1.5779],[-1.3584],[-0.9727],[-0.3234],[0.6338],[1.5831],[2.0442],[1.8442],[1.3545],[0.9883],[0.5766],[2.9468],[1.9481],[0.8597],[0.0494],[-0.2195],[-0.0442],[0.1974],[0.2182],[0.074],[-0.0714],[-0.1727],[-0.3195],[-0.5299],[-0.7481],[-0.9468],[-1.074],[-1.0688],[-0.8766],[-0.5662],[-0.2883],[-0.0974],[0.0558],[0.1442],[0.0922],[-0.0805],[-0.3221],[-0.8039]]}]