html/data/WT_san09_ind_wt_7_5.json
[{"header":{"disciplineName":["Meteorological products"],"parameterCategory":[0],"parameterCategoryName":["Temperature"],"parameterNumberName":["Temperature"],"parameterNumber":[0],"parameterUnits":["K"],"refTime":["2017-03-17T0000:00.000Z"],"numberPoints":[621],"nx":[27],"ny":[23],"lo1":[-20],"la1":[70],"lo2":[45],"la2":[45],"dx":[2.5],"dy":[2.5]},"data":[[1.55],[1.6141],[1.6871],[1.7669],[1.856],[1.9544],[2.0798],[2.2383],[2.4298],[2.6734],[2.9565],[3.273],[3.6073],[3.9391],[4.2456],[4.5093],[4.7081],[4.8516],[4.9278],[4.9512],[4.9363],[4.9052],[4.8552],[4.8032],[4.7605],[4.7218],[4.6879],[1.8605],[1.9948],[2.1343],[2.2867],[2.4431],[2.6101],[2.7883],[2.9964],[3.2371],[3.5141],[3.8278],[4.1758],[4.5226],[4.8609],[5.1585],[5.4109],[5.6024],[5.7315],[5.802],[5.8371],[5.8496],[5.8573],[5.8653],[5.8823],[5.9069],[5.9407],[5.971],[2.544],[2.6976],[2.8629],[3.0339],[3.2194],[3.4202],[3.6423],[3.8903],[4.1597],[4.4609],[4.779],[5.1153],[5.4407],[5.7399],[6.004],[6.2198],[6.3919],[6.5218],[6.6242],[6.7202],[6.821],[6.9266],[7.0415],[7.1528],[7.2548],[7.3331],[7.3935],[3.4952],[3.5887],[3.6911],[3.8298],[4.0065],[4.2254],[4.4911],[4.7903],[5.1222],[5.4685],[5.8198],[6.1569],[6.4641],[6.7387],[6.9613],[7.1427],[7.277],[7.4],[7.5222],[7.673],[7.856],[8.0625],[8.2734],[8.471],[8.6242],[8.7286],[8.781],[4.3827],[4.4077],[4.4556],[4.5452],[4.7004],[4.9351],[5.2391],[5.5883],[5.9702],[6.3496],[6.7137],[7.0452],[7.3399],[7.575],[7.7508],[7.8702],[7.95],[8.0165],[8.1165],[8.2641],[8.4827],[8.7508],[9.0468],[9.3125],[9.531],[9.6827],[9.7742],[5.2069],[5.252],[5.2996],[5.3835],[5.5258],[5.7387],[6.0145],[6.3371],[6.6657],[6.9819],[7.2754],[7.5323],[7.7512],[7.9262],[8.0556],[8.1177],[8.1532],[8.1899],[8.2677],[8.4355],[8.6919],[9.0254],[9.3863],[9.731],[10.0137],[10.2262],[10.3903],[6.2407],[6.3476],[6.4306],[6.5105],[6.6169],[6.7641],[6.9444],[7.1456],[7.3306],[7.5012],[7.656],[7.8024],[7.946],[8.069],[8.1617],[8.244],[8.3258],[8.4335],[8.6101],[8.8782],[9.2399],[9.6641],[10.096],[10.4827],[10.7831],[10.9972],[11.1665],[7.5391],[7.6431],[7.6976],[7.7427],[7.7948],[7.869],[7.946],[8.025],[8.1125],[8.2077],[8.3302],[8.4633],[8.5887],[8.706],[8.8137],[8.9286],[9.0907],[9.3327],[9.6516],[10.0435],[10.4907],[10.9629],[11.4266],[11.8222],[12.1202],[12.3089],[12.4573],[8.8302],[8.821],[8.8254],[8.8581],[8.9101],[8.9681],[9.0258],[9.0879],[9.202],[9.404],[9.6629],[9.9379],[10.1528],[10.2556],[10.2851],[10.3113],[10.4157],[10.6411],[10.946],[11.2843],[11.6351],[12.0181],[12.4399],[12.8762],[13.2657],[13.5835],[13.8746],[9.8891],[9.8133],[9.8613],[10.0153],[10.2097],[10.3669],[10.4754],[10.5952],[10.8077],[11.1681],[11.6274],[12.0738],[12.3395],[12.3573],[12.1617],[11.9177],[11.7766],[11.7855],[11.8726],[11.9544],[12.031],[12.2129],[12.5972],[13.1698],[13.7935],[14.3593],[14.8923],[10.7827],[10.8016],[11.0508],[11.4524],[11.8762],[12.2105],[12.4415],[12.6528],[12.9319],[13.3387],[13.8343],[14.2819],[14.4992],[14.3516],[13.9169],[13.3964],[13.0315],[12.8867],[12.8323],[12.7383],[12.6242],[12.7294],[13.2226],[14.0536],[14.9266],[15.5706],[16.0081],[11.629],[11.8242],[12.281],[12.8996],[13.5331],[14.1036],[14.5831],[14.9895],[15.3355],[15.6448],[15.9379],[16.1726],[16.2254],[15.9633],[15.4266],[14.8355],[14.4935],[14.4871],[14.65],[14.7468],[14.8081],[15.123],[15.9657],[17.1907],[18.2778],[18.7411],[18.5839],[12.4262],[12.7258],[13.2383],[13.9238],[14.7403],[15.6492],[16.5831],[17.3859],[17.8879],[18.0427],[17.9734],[17.848],[17.6907],[17.3633],[16.8298],[16.2819],[16.0798],[16.3815],[16.9835],[17.5343],[17.9972],[18.7097],[20.0198],[21.7613],[23.2214],[23.6964],[23.1169],[13.2085],[13.5335],[14.0379],[14.802],[15.8875],[17.2758],[18.7907],[20.0742],[20.7508],[20.7202],[20.2387],[19.7],[19.2758],[18.8258],[18.1806],[17.5109],[17.2306],[17.6101],[18.446],[19.296],[20.0077],[20.9661],[22.6157],[24.8569],[26.9391],[28.0669],[28.0609],[14.1476],[14.6089],[15.2879],[16.3556],[17.8815],[19.7734],[21.7101],[23.2137],[23.8633],[23.5754],[22.7242],[21.8218],[21.1028],[20.3919],[19.4641],[18.4488],[17.823],[17.9286],[18.5935],[19.3315],[19.9782],[20.9145],[22.6637],[25.1883],[27.7956],[29.7887],[31.0339],[15.4819],[16.2625],[17.3512],[18.9],[20.8714],[23.0169],[24.9343],[26.2012],[26.5379],[25.9863],[24.9516],[23.8621],[22.8915],[21.8972],[20.6875],[19.4218],[18.5185],[18.2931],[18.5875],[18.9996],[19.4641],[20.3875],[22.2101],[24.7722],[27.3766],[29.4944],[31.2923],[17.3516],[18.5153],[19.9621],[21.7923],[23.8645],[25.8274],[27.3028],[28.052],[28.0456],[27.4569],[26.5419],[25.5085],[24.4028],[23.1815],[21.873],[20.6673],[19.8536],[19.5278],[19.5266],[19.6766],[20.1173],[21.2875],[23.4202],[26.0339],[28.223],[29.523],[30.4351],[19.6823],[21.0577],[22.5327],[24.1589],[25.8198],[27.2468],[28.1887],[28.5569],[28.4855],[28.1694],[27.654],[26.8359],[25.6552],[24.2581],[22.9665],[22.0274],[21.4871],[21.2101],[21.052],[21.0806],[21.6302],[23.1278],[25.621],[28.4109],[30.3907],[30.9194],[30.5121],[21.977],[23.3319],[24.5177],[25.5774],[26.5649],[27.425],[28.0468],[28.375],[28.527],[28.6097],[28.5141],[27.9355],[26.7516],[25.2746],[24.0234],[23.2661],[22.8863],[22.6125],[22.3871],[22.3952],[22.977],[24.402],[26.7157],[29.4403],[31.6282],[32.429],[31.8218],[23.3766],[24.5456],[25.3927],[25.9363],[26.3895],[26.9117],[27.4665],[27.9226],[28.2714],[28.5919],[28.7419],[28.4012],[27.4359],[26.1734],[25.1351],[24.5052],[24.1363],[23.8379],[23.6637],[23.7879],[24.2367],[25.031],[26.3448],[28.3323],[30.6556],[32.4395],[32.9202],[23.2266],[24.1431],[24.7633],[25.0891],[25.3621],[25.8036],[26.3633],[26.825],[27.1423],[27.4181],[27.6528],[27.6415],[27.2395],[26.6351],[26.1097],[25.75],[25.4407],[25.2024],[25.2206],[25.5097],[25.7577],[25.7391],[25.8121],[26.6927],[28.6375],[30.9565],[32.452],[21.744],[22.344],[22.8141],[23.15],[23.5004],[23.9802],[24.4698],[24.7835],[24.9113],[25.0423],[25.3214],[25.6806],[25.9923],[26.2214],[26.3476],[26.3198],[26.1536],[26.0621],[26.2282],[26.4887],[26.4347],[25.9411],[25.4786],[25.806],[27.2004],[29.0843],[30.4109],[19.8294],[20.1008],[20.3988],[20.7746],[21.2395],[21.7379],[22.1282],[22.3121],[22.3375],[22.4113],[22.7052],[23.2613],[24.0206],[24.7794],[25.2726],[25.3798],[25.2843],[25.2996],[25.4355],[25.348],[24.8331],[24.2379],[24.2206],[25.0448],[26.3258],[27.3565],[27.6464]]},{"header":{"disciplineName":["Meteorological products"],"parameterCategory":[2],"parameterCategoryName":["u-component of wind"],"parameterNumberName":["u-component of wind"],"parameterNumber":[2],"parameterUnits":["m s-1"],"refTime":["2017-03-17T0000:00.000Z"],"numberPoints":[621],"nx":[27],"ny":[23],"lo1":[-20],"la1":[70],"lo2":[45],"la2":[45],"dx":[2.5],"dy":[2.5]},"data":[[1.1117],[1.4234],[1.6847],[1.902],[2.0843],[2.2581],[2.4556],[2.6875],[2.9528],[3.2419],[3.5246],[3.7573],[3.919],[4.0081],[4.0222],[4.0008],[3.9641],[3.9629],[4.0044],[4.1012],[4.2415],[4.3859],[4.5153],[4.5935],[4.6137],[4.5702],[4.481],[1.1778],[1.7468],[2.2302],[2.6089],[2.8968],[3.1173],[3.3173],[3.5222],[3.7472],[3.9746],[4.1633],[4.2774],[4.2879],[4.1956],[4.0254],[3.8165],[3.6476],[3.5508],[3.5581],[3.6677],[3.8411],[4.0371],[4.1964],[4.2851],[4.2843],[4.2016],[4.0661],[1.5863],[2.2258],[2.7839],[3.229],[3.5496],[3.7835],[3.9637],[4.1286],[4.2782],[4.3996],[4.4573],[4.4145],[4.254],[3.9831],[3.6528],[3.3202],[3.0556],[2.9089],[2.9008],[3.0101],[3.1919],[3.3944],[3.5609],[3.6605],[3.6927],[3.6698],[3.621],[2.8137],[3.2036],[3.5577],[3.8504],[4.0661],[4.2141],[4.3125],[4.373],[4.3972],[4.3718],[4.2677],[4.079],[3.7988],[3.4633],[3.1238],[2.8363],[2.646],[2.581],[2.6177],[2.7157],[2.8464],[2.9581],[3.0323],[3.0782],[3.1109],[3.1552],[3.2254],[4.804],[4.7492],[4.7242],[4.7343],[4.7504],[4.7496],[4.7137],[4.6387],[4.5024],[4.3185],[4.0794],[3.7915],[3.4762],[3.1887],[2.9593],[2.823],[2.7895],[2.8302],[2.9077],[2.9516],[2.9423],[2.8698],[2.7706],[2.6855],[2.6516],[2.698],[2.8028],[6.8274],[6.4315],[6.1129],[5.8919],[5.7262],[5.5798],[5.4052],[5.1899],[4.9363],[4.6669],[4.3927],[4.1242],[3.8706],[3.6464],[3.4746],[3.3774],[3.3395],[3.325],[3.2895],[3.1867],[3.0036],[2.7758],[2.5556],[2.406],[2.3532],[2.4048],[2.5165],[8.1944],[7.6935],[7.2802],[6.9556],[6.6899],[6.4161],[6.119],[5.7992],[5.5008],[5.2762],[5.1339],[5.029],[4.9117],[4.7286],[4.4798],[4.1883],[3.8956],[3.6157],[3.3298],[3.0452],[2.7427],[2.4774],[2.3012],[2.2456],[2.3149],[2.4657],[2.6476],[8.7637],[8.2593],[7.8133],[7.4427],[7.1097],[6.7633],[6.398],[6.0391],[5.7657],[5.652],[5.6863],[5.7903],[5.8278],[5.6823],[5.3238],[4.8161],[4.2552],[3.7355],[3.2831],[2.8835],[2.5528],[2.3258],[2.2375],[2.3161],[2.5387],[2.821],[3.0984],[8.6972],[8.0935],[7.5367],[7.0762],[6.7185],[6.4181],[6.1379],[5.8629],[5.6496],[5.552],[5.5952],[5.7165],[5.7726],[5.6411],[5.296],[4.8129],[4.2972],[3.8427],[3.4597],[3.119],[2.7976],[2.5423],[2.4335],[2.5198],[2.7774],[3.1133],[3.4435],[8.0298],[7.2758],[6.5532],[5.979],[5.644],[5.5407],[5.5548],[5.5685],[5.4782],[5.306],[5.1153],[4.9552],[4.8],[4.6137],[4.3669],[4.1012],[3.8685],[3.7],[3.5367],[3.3117],[3.0069],[2.6762],[2.4605],[2.4524],[2.6536],[3],[3.3597],[6.7492],[5.9871],[5.1871],[4.5488],[4.2806],[4.4552],[4.9327],[5.4335],[5.6669],[5.5343],[5.1254],[4.6222],[4.1657],[3.8081],[3.5468],[3.356],[3.2181],[3.1065],[2.9681],[2.7532],[2.4589],[2.1431],[1.9129],[1.8601],[2.0121],[2.3411],[2.7609],[4.9681],[4.4371],[3.8141],[3.2907],[3.1657],[3.6282],[4.5698],[5.6024],[6.323],[6.5024],[6.1952],[5.6286],[5.0302],[4.4899],[4.0065],[3.5165],[3.0069],[2.4919],[2.0359],[1.6758],[1.4302],[1.2806],[1.1851],[1.1262],[1.15],[1.3089],[1.6492],[2.977],[2.8988],[2.7871],[2.7169],[2.9347],[3.65],[4.8069],[6.0786],[7.069],[7.554],[7.5589],[7.2544],[6.7931],[6.2004],[5.4649],[4.5738],[3.5685],[2.5766],[1.7653],[1.2677],[1.1177],[1.1794],[1.2468],[1.1448],[0.8819],[0.6065],[0.5181],[1.2907],[1.8339],[2.521],[3.2101],[3.904],[4.7048],[5.6],[6.4202],[7.0004],[7.3024],[7.4185],[7.4238],[7.254],[6.8395],[6.1452],[5.271],[4.3044],[3.3778],[2.6165],[2.1597],[2.0815],[2.2681],[2.4645],[2.4028],[1.9698],[1.2702],[0.5319],[0.6202],[1.8133],[3.2331],[4.5157],[5.4202],[5.9157],[6.0036],[5.7327],[5.2544],[4.8609],[4.7738],[4.9504],[5.1242],[5.0669],[4.7952],[4.4827],[4.2452],[4.0298],[3.7548],[3.481],[3.3778],[3.5637],[3.9411],[4.2516],[4.1718],[3.5246],[2.3552],[1.2605],[2.7871],[4.3431],[5.4649],[5.8911],[5.6024],[4.6875],[3.3532],[1.9605],[0.998],[0.7552],[1.0911],[1.5677],[1.873],[2.0726],[2.4395],[3.0347],[3.6093],[3.8569],[3.7637],[3.6323],[3.8222],[4.4613],[5.3339],[5.9778],[5.8738],[4.7597],[2.4097],[3.6254],[4.471],[4.6145],[4.0117],[2.8504],[1.3879],[-0.1569],[-1.5173],[-2.3218],[-2.3802],[-1.8887],[-1.2843],[-0.8629],[-0.4734],[0.1661],[1.0903],[1.9714],[2.4923],[2.6685],[2.8085],[3.2254],[4.0141],[5.0363],[5.9403],[6.2258],[5.5036],[2.4343],[2.8032],[2.5641],[1.6169],[0.1843],[-1.2883],[-2.4524],[-3.2198],[-3.6524],[-3.7851],[-3.5927],[-3.1843],[-2.7915],[-2.4883],[-2.1347],[-1.5351],[-0.7278],[0.0601],[0.7435],[1.4516],[2.3238],[3.2306],[3.8754],[4.1746],[4.2569],[4.1988],[3.8452],[0.2794],[-0.1484],[-1.0286],[-2.2996],[-3.6653],[-4.6589],[-4.9617],[-4.6472],[-4.1185],[-3.7657],[-3.6754],[-3.7008],[-3.6677],[-3.4238],[-2.9089],[-2.1605],[-1.3617],[-0.6165],[0.2512],[1.5468],[3.1911],[4.5149],[4.7528],[3.8093],[2.4282],[1.5234],[1.3532],[-3.644],[-4.281],[-4.9694],[-5.6044],[-6.0831],[-6.1831],[-5.7274],[-4.8508],[-3.996],[-3.6343],[-3.8234],[-4.1798],[-4.2153],[-3.6851],[-2.6569],[-1.4246],[-0.3194],[0.5375],[1.4302],[2.7484],[4.4198],[5.6278],[5.4214],[3.6637],[1.348],[-0.1673],[-0.3012],[-7.8827],[-8.1827],[-8.2125],[-7.8831],[-7.3565],[-6.7698],[-6.1044],[-5.3423],[-4.6883],[-4.4262],[-4.5315],[-4.6032],[-4.1919],[-3.1766],[-1.7294],[-0.1738],[1.146],[2.0315],[2.5782],[3.1383],[3.8629],[4.3835],[3.9923],[2.4556],[0.4351],[-0.9887],[-1.2391],[-10.821],[-10.7617],[-10.3698],[-9.5315],[-8.5395],[-7.7976],[-7.3673],[-7.0335],[-6.6782],[-6.3173],[-5.9234],[-5.2867],[-4.2823],[-3.0367],[-1.7347],[-0.4565],[0.6815],[1.4181],[1.5177],[1.1589],[0.7685],[0.5996],[0.448],[-0.0359],[-0.8823],[-1.729],[-2.1758],[-11.2835],[-11.2544],[-11.0226],[-10.381],[-9.596],[-9.123],[-9.0782],[-9.1637],[-9.0625],[-8.669],[-7.95],[-6.9073],[-5.7177],[-4.6786],[-3.8964],[-3.1661],[-2.354],[-1.7266],[-1.7048],[-2.2948],[-2.9794],[-3.1851],[-2.802],[-2.1964],[-1.8617],[-2.0206],[-2.4617]]},{"header":{"disciplineName":["Meteorological products"],"parameterCategory":[2],"parameterCategoryName":["v-component of wind"],"parameterNumberName":["v-component of wind"],"parameterNumber":[3],"parameterUnits":["m s-1"],"refTime":["2017-03-17T0000:00.000Z"],"numberPoints":[621],"nx":[27],"ny":[23],"lo1":[-20],"la1":[70],"lo2":[45],"la2":[45],"dx":[2.5],"dy":[2.5]},"data":[[-0.5867],[-0.3782],[-0.0665],[0.3435],[0.844],[1.406],[1.9907],[2.5371],[2.9883],[3.304],[3.4508],[3.4371],[3.2722],[3.0077],[2.6903],[2.3468],[2.0274],[1.7298],[1.4573],[1.2032],[0.9532],[0.7093],[0.4762],[0.2726],[0.1165],[0.0181],[-0.0206],[0.7266],[0.8851],[1.056],[1.273],[1.5649],[1.9327],[2.3484],[2.7637],[3.098],[3.3056],[3.3488],[3.2202],[2.9734],[2.6536],[2.3238],[2.0347],[1.7968],[1.6153],[1.4573],[1.2903],[1.0847],[0.8335],[0.5589],[0.275],[0.0246],[-0.1593],[-0.2669],[2.1484],[2.2234],[2.2238],[2.2141],[2.2577],[2.3907],[2.596],[2.8133],[2.975],[3.0105],[2.8903],[2.6266],[2.2843],[1.9234],[1.6149],[1.4073],[1.2956],[1.2677],[1.2581],[1.2294],[1.1302],[0.9597],[0.727],[0.4589],[0.1843],[-0.0569],[-0.2484],[2.9343],[2.9605],[2.8798],[2.7782],[2.7157],[2.7306],[2.7879],[2.8298],[2.798],[2.6383],[2.3512],[1.9734],[1.5867],[1.2673],[1.0528],[0.9573],[0.9698],[1.031],[1.1089],[1.1593],[1.1609],[1.1101],[0.9992],[0.8327],[0.6206],[0.3698],[0.0919],[2.806],[2.8565],[2.8524],[2.8423],[2.8573],[2.8827],[2.8758],[2.7758],[2.5448],[2.1867],[1.7593],[1.346],[1.0359],[0.8681],[0.8343],[0.8927],[0.9734],[1.0327],[1.0657],[1.0754],[1.0815],[1.1028],[1.1089],[1.0601],[0.9258],[0.6827],[0.3464],[2.1331],[2.2173],[2.3286],[2.4702],[2.6073],[2.6806],[2.6331],[2.4048],[2.0133],[1.5198],[1.0298],[0.6669],[0.4992],[0.5206],[0.6754],[0.8407],[0.9395],[0.9419],[0.8669],[0.8012],[0.8008],[0.8722],[0.9657],[1.0214],[0.9423],[0.7234],[0.3835],[1.3605],[1.4173],[1.5637],[1.7536],[1.9254],[2.0101],[1.9492],[1.706],[1.3153],[0.856],[0.4391],[0.1625],[0.0657],[0.1298],[0.2726],[0.402],[0.4387],[0.3891],[0.3121],[0.2984],[0.398],[0.5976],[0.823],[0.9673],[0.9589],[0.8048],[0.552],[0.5802],[0.5762],[0.6802],[0.8508],[1.0169],[1.1323],[1.1415],[1.046],[0.8685],[0.6407],[0.4105],[0.1899],[-0.0012],[-0.1593],[-0.2931],[-0.4],[-0.4948],[-0.5419],[-0.4968],[-0.3129],[0.0065],[0.4222],[0.8145],[1.0851],[1.1794],[1.1351],[1.0238],[-0.3161],[-0.3339],[-0.2145],[0.0246],[0.2927],[0.5278],[0.6871],[0.7774],[0.8246],[0.8202],[0.7298],[0.5069],[0.1359],[-0.325],[-0.7863],[-1.1419],[-1.3347],[-1.348],[-1.1714],[-0.821],[-0.3347],[0.2282],[0.7702],[1.194],[1.4419],[1.5286],[1.506],[-1.3097],[-1.3036],[-1.0488],[-0.5895],[-0.0411],[0.4246],[0.7077],[0.8097],[0.7968],[0.7194],[0.5762],[0.3097],[-0.1169],[-0.6464],[-1.1601],[-1.5177],[-1.6714],[-1.6157],[-1.4073],[-1.0823],[-0.6371],[-0.0665],[0.581],[1.204],[1.6827],[1.9294],[1.9315],[-2.2468],[-2.2597],[-1.8786],[-1.1056],[-0.1488],[0.671],[1.077],[1.0117],[0.6052],[0.102],[-0.3419],[-0.6952],[-1.0113],[-1.327],[-1.6016],[-1.7548],[-1.7456],[-1.6093],[-1.4218],[-1.1879],[-0.869],[-0.3552],[0.3875],[1.2629],[2.0734],[2.5835],[2.6758],[-2.9827],[-3.1004],[-2.6706],[-1.6077],[-0.1573],[1.1665],[1.8323],[1.6371],[0.7637],[-0.3335],[-1.2395],[-1.7867],[-2.0577],[-2.2242],[-2.3698],[-2.4516],[-2.3867],[-2.15],[-1.8254],[-1.4802],[-1.1065],[-0.5706],[0.2383],[1.3125],[2.4391],[3.3306],[3.7524],[-3.4266],[-3.5762],[-3.0952],[-1.7746],[0.1617],[2.0367],[3.0976],[2.9286],[1.7218],[0.1093],[-1.2734],[-2.1504],[-2.6488],[-3.0681],[-3.544],[-3.9528],[-4.044],[-3.669],[-2.956],[-2.1488],[-1.4468],[-0.8008],[-0.0488],[0.9448],[2.1202],[3.2935],[4.1956],[-3.402],[-3.352],[-2.6831],[-1.1431],[1.0766],[3.2665],[4.5383],[4.3532],[2.9129],[0.9637],[-0.7391],[-1.9149],[-2.7843],[-3.7153],[-4.8052],[-5.7415],[-6.0593],[-5.5258],[-4.3294],[-2.9532],[-1.8052],[-0.9988],[-0.3931],[0.2391],[1.0347],[2.0387],[3.1492],[-2.7383],[-2.2569],[-1.3286],[0.2508],[2.3294],[4.2794],[5.2419],[4.7625],[3.129],[1.123],[-0.5536],[-1.7589],[-2.8282],[-4.1181],[-5.596],[-6.8073],[-7.2129],[-6.5935],[-5.1883],[-3.5319],[-2.0589],[-0.9411],[-0.2165],[0.1456],[0.2589],[0.4387],[1.0423],[-1.4395],[-0.573],[0.4359],[1.6992],[3.1423],[4.2931],[4.5379],[3.6379],[1.9952],[0.325],[-0.9262],[-1.8819],[-2.9262],[-4.2847],[-5.7323],[-6.8024],[-7.0992],[-6.5782],[-5.444],[-3.9742],[-2.3194],[-0.6077],[0.7887],[1.3395],[0.7899],[-0.3258],[-0.9653],[0.1153],[1.056],[1.7774],[2.3649],[2.8774],[3.1056],[2.7121],[1.6875],[0.4605],[-0.4915],[-1.1391],[-1.8573],[-2.9645],[-4.3665],[-5.6218],[-6.3573],[-6.5169],[-6.2383],[-5.621],[-4.5331],[-2.7214],[-0.2677],[2.0726],[3.0952],[2.0657],[-0.3621],[-2.4371],[1.2794],[1.946],[2.1016],[1.9302],[1.6827],[1.354],[0.8206],[0.1629],[-0.3044],[-0.4681],[-0.6782],[-1.4363],[-2.8492],[-4.4194],[-5.5552],[-6.0661],[-6.1786],[-6.1254],[-5.8],[-4.8032],[-2.7762],[0.0875],[2.8113],[3.9395],[2.5641],[-0.6649],[-3.6552],[1.5427],[1.7609],[1.4052],[0.8012],[0.3097],[0.0056],[-0.206],[-0.2956],[-0.1145],[0.1847],[0.069],[-0.9016],[-2.5315],[-4.1093],[-5.0956],[-5.5157],[-5.719],[-5.7536],[-5.2677],[-3.9097],[-1.7125],[0.8036],[2.7778],[3.2347],[1.6351],[-1.4871],[-4.4411],[0.9214],[0.7863],[0.2681],[-0.2589],[-0.4782],[-0.4097],[-0.2323],[0.0012],[0.348],[0.6048],[0.346],[-0.6468],[-2.004],[-3.0915],[-3.6758],[-4.0585],[-4.4673],[-4.548],[-3.7048],[-1.8722],[0.246],[1.7121],[2.0831],[1.4254],[-0.0677],[-2.1415],[-4.1843],[0.0343],[-0.2016],[-0.5681],[-0.7395],[-0.5387],[-0.1488],[0.1685],[0.3286],[0.3952],[0.3165],[-0.0964],[-0.8125],[-1.4786],[-1.7661],[-1.8633],[-2.2181],[-2.8706],[-3.1077],[-2.1589],[-0.2073],[1.5],[1.7673],[0.6073],[-0.9427],[-1.956],[-2.5089],[-3.2161],[-0.4161],[-0.544],[-0.7206],[-0.6867],[-0.352],[0.0552],[0.2597],[0.1871],[-0.0625],[-0.4262],[-0.8976],[-1.3117],[-1.4133],[-1.2044],[-1.0734],[-1.4746],[-2.2956],[-2.7242],[-2.0198],[-0.4427],[0.7101],[0.254],[-1.6242],[-3.4698],[-4.0113],[-3.4222],[-2.9661],[-0.3157],[-0.3234],[-0.5185],[-0.6323],[-0.5262],[-0.3472],[-0.2835],[-0.4226],[-0.7181],[-1.1347],[-1.6008],[-1.9359],[-1.994],[-1.8778],[-1.9411],[-2.4625],[-3.2681],[-3.7609],[-3.3923],[-2.3093],[-1.4669],[-1.854],[-3.4835],[-5.2153],[-5.7746],[-5.0367],[-4.0472]]}]