html/data/WT_san09_ind_wt_10_2.json
[{"header":{"disciplineName":["Meteorological products"],"parameterCategory":[0],"parameterCategoryName":["Temperature"],"parameterNumberName":["Temperature"],"parameterNumber":[0],"parameterUnits":["K"],"refTime":["2017-03-17T0000:00.000Z"],"numberPoints":[621],"nx":[27],"ny":[23],"lo1":[-20],"la1":[70],"lo2":[45],"la2":[45],"dx":[2.5],"dy":[2.5]},"data":[[-8.6114],[-7.7557],[-7.01],[-6.39],[-5.88],[-5.4543],[-5.1],[-4.7857],[-4.5214],[-4.2786],[-4.0614],[-3.8914],[-3.7657],[-3.7043],[-3.7],[-3.7629],[-3.8743],[-4.0186],[-4.18],[-4.3386],[-4.4843],[-4.6086],[-4.7243],[-4.8443],[-4.9843],[-5.1757],[-5.4371],[-6.0186],[-5.5186],[-5.1114],[-4.7657],[-4.4629],[-4.1571],[-3.8414],[-3.5086],[-3.1843],[-2.8686],[-2.5943],[-2.3843],[-2.2714],[-2.2414],[-2.3286],[-2.4929],[-2.74],[-3.0186],[-3.3186],[-3.5829],[-3.8014],[-3.9643],[-4.0643],[-4.1357],[-4.1914],[-4.2957],[-4.4671],[-3.5129],[-3.35],[-3.22],[-3.0457],[-2.82],[-2.5214],[-2.1771],[-1.8043],[-1.4414],[-1.1286],[-0.8957],[-0.7571],[-0.7214],[-0.7971],[-0.9657],[-1.1971],[-1.4957],[-1.8329],[-2.18],[-2.5143],[-2.7886],[-2.9986],[-3.1429],[-3.2357],[-3.3086],[-3.3943],[-3.5386],[-1.6114],[-1.5729],[-1.4829],[-1.2943],[-1.03],[-0.6786],[-0.3],[0.0543],[0.3557],[0.5643],[0.6643],[0.6686],[0.5929],[0.4643],[0.3043],[0.1229],[-0.0957],[-0.3571],[-0.68],[-1.0429],[-1.4043],[-1.7629],[-2.0571],[-2.2971],[-2.4829],[-2.6457],[-2.8243],[-0.3029],[-0.1457],[0.0786],[0.34],[0.6457],[0.9614],[1.2671],[1.5386],[1.74],[1.8429],[1.8671],[1.8114],[1.7271],[1.6457],[1.5771],[1.5071],[1.3771],[1.1486],[0.8086],[0.3457],[-0.1986],[-0.7571],[-1.27],[-1.6857],[-1.9829],[-2.1986],[-2.3571],[0.9171],[1.26],[1.5686],[1.8],[1.9829],[2.1429],[2.3086],[2.4914],[2.6614],[2.8114],[2.9114],[2.95],[2.9814],[2.9771],[2.9671],[2.9043],[2.7357],[2.41],[1.9071],[1.2557],[0.5343],[-0.1971],[-0.8157],[-1.2914],[-1.6057],[-1.7886],[-1.8914],[2.3429],[2.7471],[2.9943],[3.0843],[3.0671],[3.0386],[3.09],[3.2571],[3.52],[3.8029],[4.0486],[4.2157],[4.3129],[4.3571],[4.2929],[4.1371],[3.8157],[3.3229],[2.6729],[1.9229],[1.1557],[0.4686],[-0.0957],[-0.51],[-0.78],[-0.97],[-1.0857],[3.81],[4.14],[4.2814],[4.24],[4.1071],[4.0229],[4.0657],[4.2743],[4.5914],[4.9214],[5.1829],[5.3529],[5.4143],[5.39],[5.26],[5.0186],[4.6157],[4.0886],[3.46],[2.8029],[2.21],[1.6914],[1.2743],[0.9471],[0.6429],[0.3671],[0.0971],[5.1314],[5.3229],[5.4043],[5.3857],[5.31],[5.2871],[5.3743],[5.5757],[5.8271],[6.04],[6.1686],[6.2129],[6.1871],[6.1043],[5.9586],[5.7229],[5.3643],[4.9071],[4.4071],[3.9243],[3.5086],[3.1686],[2.88],[2.5829],[2.2314],[1.85],[1.4657],[6.3471],[6.4343],[6.5314],[6.6086],[6.6543],[6.6843],[6.7714],[6.9029],[7.05],[7.1457],[7.1771],[7.1571],[7.0943],[7.0086],[6.8714],[6.62],[6.2457],[5.79],[5.3243],[4.92],[4.62],[4.4357],[4.2929],[4.1214],[3.8471],[3.4743],[3.09],[7.6029],[7.6],[7.7214],[7.8529],[7.9143],[7.9386],[7.9629],[8.0657],[8.2043],[8.3586],[8.4686],[8.5271],[8.5229],[8.4357],[8.1971],[7.8114],[7.3],[6.7586],[6.28],[5.9443],[5.7986],[5.8543],[6.0443],[6.2214],[6.2171],[5.9657],[5.5386],[8.8143],[8.7743],[8.8671],[8.9586],[8.9571],[8.89],[8.9029],[9.0657],[9.3471],[9.6771],[9.9686],[10.1529],[10.2071],[10.0443],[9.66],[9.0814],[8.46],[7.9529],[7.6471],[7.5743],[7.7529],[8.2029],[8.8514],[9.5186],[9.8971],[9.7829],[9.1786],[9.9071],[9.87],[9.9014],[9.9043],[9.8214],[9.7643],[9.8386],[10.13],[10.54],[10.9586],[11.2929],[11.5214],[11.5871],[11.41],[10.9457],[10.2957],[9.7314],[9.4471],[9.51],[9.8243],[10.35],[11.1057],[12.0986],[13.1386],[13.8643],[13.9857],[13.4514],[10.8914],[10.82],[10.7914],[10.7843],[10.8129],[10.9257],[11.1943],[11.5743],[11.9529],[12.24],[12.4343],[12.6086],[12.7071],[12.6029],[12.18],[11.5771],[11.0986],[11.0014],[11.2829],[11.7771],[12.3757],[13.1529],[14.2014],[15.3871],[16.3943],[16.9586],[17.04],[11.7257],[11.61],[11.5929],[11.7929],[12.1729],[12.6786],[13.1957],[13.5986],[13.79],[13.8129],[13.8],[13.89],[14.04],[14.0314],[13.6771],[13.0486],[12.4957],[12.2914],[12.44],[12.75],[13.15],[13.8043],[14.86],[16.16],[17.3657],[18.3114],[19.1971],[12.2857],[12.1843],[12.3729],[12.9829],[13.9],[14.8486],[15.5743],[15.9357],[15.9614],[15.8229],[15.7029],[15.7343],[15.8486],[15.78],[15.3429],[14.5943],[13.8614],[13.4243],[13.28],[13.3],[13.5671],[14.3429],[15.7386],[17.36],[18.62],[19.4171],[20.3186],[12.7143],[12.8429],[13.3914],[14.43],[15.7257],[16.9086],[17.6729],[18],[18.0486],[18.02],[18.0043],[17.99],[17.8771],[17.5357],[16.8643],[16.0143],[15.2114],[14.7071],[14.49],[14.49],[14.8986],[16.0986],[18.1186],[20.2586],[21.4943],[21.5629],[21.3386],[13.6414],[14.2071],[15.0857],[16.2443],[17.4829],[18.5014],[19.1614],[19.5214],[19.7829],[20.0857],[20.29],[20.22],[19.7529],[18.9871],[18.0871],[17.2029],[16.5186],[16.1829],[16.1629],[16.4171],[17.0886],[18.5857],[20.9943],[23.4929],[24.7743],[24.2314],[22.6943],[15.5929],[16.5657],[17.5486],[18.4329],[19.2114],[19.8714],[20.3771],[20.8257],[21.3429],[21.9257],[22.29],[22.0643],[21.22],[20.0957],[19.0543],[18.2443],[17.6886],[17.4957],[17.7386],[18.33],[19.1814],[20.5086],[22.5643],[24.8971],[26.2986],[25.8843],[24.0671],[18.1471],[19.2871],[20.1114],[20.5843],[20.9157],[21.3314],[21.8314],[22.3486],[22.9086],[23.4786],[23.7286],[23.2829],[22.1557],[20.8871],[19.9329],[19.3086],[18.8371],[18.6443],[19.0329],[19.9343],[20.9043],[21.7843],[22.8943],[24.4071],[25.7343],[25.96],[24.9271],[20.1443],[21.1786],[21.8143],[22.0629],[22.2614],[22.7157],[23.3014],[23.7843],[24.1214],[24.3943],[24.3829],[23.75],[22.5757],[21.4571],[20.8643],[20.6171],[20.3071],[20.0714],[20.4586],[21.5771],[22.7329],[23.3043],[23.5071],[23.9829],[24.8229],[25.3529],[25.0686],[20.7929],[21.5943],[22.1557],[22.4557],[22.7843],[23.3471],[23.9457],[24.2757],[24.3371],[24.3443],[24.2171],[23.6743],[22.7514],[22.0257],[21.9257],[22.1429],[22.1114],[21.8743],[22.13],[23.1586],[24.3514],[24.8929],[24.78],[24.6514],[24.8729],[25.0457],[24.6671],[20.3114],[20.8986],[21.4286],[21.8429],[22.2557],[22.77],[23.2143],[23.4],[23.3957],[23.4314],[23.4929],[23.3329],[22.9043],[22.63],[22.8357],[23.2871],[23.4529],[23.2857],[23.2986],[23.84],[24.6386],[25.1486],[25.2771],[25.3014],[25.35],[25.03],[24.0671]]},{"header":{"disciplineName":["Meteorological products"],"parameterCategory":[2],"parameterCategoryName":["u-component of wind"],"parameterNumberName":["u-component of wind"],"parameterNumber":[2],"parameterUnits":["m s-1"],"refTime":["2017-03-17T0000:00.000Z"],"numberPoints":[621],"nx":[27],"ny":[23],"lo1":[-20],"la1":[70],"lo2":[45],"la2":[45],"dx":[2.5],"dy":[2.5]},"data":[[0.81],[1.0471],[1.23],[1.3743],[1.5071],[1.68],[1.9286],[2.2843],[2.7686],[3.35],[4.02],[4.6914],[5.3386],[5.8829],[6.2986],[6.5629],[6.6829],[6.6714],[6.5457],[6.3586],[6.1186],[5.8729],[5.6257],[5.3943],[5.1957],[5.0214],[4.8529],[0.9443],[1.3757],[1.6943],[1.9057],[2.0557],[2.2114],[2.4357],[2.7771],[3.2714],[3.9043],[4.6343],[5.3886],[6.0871],[6.6814],[7.1086],[7.3729],[7.4786],[7.4529],[7.3357],[7.1571],[6.9514],[6.7386],[6.5386],[6.36],[6.1871],[6.0471],[5.93],[1.9414],[2.5057],[2.9329],[3.2343],[3.43],[3.5829],[3.7471],[4.0014],[4.3686],[4.8457],[5.3914],[5.94],[6.4186],[6.7929],[7.0329],[7.1457],[7.1686],[7.13],[7.0671],[6.9929],[6.9271],[6.8643],[6.8171],[6.7871],[6.7586],[6.75],[6.7314],[3.5171],[4.0686],[4.53],[4.88],[5.1043],[5.2543],[5.3571],[5.4714],[5.6286],[5.8257],[6.0557],[6.2657],[6.4329],[6.5429],[6.61],[6.6571],[6.7214],[6.7986],[6.8914],[6.97],[7.0371],[7.0729],[7.0843],[7.0929],[7.0814],[7.08],[7.0771],[5.5214],[5.8657],[6.1957],[6.4886],[6.6914],[6.81],[6.8586],[6.8543],[6.8457],[6.83],[6.8057],[6.7786],[6.7229],[6.7043],[6.7429],[6.8743],[7.08],[7.3386],[7.5629],[7.7186],[7.77],[7.7271],[7.6186],[7.4729],[7.3314],[7.1686],[7.0286],[7.7371],[7.7543],[7.8257],[7.9057],[7.9943],[8.0386],[8.0486],[8.0386],[8.0157],[7.9671],[7.8843],[7.7429],[7.5929],[7.4514],[7.4229],[7.5286],[7.7529],[8.0071],[8.2014],[8.2757],[8.2143],[8.0586],[7.8657],[7.6714],[7.4843],[7.2786],[7.0714],[9.8543],[9.52],[9.2329],[9.01],[8.8686],[8.8014],[8.8171],[8.8657],[8.9429],[8.9857],[8.93],[8.74],[8.4371],[8.0771],[7.7886],[7.6386],[7.62],[7.6514],[7.6586],[7.5857],[7.4614],[7.3729],[7.3829],[7.4586],[7.5514],[7.58],[7.5214],[11.4771],[10.8257],[10.1771],[9.6329],[9.26],[9.0686],[9.0414],[9.0914],[9.1871],[9.2171],[9.1343],[8.85],[8.3886],[7.8443],[7.3229],[6.9257],[6.6729],[6.5043],[6.3443],[6.1786],[6.0957],[6.1814],[6.5214],[7.0014],[7.4929],[7.8357],[7.9771],[12.2229],[11.3614],[10.4829],[9.7457],[9.23],[8.9329],[8.7557],[8.6286],[8.4586],[8.2343],[7.9471],[7.5829],[7.1514],[6.7029],[6.3029],[6.0229],[5.8557],[5.7129],[5.5443],[5.3386],[5.2343],[5.3857],[5.85],[6.5014],[7.1414],[7.5586],[7.7529],[11.8029],[10.9243],[10.0643],[9.3471],[8.8243],[8.4343],[8.0557],[7.5943],[7.0086],[6.4086],[5.8729],[5.51],[5.3086],[5.2214],[5.2143],[5.28],[5.3471],[5.3529],[5.23],[5.0129],[4.8529],[4.9229],[5.29],[5.85],[6.3843],[6.7171],[6.8671],[10.3686],[9.6829],[9.0143],[8.4014],[7.8986],[7.4486],[6.9629],[6.3357],[5.5814],[4.8243],[4.2586],[3.9957],[3.9871],[4.1286],[4.2871],[4.3771],[4.4243],[4.3857],[4.2729],[4.1257],[4.0271],[4.1286],[4.4643],[4.9543],[5.43],[5.7557],[5.9871],[8.5157],[8.0614],[7.5514],[6.9743],[6.4757],[6.0529],[5.7229],[5.3743],[4.9586],[4.5057],[4.1657],[4.02],[4.0086],[3.9871],[3.8157],[3.4914],[3.1271],[2.8443],[2.6957],[2.7086],[2.8557],[3.15],[3.6114],[4.1343],[4.6386],[5.06],[5.4471],[6.67],[6.3471],[5.9129],[5.4171],[5.0214],[4.8771],[4.9914],[5.2329],[5.3871],[5.3943],[5.3057],[5.1943],[5.05],[4.7643],[4.2471],[3.5657],[2.8829],[2.4043],[2.2043],[2.2843],[2.5386],[2.8971],[3.3414],[3.8171],[4.2743],[4.6914],[5.1157],[4.6686],[4.4014],[4.1914],[4.0871],[4.1757],[4.5357],[5.1171],[5.72],[6.1029],[6.2143],[6.1171],[5.9814],[5.8629],[5.7],[5.4086],[4.9686],[4.4786],[4.0543],[3.7471],[3.5686],[3.5271],[3.6329],[3.8714],[4.2214],[4.6114],[4.9286],[5.1429],[2.2971],[2.3114],[2.6371],[3.2486],[4.0186],[4.8414],[5.5243],[5.9129],[5.9343],[5.6986],[5.4329],[5.3686],[5.5357],[5.8557],[6.1671],[6.3586],[6.3771],[6.1543],[5.7],[5.1371],[4.6843],[4.5129],[4.7314],[5.2071],[5.73],[6.0443],[5.9757],[0.39],[0.9371],[1.9143],[3.12],[4.25],[5.0343],[5.3257],[5.14],[4.6629],[4.1729],[3.9329],[4.0629],[4.4714],[5.0014],[5.5114],[5.9386],[6.2],[6.1529],[5.7586],[5.1986],[4.8114],[4.8929],[5.45],[6.2714],[7.0186],[7.3257],[7.0243],[0.2957],[1.3314],[2.5843],[3.77],[4.5471],[4.7586],[4.4786],[3.94],[3.4371],[3.1743],[3.2286],[3.4914],[3.7186],[3.7286],[3.6014],[3.5086],[3.5957],[3.7429],[3.8343],[3.9286],[4.2471],[4.9271],[5.8257],[6.64],[7.1],[7.08],[6.5843],[2.0629],[3.1543],[4.1086],[4.6714],[4.6714],[4.2457],[3.69],[3.3271],[3.2757],[3.45],[3.6714],[3.6929],[3.32],[2.5214],[1.5314],[0.8157],[0.6814],[1.15],[1.9514],[2.8986],[3.9171],[4.9029],[5.5514],[5.6],[5.1],[4.3729],[3.7429],[3.7429],[4.4414],[4.76],[4.6229],[4.0957],[3.4714],[3.1029],[3.1757],[3.5214],[3.7643],[3.6329],[3.1],[2.2571],[1.2257],[0.19],[-0.48],[-0.4471],[0.3043],[1.4743],[2.6871],[3.6786],[4.2571],[4.1329],[3.22],[1.7929],[0.5171],[-0.0729],[3.1157],[3.3343],[3.1414],[2.6986],[2.2129],[1.88],[1.9014],[2.2371],[2.5486],[2.3871],[1.6671],[0.7271],[2.7674e-08],[-0.3671],[-0.4843],[-0.3971],[0.0229],[0.7871],[1.6543],[2.3114],[2.56],[2.3471],[1.64],[0.4257],[-1.0343],[-2.2386],[-2.6871],[-0.0871],[-0.1014],[-0.4371],[-0.7743],[-0.91],[-0.8286],[-0.5986],[-0.3243],[-0.2571],[-0.7071],[-1.6114],[-2.4257],[-2.5629],[-1.9829],[-1.1014],[-0.3186],[0.2729],[0.7329],[0.9829],[0.8871],[0.3843],[-0.3286],[-1.0414],[-1.7414],[-2.4686],[-3.1557],[-3.6286],[-4.3157],[-4.2629],[-4.4686],[-4.5771],[-4.4286],[-4.1914],[-4.0286],[-3.9571],[-3.9829],[-4.2014],[-4.5929],[-4.7986],[-4.4057],[-3.4143],[-2.2771],[-1.4071],[-0.9529],[-0.8057],[-0.8886],[-1.24],[-1.8214],[-2.4557],[-2.8786],[-3.0129],[-3.0586],[-3.3514],[-3.9771],[-7.9443],[-7.81],[-7.8557],[-7.8271],[-7.6371],[-7.4957],[-7.5529],[-7.6614],[-7.5729],[-7.2586],[-6.8743],[-6.4086],[-5.7843],[-5.0029],[-4.22],[-3.6571],[-3.3814],[-3.3071],[-3.2929],[-3.2714],[-3.29],[-3.4486],[-3.67],[-3.7429],[-3.67],[-3.7486],[-4.2357]]},{"header":{"disciplineName":["Meteorological products"],"parameterCategory":[2],"parameterCategoryName":["v-component of wind"],"parameterNumberName":["v-component of wind"],"parameterNumber":[3],"parameterUnits":["m s-1"],"refTime":["2017-03-17T0000:00.000Z"],"numberPoints":[621],"nx":[27],"ny":[23],"lo1":[-20],"la1":[70],"lo2":[45],"la2":[45],"dx":[2.5],"dy":[2.5]},"data":[[-0.4614],[-0.0643],[0.3586],[0.8071],[1.2643],[1.6829],[2.0557],[2.3557],[2.53],[2.5586],[2.4157],[2.1114],[1.6786],[1.1443],[0.5757],[0.0386],[-0.4357],[-0.8086],[-1.0629],[-1.2014],[-1.2586],[-1.2357],[-1.1829],[-1.0986],[-1.01],[-0.9229],[-0.8414],[0.5471],[0.7643],[1.0014],[1.2857],[1.6357],[2.0686],[2.5514],[3.0471],[3.4529],[3.6929],[3.6943],[3.4429],[2.9343],[2.2529],[1.4557],[0.6514],[-0.0757],[-0.6814],[-1.13],[-1.4229],[-1.5829],[-1.6357],[-1.6043],[-1.5186],[-1.4114],[-1.2657],[-1.1271],[1.5629],[1.5743],[1.5786],[1.6386],[1.8429],[2.2329],[2.7929],[3.4429],[4.0614],[4.4943],[4.6271],[4.4],[3.8171],[2.9743],[1.9957],[0.9957],[0.09],[-0.6329],[-1.1686],[-1.4943],[-1.6629],[-1.6871],[-1.6029],[-1.4543],[-1.2843],[-1.1014],[-0.9414],[2.4571],[2.3757],[2.2243],[2.1057],[2.1529],[2.4343],[2.97],[3.6814],[4.4157],[4.9557],[5.1686],[4.9629],[4.3486],[3.4514],[2.3929],[1.3329],[0.39],[-0.3757],[-0.9443],[-1.3029],[-1.48],[-1.4929],[-1.3729],[-1.1814],[-0.9629],[-0.7571],[-0.6029],[3.1114],[3.0843],[2.9171],[2.7171],[2.6043],[2.72],[3.11],[3.7371],[4.44],[5.0071],[5.28],[5.1414],[4.6086],[3.7914],[2.8357],[1.8643],[0.9514],[0.1514],[-0.5186],[-1.02],[-1.3614],[-1.4957],[-1.4686],[-1.3129],[-1.0843],[-0.8657],[-0.6829],[3.3029],[3.3643],[3.25],[3.0171],[2.7943],[2.7429],[2.9643],[3.4514],[4.0643],[4.6057],[4.89],[4.8071],[4.3886],[3.7371],[2.9786],[2.1814],[1.3814],[0.5757],[-0.2157],[-0.9386],[-1.4814],[-1.8171],[-1.9086],[-1.8186],[-1.62],[-1.3857],[-1.1386],[2.8357],[2.8629],[2.7743],[2.5971],[2.4271],[2.3914],[2.6043],[3.0557],[3.61],[4.0671],[4.2529],[4.0814],[3.65],[3.0686],[2.48],[1.9043],[1.2729],[0.5629],[-0.2286],[-0.9986],[-1.6143],[-1.9843],[-2.0957],[-2.0229],[-1.8729],[-1.6743],[-1.4186],[1.7757],[1.6514],[1.5857],[1.5971],[1.7229],[1.99],[2.4457],[2.9971],[3.5357],[3.8586],[3.81],[3.4071],[2.7829],[2.1414],[1.6357],[1.2271],[0.8057],[0.2657],[-0.39],[-1.04],[-1.4843],[-1.6714],[-1.6443],[-1.5343],[-1.4443],[-1.3686],[-1.2357],[0.4914],[0.1914],[0.2086],[0.5186],[1.0843],[1.7657],[2.4871],[3.1357],[3.6129],[3.7743],[3.54],[2.9471],[2.1829],[1.5186],[1.0614],[0.7714],[0.4829],[0.0343],[-0.5386],[-1.0271],[-1.2443],[-1.1614],[-0.9071],[-0.7186],[-0.6929],[-0.7929],[-0.84],[-0.7114],[-1.0857],[-0.9629],[-0.3557],[0.5257],[1.4314],[2.1886],[2.7357],[3.0629],[3.1314],[2.9157],[2.4286],[1.8471],[1.3357],[1.01],[0.7857],[0.4529],[-0.0643],[-0.6943],[-1.1229],[-1.1514],[-0.7971],[-0.3171],[-0.0214],[-0.04],[-0.26],[-0.4514],[-1.7571],[-2.1],[-1.8629],[-1.1271],[-0.1714],[0.6814],[1.26],[1.5986],[1.7729],[1.8786],[1.8886],[1.7671],[1.5514],[1.3157],[1.1014],[0.8429],[0.3971],[-0.2357],[-0.89],[-1.2229],[-1.0457],[-0.4414],[0.2229],[0.5886],[0.5586],[0.2957],[0.08],[-2.6557],[-2.9171],[-2.6257],[-1.9014],[-0.9914],[-0.2086],[0.2929],[0.5614],[0.7486],[0.9486],[1.16],[1.2757],[1.2629],[1.1086],[0.8329],[0.4457],[-0.0629],[-0.62],[-1.0343],[-1.0629],[-0.5971],[0.1829],[0.9086],[1.2586],[1.2057],[0.9671],[0.8257],[-3.3186],[-3.5286],[-3.2314],[-2.5086],[-1.5614],[-0.6486],[0.0714],[0.5314],[0.8143],[0.9843],[1.1071],[1.12],[0.9786],[0.6386],[0.1343],[-0.41],[-0.8914],[-1.16],[-1.12],[-0.7],[0.0414],[0.8829],[1.5286],[1.79],[1.7057],[1.5029],[1.4386],[-3.6729],[-3.8229],[-3.4514],[-2.63],[-1.5229],[-0.3529],[0.6386],[1.25],[1.46],[1.4014],[1.23],[0.9986],[0.6714],[0.1543],[-0.5386],[-1.2429],[-1.7257],[-1.8043],[-1.4143],[-0.65],[0.2714],[1.1643],[1.81],[2.1014],[2.05],[1.8257],[1.68],[-3.7114],[-3.6343],[-3.0343],[-2.0114],[-0.79],[0.4229],[1.33],[1.7157],[1.6386],[1.3243],[1.0086],[0.7886],[0.5314],[0.0743],[-0.6629],[-1.5443],[-2.2671],[-2.53],[-2.1814],[-1.3257],[-0.18],[1.0386],[2.08],[2.7414],[2.81],[2.35],[1.6929],[-3.3871],[-2.8986],[-1.9286],[-0.7557],[0.3743],[1.2243],[1.6071],[1.5229],[1.1757],[0.8914],[0.8114],[0.8586],[0.8214],[0.4729],[-0.2914],[-1.3886],[-2.5229],[-3.2771],[-3.2629],[-2.3886],[-0.8386],[1.0643],[2.8986],[4.13],[4.2629],[3.2343],[1.6243],[-2.5743],[-1.6443],[-0.4343],[0.6586],[1.3871],[1.6243],[1.3986],[0.98],[0.7586],[0.9043],[1.2486],[1.4271],[1.2329],[0.6629],[-0.21],[-1.38],[-2.7186],[-3.7857],[-3.9871],[-3.0086],[-0.9629],[1.6371],[4.1086],[5.6643],[5.6043],[3.86],[1.2829],[-1.1929],[-0.0829],[0.9757],[1.6386],[1.77],[1.4614],[0.94],[0.6186],[0.8557],[1.5314],[2.0457],[1.8457],[0.9371],[-0.1629],[-1.0814],[-1.9143],[-2.8771],[-3.7114],[-3.7529],[-2.5414],[-0.2314],[2.5071],[4.8757],[6.1386],[5.7],[3.53],[0.5829],[0.5414],[1.3843],[1.9029],[1.9271],[1.5686],[1.0414],[0.6171],[0.6429],[1.2714],[2.1143],[2.33],[1.3871],[-0.3171],[-1.7929],[-2.4571],[-2.5686],[-2.7171],[-2.9171],[-2.5529],[-1.1871],[0.9371],[3.0943],[4.65],[5.15],[4.3786],[2.39],[-0.0857],[1.9629],[2.2629],[2.1986],[1.7871],[1.3043],[0.9486],[0.8214],[1.0414],[1.5957],[2.0814],[1.7586],[0.3286],[-1.6029],[-2.8971],[-3.0229],[-2.4629],[-1.97],[-1.6529],[-1.0286],[0.2171],[1.7671],[3.0114],[3.6],[3.4657],[2.6543],[1.2557],[-0.3714],[2.5243],[2.3514],[1.9614],[1.5257],[1.2829],[1.2857],[1.3729],[1.4471],[1.5],[1.39],[0.7643],[-0.5029],[-1.8414],[-2.4714],[-2.1329],[-1.3757],[-0.8057],[-0.4671],[0.0414],[0.8557],[1.6529],[2.1029],[2.1643],[1.9586],[1.4257],[0.5286],[-0.55],[2.2457],[1.8586],[1.4571],[1.1814],[1.2043],[1.3971],[1.4271],[1.1671],[0.7286],[0.2671],[-0.2486],[-0.8314],[-1.2371],[-1.1357],[-0.6157],[-0.1086],[0.0957],[0.1643],[0.31],[0.4657],[0.4929],[0.4929],[0.6614],[0.8843],[0.71],[-0.0614],[-1.1371],[1.78],[1.39],[0.9929],[0.73],[0.6757],[0.68],[0.4729],[-0.0386],[-0.61],[-0.9914],[-1.1386],[-1.1029],[-0.8586],[-0.3729],[0.1186],[0.3143],[0.2086],[0.0214],[-0.18],[-0.5714],[-1.0586],[-1.1671],[-0.5743],[0.1657],[0.1829],[-0.7757],[-2.1057]]}]