html/data/WT_san09_ind_wt_9_6.json
[{"header":{"disciplineName":["Meteorological products"],"parameterCategory":[0],"parameterCategoryName":["Temperature"],"parameterNumberName":["Temperature"],"parameterNumber":[0],"parameterUnits":["K"],"refTime":["2017-03-17T0000:00.000Z"],"numberPoints":[621],"nx":[27],"ny":[23],"lo1":[-20],"la1":[70],"lo2":[45],"la2":[45],"dx":[2.5],"dy":[2.5]},"data":[[-4.1034],[-3.4102],[-2.8257],[-2.3558],[-1.9782],[-1.685],[-1.4442],[-1.2481],[-1.0646],[-0.8956],[-0.7403],[-0.6005],[-0.4888],[-0.3976],[-0.3393],[-0.3238],[-0.3335],[-0.3665],[-0.4306],[-0.5044],[-0.582],[-0.6743],[-0.7723],[-0.8811],[-1.0121],[-1.1752],[-1.3383],[-1.8228],[-1.3985],[-1.0714],[-0.817],[-0.6141],[-0.4248],[-0.2471],[-0.0529],[0.1481],[0.3403],[0.5073],[0.6335],[0.7015],[0.7141],[0.6714],[0.584],[0.4587],[0.3277],[0.2005],[0.0694],[-0.0354],[-0.1248],[-0.2005],[-0.2811],[-0.3772],[-0.4859],[-0.6141],[0.3442],[0.4617],[0.5238],[0.5568],[0.618],[0.7228],[0.8762],[1.0646],[1.2519],[1.4015],[1.5063],[1.5296],[1.4917],[1.3976],[1.2558],[1.1024],[0.9529],[0.818],[0.7141],[0.6481],[0.6005],[0.5772],[0.5471],[0.5131],[0.4578],[0.383],[0.2752],[1.8228],[1.7782],[1.7257],[1.7073],[1.7587],[1.8646],[2.017],[2.1879],[2.3189],[2.3898],[2.3917],[2.316],[2.1917],[2.0383],[1.8811],[1.7413],[1.6277],[1.5617],[1.5121],[1.4869],[1.4684],[1.4481],[1.417],[1.3743],[1.318],[1.2539],[1.1743],[2.5121],[2.5325],[2.5782],[2.6636],[2.7985],[2.9684],[3.1442],[3.285],[3.3714],[3.3752],[3.318],[3.2102],[3.0791],[2.9461],[2.8199],[2.7034],[2.6005],[2.4956],[2.3801],[2.2636],[2.1286],[1.9995],[1.8927],[1.8277],[1.8005],[1.8199],[1.8772],[3.0646],[3.2568],[3.4451],[3.6374],[3.8354],[4.0306],[4.2073],[4.3442],[4.4199],[4.4267],[4.3791],[4.2917],[4.1869],[4.0723],[3.9296],[3.7587],[3.5529],[3.3131],[3.0335],[2.7432],[2.4675],[2.2325],[2.0801],[2.0345],[2.1112],[2.2937],[2.5646],[4.1189],[4.3704],[4.5626],[4.7325],[4.9083],[5.0985],[5.2966],[5.4675],[5.5947],[5.6442],[5.6218],[5.5432],[5.4044],[5.217],[4.9733],[4.6908],[4.3626],[4.0345],[3.7112],[3.3985],[3.1316],[2.9277],[2.8248],[2.8481],[3.0092],[3.285],[3.6519],[5.6073],[5.7364],[5.8131],[5.9073],[6.0665],[6.283],[6.5413],[6.7772],[6.9432],[7.0112],[6.9869],[6.8743],[6.6684],[6.3801],[6.0121],[5.6316],[5.2947],[5.0228],[4.8238],[4.6733],[4.5519],[4.4529],[4.418],[4.4801],[4.6461],[4.8927],[5.1976],[7.0053],[6.9995],[7.0257],[7.1529],[7.3723],[7.6772],[7.9743],[8.215],[8.3626],[8.4112],[8.3791],[8.2684],[8.0549],[7.7316],[7.3189],[6.9044],[6.5791],[6.3869],[6.2985],[6.2413],[6.149],[6.0568],[6.017],[6.0995],[6.2995],[6.5743],[6.8694],[8.1403],[8.1345],[8.2859],[8.5772],[8.951],[9.3044],[9.5607],[9.6811],[9.7053],[9.6976],[9.6966],[9.6917],[9.6141],[9.3782],[8.984],[8.5277],[8.1481],[7.9083],[7.7578],[7.5743],[7.3519],[7.1529],[7.1374],[7.3733],[7.7976],[8.25],[8.6617],[9.2092],[9.3383],[9.6879],[10.1791],[10.6451],[10.9723],[11.1034],[11.083],[10.9791],[10.9316],[10.9917],[11.1364],[11.2345],[11.1073],[10.7393],[10.2141],[9.7461],[9.4461],[9.25],[9.0393],[8.7811],[8.6626],[8.9053],[9.5383],[10.3335],[10.9549],[11.2529],[10.349],[10.5888],[11.0451],[11.5684],[12.0102],[12.2917],[12.3917],[12.3791],[12.3063],[12.284],[12.3626],[12.5364],[12.6859],[12.5966],[12.2024],[11.651],[11.2354],[11.1199],[11.2296],[11.3597],[11.4607],[11.7617],[12.5248],[13.7131],[14.8859],[15.4811],[15.3015],[11.4131],[11.6316],[11.9791],[12.3898],[12.7917],[13.1684],[13.5015],[13.751],[13.8888],[13.9005],[13.8811],[13.9053],[13.9218],[13.7442],[13.3131],[12.8034],[12.5772],[12.8607],[13.5141],[14.2306],[14.8655],[15.6529],[16.9442],[18.6403],[20.1694],[20.8034],[20.3005],[12.2898],[12.3587],[12.5189],[12.8471],[13.3927],[14.1238],[14.9083],[15.5617],[15.8956],[15.8859],[15.6568],[15.4092],[15.1956],[14.9083],[14.4277],[13.9345],[13.8199],[14.3345],[15.3092],[16.3141],[17.1655],[18.1277],[19.6199],[21.6286],[23.5519],[24.6442],[24.651],[13.0083],[12.9481],[13.0636],[13.6015],[14.6024],[15.885],[17.1316],[18.0228],[18.3646],[18.1917],[17.7083],[17.217],[16.8296],[16.4345],[15.8976],[15.3354],[15.1131],[15.485],[16.2578],[17.0316],[17.6432],[18.4675],[19.9607],[22.0985],[24.316],[25.9937],[27.0383],[13.7267],[13.7296],[14.0791],[15.0782],[16.6791],[18.4519],[19.9218],[20.7587],[20.8976],[20.5248],[19.9073],[19.3063],[18.816],[18.3209],[17.7024],[17.049],[16.6529],[16.7083],[17.0597],[17.4015],[17.7383],[18.5587],[20.2306],[22.5005],[24.6432],[26.2364],[27.5752],[14.7743],[15.0607],[15.783],[17.185],[19.1044],[20.9956],[22.3461],[22.9413],[22.9015],[22.5277],[22.0228],[21.4791],[20.9005],[20.2316],[19.4956],[18.8218],[18.4034],[18.3393],[18.449],[18.5966],[18.9917],[20.1888],[22.3879],[24.9286],[26.7267],[27.35],[27.584],[16.4626],[17.1782],[18.1607],[19.5626],[21.2267],[22.7646],[23.7733],[24.1714],[24.1985],[24.117],[23.9597],[23.5617],[22.8471],[21.9209],[21.017],[20.3529],[20.0461],[20.0597],[20.2092],[20.4316],[21.0665],[22.6801],[25.3811],[28.2306],[29.8053],[29.4811],[28.1772],[18.715],[19.7733],[20.7927],[21.7888],[22.8121],[23.7451],[24.4403],[24.8442],[25.149],[25.4684],[25.6646],[25.3869],[24.5238],[23.3481],[22.2995],[21.6131],[21.351],[21.4189],[21.6626],[22.0277],[22.7451],[24.2937],[26.849],[29.6675],[31.3568],[31.0364],[29.3073],[20.7063],[21.8917],[22.7733],[23.3189],[23.7587],[24.285],[24.849],[25.3675],[25.8723],[26.4296],[26.7859],[26.5587],[25.6607],[24.4704],[23.4558],[22.8141],[22.4966],[22.4723],[22.7626],[23.284],[23.9403],[24.9248],[26.549],[28.6607],[30.3917],[30.85],[29.9908],[21.5403],[22.5558],[23.2354],[23.549],[23.8102],[24.2675],[24.8597],[25.4092],[25.9015],[26.3995],[26.7354],[26.6005],[25.9403],[25.1141],[24.5005],[24.0927],[23.7704],[23.6257],[23.9296],[24.6034],[25.2723],[25.7005],[26.1956],[27.1403],[28.4044],[29.3442],[29.4811],[21.0519],[21.6927],[22.1549],[22.4403],[22.7917],[23.349],[23.9568],[24.3976],[24.7005],[25.0383],[25.3869],[25.5044],[25.349],[25.1578],[25.117],[25.0723],[24.8704],[24.6791],[24.9316],[25.6316],[26.3063],[26.5189],[26.4277],[26.5354],[27.0791],[27.7267],[27.9655],[19.8917],[20.1422],[20.3723],[20.6471],[21.0714],[21.6422],[22.1481],[22.4403],[22.618],[22.8976],[23.3325],[23.7811],[24.1558],[24.5121],[24.8597],[25.0403],[24.9578],[24.8267],[24.9481],[25.3393],[25.7083],[25.8655],[25.9277],[26.0879],[26.3597],[26.5034],[26.251]]},{"header":{"disciplineName":["Meteorological products"],"parameterCategory":[2],"parameterCategoryName":["u-component of wind"],"parameterNumberName":["u-component of wind"],"parameterNumber":[2],"parameterUnits":["m s-1"],"refTime":["2017-03-17T0000:00.000Z"],"numberPoints":[621],"nx":[27],"ny":[23],"lo1":[-20],"la1":[70],"lo2":[45],"la2":[45],"dx":[2.5],"dy":[2.5]},"data":[[1.9456],[2.2417],[2.4942],[2.7029],[2.8913],[3.0738],[3.2689],[3.5078],[3.7757],[4.0641],[4.3534],[4.6049],[4.8146],[4.9417],[4.9913],[4.9806],[4.9262],[4.8524],[4.7932],[4.7476],[4.7214],[4.7155],[4.6981],[4.6583],[4.599],[4.4922],[4.3612],[1.9621],[2.4184],[2.7796],[3.0631],[3.3039],[3.5175],[3.7563],[4.0553],[4.3981],[4.7689],[5.1233],[5.399],[5.5515],[5.5612],[5.4194],[5.1699],[4.8544],[4.5175],[4.2282],[3.9932],[3.8291],[3.734],[3.6854],[3.6583],[3.6602],[3.6767],[3.699],[2.3252],[2.8883],[3.3893],[3.801],[4.1544],[4.499],[4.8369],[5.2058],[5.5864],[5.9311],[6.2039],[6.3311],[6.2718],[6.0243],[5.6097],[5.0854],[4.5165],[3.9913],[3.5621],[3.2359],[3.0262],[2.9117],[2.8854],[2.9262],[3.0204],[3.1845],[3.3942],[3.4078],[3.9854],[4.5311],[5.0417],[5.5136],[5.934],[6.3029],[6.6087],[6.8563],[6.9971],[7.0058],[6.8553],[6.5243],[6.0602],[5.5087],[4.9379],[4.4126],[3.9728],[3.6398],[3.4117],[3.2485],[3.1515],[3.1184],[3.1505],[3.2573],[3.4602],[3.7476],[5.4369],[5.8573],[6.3068],[6.7583],[7.1641],[7.4835],[7.6796],[7.7524],[7.7039],[7.533],[7.2709],[6.9117],[6.4961],[6.0408],[5.6184],[5.2767],[5.0175],[4.8379],[4.6951],[4.5447],[4.3699],[4.1806],[4.0223],[3.9359],[3.9757],[4.1408],[4.4184],[7.8816],[7.9893],[8.1534],[8.3631],[8.5223],[8.5641],[8.4495],[8.2184],[7.8903],[7.5398],[7.2058],[6.9126],[6.6388],[6.3971],[6.2194],[6.0961],[6.035],[5.9748],[5.8728],[5.6767],[5.3903],[5.068],[4.7951],[4.6563],[4.6835],[4.8777],[5.2058],[9.7204],[9.4534],[9.2612],[9.1214],[8.9709],[8.7223],[8.3602],[7.9039],[7.4786],[7.1573],[6.9981],[6.9631],[6.9641],[6.9408],[6.868],[6.7563],[6.6379],[6.5019],[6.3311],[6.0893],[5.8175],[5.5709],[5.435],[5.4466],[5.6243],[5.9097],[6.267],[10.4437],[9.8107],[9.2767],[8.8534],[8.5019],[8.1233],[7.6621],[7.1544],[6.7282],[6.5],[6.5262],[6.7058],[6.899],[6.9748],[6.8825],[6.6777],[6.465],[6.3117],[6.2223],[6.1913],[6.2097],[6.3039],[6.5058],[6.7951],[7.0942],[7.3476],[7.532],[10.2583],[9.367],[8.601],[8.0282],[7.6097],[7.2301],[6.799],[6.2971],[5.8301],[5.5262],[5.4864],[5.6388],[5.8573],[5.9874],[5.9796],[5.8951],[5.8524],[5.9495],[6.1874],[6.5175],[6.9019],[7.3291],[7.7699],[8.1835],[8.4505],[8.5068],[8.3573],[9.4534],[8.5553],[7.7466],[7.0981],[6.6155],[6.232],[5.8427],[5.3563],[4.8029],[4.2951],[3.9718],[3.9097],[4.0476],[4.2748],[4.4942],[4.7476],[5.0835],[5.5456],[6.0893],[6.6282],[7.1117],[7.5379],[7.9291],[8.2592],[8.435],[8.3777],[8.0854],[8.0631],[7.4388],[6.7612],[6.0515],[5.4184],[4.9456],[4.6175],[4.3097],[3.8971],[3.3913],[2.9223],[2.6505],[2.6495],[2.8631],[3.2252],[3.667],[4.1913],[4.7612],[5.3165],[5.7447],[6.0252],[6.1932],[6.3573],[6.5417],[6.6913],[6.7437],[6.6796],[6.1359],[5.8903],[5.3913],[4.6485],[3.8961],[3.4505],[3.4146],[3.6447],[3.8165],[3.7485],[3.4621],[3.1369],[2.9456],[2.9262],[3.0379],[3.2233],[3.4922],[3.7971],[4.0864],[4.266],[4.3029],[4.2495],[4.2282],[4.2971],[4.4417],[4.6243],[4.832],[3.9981],[3.9379],[3.6194],[3.0427],[2.5223],[2.4427],[2.9981],[3.9408],[4.8379],[5.3524],[5.3951],[5.1485],[4.8184],[4.4767],[4.1563],[3.865],[3.6718],[3.599],[3.5845],[3.5524],[3.4437],[3.3136],[3.2602],[3.3029],[3.3951],[3.4583],[3.5466],[2.1078],[2.0359],[1.9816],[1.9282],[2.0612],[2.6252],[3.6466],[4.8748],[5.9107],[6.5155],[6.7],[6.6058],[6.3738],[6.0243],[5.5845],[5.1485],[4.7971],[4.5369],[4.3146],[4.0573],[3.8087],[3.6757],[3.7553],[3.9951],[4.1573],[4.0583],[3.665],[0.968],[1.0087],[1.3835],[2.0184],[2.8388],[3.7456],[4.5864],[5.165],[5.4223],[5.4748],[5.5233],[5.6641],[5.8291],[5.9146],[5.8825],[5.8039],[5.7165],[5.5573],[5.2272],[4.7563],[4.3437],[4.2641],[4.6515],[5.3301],[5.8796],[5.8456],[5.0534],[0.9534],[1.4136],[2.2592],[3.3126],[4.2515],[4.768],[4.6786],[4.0515],[3.2466],[2.6951],[2.6689],[3.0883],[3.6718],[4.1738],[4.5456],[4.8689],[5.1369],[5.2019],[4.9553],[4.5078],[4.2058],[4.3544],[5.0748],[6.1107],[6.9466],[7.0573],[6.1718],[1.9019],[2.8262],[3.8602],[4.7272],[5.0864],[4.7039],[3.6417],[2.267],[1.1301],[0.6155],[0.7913],[1.3544],[1.9039],[2.2272],[2.4262],[2.6786],[3.0039],[3.267],[3.3874],[3.4728],[3.7709],[4.366],[5.1117],[5.7515],[6.0874],[5.9262],[5.1796],[2.7874],[3.7447],[4.4757],[4.7583],[4.3718],[3.3544],[2.0388],[0.9485],[0.4485],[0.5602],[0.9932],[1.335],[1.3194],[0.9893],[0.6019],[0.4388],[0.5864],[1.0097],[1.6709],[2.5932],[3.6913],[4.5883],[4.8359],[4.2748],[3.2689],[2.3602],[1.835],[2.2544],[2.7087],[2.8786],[2.6641],[2.0146],[1.0845],[0.3175],[0.0883],[0.4505],[1.0359],[1.3689],[1.2485],[0.7165],[0.0282],[-0.5583],[-0.867],[-0.7728],[-0.2175],[0.8204],[2.2214],[3.5971],[4.3058],[3.7495],[1.9631],[-0.2272],[-1.7087],[-1.9272],[-0.2757],[-0.4583],[-0.7408],[-1.0233],[-1.3641],[-1.6932],[-1.7786],[-1.4126],[-0.7689],[-0.3019],[-0.3204],[-0.7058],[-1.0864],[-1.2505],[-1.2388],[-1.1126],[-0.832],[-0.233],[0.6718],[1.7126],[2.4786],[2.4825],[1.3806],[-0.6534],[-2.8272],[-4.0864],[-4.0049],[-4.1981],[-4.6961],[-5.068],[-5.1311],[-4.9748],[-4.7932],[-4.5583],[-4.1874],[-3.8019],[-3.6864],[-3.8777],[-4.0136],[-3.6903],[-2.8621],[-1.9233],[-1.1951],[-0.6883],[-0.2456],[0.1097],[0.199],[-0.1252],[-0.834],[-1.8534],[-3.0136],[-4.0039],[-4.4456],[-4.2505],[-8.1311],[-8.534],[-8.7621],[-8.5913],[-8.1845],[-7.8728],[-7.7252],[-7.6126],[-7.4922],[-7.4612],[-7.4748],[-7.1825],[-6.2786],[-4.9049],[-3.5184],[-2.5087],[-1.9456],[-1.7456],[-1.9437],[-2.6068],[-3.5728],[-4.4398],[-4.834],[-4.7417],[-4.3883],[-4.0796],[-3.9748],[-10.6117],[-10.8155],[-10.8942],[-10.6583],[-10.3107],[-10.1786],[-10.299],[-10.4252],[-10.4165],[-10.3029],[-10.1262],[-9.7282],[-8.9146],[-7.7631],[-6.5592],[-5.6],[-5.0495],[-4.9592],[-5.3204],[-5.9845],[-6.6515],[-6.9058],[-6.5408],[-5.6621],[-4.6777],[-4.0097],[-3.8301]]},{"header":{"disciplineName":["Meteorological products"],"parameterCategory":[2],"parameterCategoryName":["v-component of wind"],"parameterNumberName":["v-component of wind"],"parameterNumber":[3],"parameterUnits":["m s-1"],"refTime":["2017-03-17T0000:00.000Z"],"numberPoints":[621],"nx":[27],"ny":[23],"lo1":[-20],"la1":[70],"lo2":[45],"la2":[45],"dx":[2.5],"dy":[2.5]},"data":[[0.2165],[0.7709],[1.3252],[1.8495],[2.2932],[2.6262],[2.8427],[2.9311],[2.8913],[2.7476],[2.5223],[2.2165],[1.8942],[1.5786],[1.2816],[1.0447],[0.8505],[0.7087],[0.5854],[0.4524],[0.3087],[0.1243],[-0.0854],[-0.3107],[-0.5291],[-0.7126],[-0.8563],[1.1971],[1.6058],[2.001],[2.3767],[2.7039],[2.9602],[3.1621],[3.2612],[3.2505],[3.1194],[2.8641],[2.4913],[2.0573],[1.5874],[1.1466],[0.7806],[0.4981],[0.3],[0.165],[0.0612],[-0.0485],[-0.1718],[-0.3165],[-0.465],[-0.6126],[-0.735],[-0.8165],[2.3864],[2.6379],[2.8786],[3.1029],[3.3019],[3.4835],[3.6097],[3.6524],[3.5689],[3.3078],[2.8835],[2.2854],[1.6068],[0.9078],[0.2718],[-0.2204],[-0.5495],[-0.7252],[-0.7718],[-0.7252],[-0.632],[-0.5311],[-0.4272],[-0.335],[-0.2553],[-0.1913],[-0.1447],[3.432],[3.6417],[3.8427],[4.0078],[4.1398],[4.2058],[4.199],[4.0631],[3.7515],[3.2398],[2.5262],[1.6777],[0.7777],[-0.065],[-0.7495],[-1.2301],[-1.499],[-1.5689],[-1.4913],[-1.2913],[-1.0262],[-0.7087],[-0.3738],[-0.0184],[0.301],[0.5563],[0.7437],[4.1602],[4.4291],[4.665],[4.8243],[4.8796],[4.8068],[4.5728],[4.168],[3.568],[2.7767],[1.8398],[0.8592],[-0.0573],[-0.8214],[-1.365],[-1.6893],[-1.8243],[-1.835],[-1.7437],[-1.5728],[-1.2913],[-0.9058],[-0.4243],[0.101],[0.601],[1.033],[1.3291],[4.465],[4.7417],[4.9767],[5.0864],[5.0262],[4.766],[4.3049],[3.6641],[2.8796],[1.9631],[1.0029],[0.0845],[-0.6903],[-1.2621],[-1.6068],[-1.7864],[-1.8718],[-1.9408],[-1.9767],[-1.9398],[-1.7505],[-1.3447],[-0.7534],[-0.0495],[0.6456],[1.2505],[1.6961],[4.165],[4.3505],[4.499],[4.5301],[4.3621],[3.9893],[3.4379],[2.766],[2.0146],[1.2204],[0.4204],[-0.3379],[-0.9767],[-1.4427],[-1.7583],[-1.9621],[-2.1359],[-2.3252],[-2.4864],[-2.5194],[-2.2981],[-1.7641],[-0.9864],[-0.0689],[0.8359],[1.6272],[2.2359],[3.1291],[3.2087],[3.3427],[3.4184],[3.3165],[3.0165],[2.5524],[2.0136],[1.4699],[0.9379],[0.3951],[-0.1845],[-0.7854],[-1.3427],[-1.8078],[-2.1893],[-2.4981],[-2.7466],[-2.8864],[-2.8097],[-2.4165],[-1.6961],[-0.7369],[0.3058],[1.2893],[2.1476],[2.8466],[1.5913],[1.6757],[1.9612],[2.3097],[2.4786],[2.3816],[2.0408],[1.6029],[1.2058],[0.8922],[0.6049],[0.2175],[-0.3194],[-0.9524],[-1.5757],[-2.0932],[-2.4621],[-2.6573],[-2.6699],[-2.4272],[-1.8816],[-1.0602],[-0.1107],[0.8456],[1.6951],[2.4165],[3.0214],[0.0495],[0.2107],[0.7709],[1.4553],[1.932],[1.9981],[1.6699],[1.1515],[0.7029],[0.4786],[0.401],[0.301],[1.1791e-08],[-0.5126],[-1.1029],[-1.6117],[-1.934],[-2.034],[-1.9184],[-1.5864],[-1.0282],[-0.2922],[0.5097],[1.2553],[1.8641],[2.3485],[2.733],[-1.0942],[-0.8709],[-0.2155],[0.6155],[1.2553],[1.4136],[1.0689],[0.4437],[-0.1184],[-0.3563],[-0.267],[-0.0738],[-0.0515],[-0.2893],[-0.7243],[-1.1379],[-1.3641],[-1.3553],[-1.1563],[-0.8039],[-0.3311],[0.2602],[0.9078],[1.5252],[2.0291],[2.399],[2.6262],[-1.6913],[-1.5816],[-1.1146],[-0.4175],[0.268],[0.6544],[0.5641],[0.0816],[-0.4981],[-0.8146],[-0.765],[-0.4971],[-0.3117],[-0.4097],[-0.7505],[-1.0932],[-1.232],[-1.0893],[-0.7641],[-0.3748],[0.0456],[0.5107],[1.0505],[1.6485],[2.2214],[2.7029],[2.9786],[-1.9291],[-2.0194],[-1.8942],[-1.3913],[-0.5175],[0.3922],[0.9165],[0.8204],[0.2621],[-0.3272],[-0.6262],[-0.6282],[-0.6049],[-0.7893],[-1.1835],[-1.5214],[-1.568],[-1.2641],[-0.7796],[-0.3019],[0.0961],[0.4738],[0.9359],[1.4971],[2.1117],[2.6913],[3.1398],[-2.0951],[-2.3107],[-2.3282],[-1.735],[-0.4272],[1.1592],[2.2835],[2.4146],[1.6583],[0.5971],[-0.2194],[-0.6165],[-0.8476],[-1.1816],[-1.6641],[-2.032],[-2.034],[-1.6573],[-1.1117],[-0.6097],[-0.1835],[0.2689],[0.8049],[1.3485],[1.7728],[2.0932],[2.432],[-2.2806],[-2.3612],[-2.1505],[-1.166],[0.6175],[2.5738],[3.7515],[3.6243],[2.433],[0.9864],[-0.0534],[-0.566],[-0.8515],[-1.2524],[-1.7913],[-2.2078],[-2.3078],[-2.099],[-1.7563],[-1.3505],[-0.7553],[0.1592],[1.2233],[1.9748],[2.001],[1.4777],[1.0175],[-2.1874],[-1.8913],[-1.2573],[0.0515],[1.8951],[3.5447],[4.1379],[3.4252],[1.9816],[0.6883],[-0.0039],[-0.2272],[-0.4563],[-0.9311],[-1.5592],[-2.0932],[-2.4058],[-2.5757],[-2.6049],[-2.3233],[-1.3466],[0.432],[2.4583],[3.6505],[3.1806],[1.3602],[-0.467],[-1.3981],[-0.7233],[0.1223],[1.2796],[2.5437],[3.3252],[3.0961],[2.0573],[0.9379],[0.4049],[0.4243],[0.468],[0.0718],[-0.6874],[-1.4748],[-2.068],[-2.5466],[-3.0233],[-3.3204],[-3.0097],[-1.5689],[1.0165],[3.832],[5.2942],[4.3019],[1.2854],[-1.7825],[0.0456],[0.8243],[1.3961],[1.9],[2.2456],[2.1388],[1.4689],[0.665],[0.3718],[0.7437],[1.2039],[1.0262],[0.0932],[-1.0573],[-1.8728],[-2.3301],[-2.7388],[-3.2272],[-3.4495],[-2.8786],[-1.1126],[1.6136],[4.2796],[5.3767],[3.9107],[0.4417],[-2.9194],[1.3816],[1.9019],[1.9709],[1.7544],[1.4165],[0.935],[0.4126],[0.2243],[0.6709],[1.466],[1.7583],[0.9515],[-0.5718],[-1.8544],[-2.399],[-2.4786],[-2.6563],[-2.9194],[-2.7777],[-1.7806],[0.0243],[2.0641],[3.5456],[3.634],[1.9165],[-0.9932],[-3.532],[1.8155],[1.9942],[1.6883],[1.1806],[0.768],[0.5087],[0.4282],[0.6883],[1.3417],[1.9243],[1.6961],[0.3981],[-1.2456],[-2.2417],[-2.3155],[-2.0563],[-2.0553],[-2.0961],[-1.5398],[-0.1971],[1.3553],[2.2738],[2.1942],[1.2243],[-0.3301],[-2.0117],[-3.2068],[1.3689],[1.3194],[0.9981],[0.6786],[0.6214],[0.7748],[0.9903],[1.2417],[1.568],[1.6981],[1.1845],[-0.0272],[-1.268],[-1.7806],[-1.565],[-1.2495],[-1.2204],[-1.1311],[-0.3757],[0.9252],[1.9058],[1.7854],[0.6272],[-0.7942],[-1.7922],[-2.2126],[-2.3971],[0.6903],[0.6078],[0.4544],[0.4466],[0.7039],[1.034],[1.166],[1.0748],[0.9631],[0.8485],[0.5117],[-0.1553],[-0.8019],[-1.0417],[-0.9107],[-0.7641],[-0.7631],[-0.5874],[0.035],[0.7709],[0.9272],[0.1359],[-1.2],[-2.2777],[-2.5621],[-2.2524],[-2.1029],[0.2835],[0.2214],[0.1563],[0.2505],[0.499],[0.6816],[0.5524],[0.1689],[-0.1544],[-0.2223],[-0.2301],[-0.3922],[-0.6835],[-0.9146],[-1.0359],[-1.0971],[-1.0592],[-0.8466],[-0.5951],[-0.6641],[-1.2505],[-2.1534],[-2.9097],[-3.1854],[-2.9544],[-2.5767],[-2.6107]]}]