html/data/WT_san09_ind_wt_8_5.json
[{"header":{"disciplineName":["Meteorological products"],"parameterCategory":[0],"parameterCategoryName":["Temperature"],"parameterNumberName":["Temperature"],"parameterNumber":[0],"parameterUnits":["K"],"refTime":["2017-03-17T0000:00.000Z"],"numberPoints":[621],"nx":[27],"ny":[23],"lo1":[-20],"la1":[70],"lo2":[45],"la2":[45],"dx":[2.5],"dy":[2.5]},"data":[[0.4936],[0.7382],[0.9588],[1.1642],[1.3505],[1.5294],[1.7025],[1.9],[2.1167],[2.3515],[2.6157],[2.8711],[3.1196],[3.3314],[3.4902],[3.5912],[3.6265],[3.6147],[3.5598],[3.4828],[3.4025],[3.3373],[3.2922],[3.2559],[3.226],[3.1971],[3.151],[1.3005],[1.5083],[1.6936],[1.8711],[2.0451],[2.2172],[2.4069],[2.6319],[2.8789],[3.1603],[3.4578],[3.7603],[4.0368],[4.2681],[4.4314],[4.5162],[4.5235],[4.4652],[4.376],[4.2672],[4.1809],[4.1137],[4.0892],[4.0838],[4.1059],[4.1221],[4.1221],[2.2804],[2.4284],[2.5735],[2.724],[2.8789],[3.049],[3.2363],[3.4485],[3.6824],[3.9456],[4.2265],[4.5113],[4.7819],[5.0083],[5.1873],[5.2946],[5.3392],[5.3328],[5.3015],[5.2603],[5.2299],[5.2289],[5.252],[5.2877],[5.3206],[5.3309],[5.3034],[3.1711],[3.2525],[3.3529],[3.4946],[3.6618],[3.8529],[4.0667],[4.2936],[4.5324],[4.7868],[5.051],[5.3333],[5.6113],[5.8691],[6.0931],[6.2588],[6.3711],[6.4446],[6.4897],[6.5279],[6.5755],[6.6319],[6.6843],[6.7358],[6.7485],[6.7172],[6.6289],[3.7544],[3.8054],[3.9074],[4.0627],[4.2711],[4.5245],[4.799],[5.0902],[5.3725],[5.6662],[5.9574],[6.2657],[6.5745],[6.8593],[7.0971],[7.273],[7.3799],[7.4309],[7.4539],[7.4784],[7.5225],[7.5931],[7.6775],[7.7554],[7.7995],[7.7995],[7.7431],[4.3627],[4.4466],[4.5642],[4.7363],[4.974],[5.2721],[5.6064],[5.9436],[6.2667],[6.574],[6.8828],[7.1819],[7.477],[7.7333],[7.9245],[8.026],[8.0382],[7.9951],[7.9397],[7.9064],[7.9279],[8.0113],[8.1466],[8.2946],[8.4304],[8.5284],[8.576],[5.475],[5.5613],[5.6529],[5.7961],[6.0147],[6.3088],[6.6475],[6.9824],[7.2843],[7.548],[7.7917],[8.0328],[8.2549],[8.4397],[8.5559],[8.5956],[8.5789],[8.5304],[8.5034],[8.5191],[8.6118],[8.7681],[8.9696],[9.1819],[9.3613],[9.4868],[9.55],[7.0044],[7.0196],[7.0235],[7.0917],[7.2652],[7.5319],[7.8446],[8.1402],[8.3966],[8.6157],[8.8059],[9.0034],[9.1809],[9.3118],[9.3917],[9.4299],[9.4721],[9.5466],[9.6662],[9.8348],[10.0343],[10.2706],[10.5191],[10.7554],[10.9265],[11.0034],[10.9828],[8.5015],[8.3985],[8.3397],[8.3877],[8.5559],[8.823],[9.1191],[9.3975],[9.652],[9.8931],[10.1534],[10.4108],[10.6289],[10.7456],[10.7657],[10.7495],[10.7676],[10.8642],[11.0152],[11.1804],[11.3441],[11.5407],[11.7941],[12.0975],[12.3691],[12.527],[12.5828],[9.7441],[9.6412],[9.6637],[9.8196],[10.0725],[10.3647],[10.6569],[10.9324],[11.2015],[11.526],[11.9147],[12.3098],[12.6059],[12.6975],[12.576],[12.3343],[12.1142],[12.0005],[11.9304],[11.8564],[11.7941],[11.8569],[12.1642],[12.6853],[13.2515],[13.6887],[13.9755],[10.925],[10.9907],[11.2294],[11.5814],[11.9608],[12.3142],[12.623],[12.8882],[13.1485],[13.4578],[13.8662],[14.302],[14.6211],[14.6623],[14.3662],[13.8809],[13.4123],[13.0833],[12.8456],[12.6025],[12.4059],[12.4779],[12.9951],[13.8799],[14.7804],[15.3686],[15.6098],[12.1152],[12.3853],[12.8152],[13.3162],[13.827],[14.3181],[14.7583],[15.1088],[15.3338],[15.4907],[15.675],[15.9382],[16.1583],[16.1441],[15.7931],[15.2407],[14.7882],[14.6015],[14.6059],[14.6402],[14.7044],[15.0858],[16.001],[17.3025],[18.4373],[18.8627],[18.5574],[13.1025],[13.4392],[13.9137],[14.4961],[15.2005],[16.0039],[16.8162],[17.4461],[17.7127],[17.6319],[17.4201],[17.3123],[17.3157],[17.2196],[16.8647],[16.3799],[16.1235],[16.3387],[16.9167],[17.5368],[18.1132],[18.9275],[20.2765],[21.9956],[23.3951],[23.7848],[23.0583],[13.7814],[14.0912],[14.5603],[15.3078],[16.3755],[17.7025],[19.0578],[20.0627],[20.4289],[20.1475],[19.5373],[19],[18.6853],[18.3804],[17.8848],[17.3078],[17.0809],[17.4951],[18.4083],[19.3975],[20.2676],[21.3181],[22.9328],[25.0147],[26.8931],[27.852],[27.6961],[14.448],[14.8201],[15.4804],[16.6181],[18.2196],[20.0828],[21.8289],[23.0216],[23.3863],[22.9417],[22.0765],[21.2304],[20.5686],[19.9309],[19.1],[18.2142],[17.7069],[17.8985],[18.626],[19.4598],[20.226],[21.2495],[22.9608],[25.2887],[27.6333],[29.4059],[30.499],[15.549],[16.1951],[17.2525],[18.8799],[20.9333],[23.0265],[24.7123],[25.6819],[25.8382],[25.3196],[24.4324],[23.4716],[22.551],[21.5711],[20.4397],[19.3225],[18.5735],[18.4196],[18.6931],[19.0975],[19.6319],[20.6907],[22.5853],[25.049],[27.4015],[29.2657],[30.8951],[17.3314],[18.3446],[19.726],[21.575],[23.6475],[25.4725],[26.6784],[27.1716],[27.098],[26.6686],[26.0015],[25.1426],[24.0922],[22.8961],[21.6711],[20.6446],[19.9946],[19.7216],[19.6627],[19.7475],[20.2407],[21.6118],[23.9539],[26.5946],[28.5701],[29.5578],[30.2441],[19.6534],[20.8799],[22.2554],[23.8162],[25.374],[26.6015],[27.2701],[27.4377],[27.3632],[27.2167],[26.9284],[26.2804],[25.2064],[23.9005],[22.7299],[21.9608],[21.5848],[21.3922],[21.2211],[21.1789],[21.7426],[23.425],[26.176],[29.0721],[30.8603],[31.025],[30.3127],[21.8662],[23.1181],[24.1931],[25.126],[25.949],[26.599],[27.0088],[27.2044],[27.3652],[27.5676],[27.6206],[27.1985],[26.1843],[24.8912],[23.8034],[23.1858],[22.9387],[22.7863],[22.6029],[22.5623],[23.0632],[24.5559],[27.0676],[29.9343],[31.9868],[32.4211],[31.4608],[23.0971],[24.2353],[24.9706],[25.3676],[25.6505],[26.0098],[26.4358],[26.8328],[27.2044],[27.575],[27.801],[27.6],[26.8475],[25.8284],[24.9544],[24.4245],[24.1456],[23.975],[23.8887],[23.9593],[24.2642],[25.0088],[26.4574],[28.5912],[30.8373],[32.273],[32.3892],[22.8034],[23.7255],[24.2642],[24.4539],[24.5794],[24.902],[25.3907],[25.8422],[26.177],[26.4745],[26.7324],[26.8088],[26.5975],[26.1946],[25.824],[25.5304],[25.2971],[25.173],[25.2789],[25.5466],[25.7132],[25.677],[25.8456],[26.7931],[28.5966],[30.5593],[31.6975],[21.3255],[21.9221],[22.3201],[22.5475],[22.777],[23.1441],[23.5745],[23.876],[24.0113],[24.1407],[24.4211],[24.8172],[25.2206],[25.5603],[25.7814],[25.8304],[25.7461],[25.7314],[25.9515],[26.2784],[26.348],[26.0074],[25.6191],[25.7882],[26.8216],[28.2848],[29.3451],[19.5338],[19.7627],[19.9936],[20.2779],[20.6328],[21.0123],[21.3235],[21.4701],[21.4946],[21.5686],[21.8569],[22.4289],[23.2005],[23.974],[24.502],[24.676],[24.6681],[24.7225],[24.8819],[24.9436],[24.7647],[24.5098],[24.5216],[24.9377],[25.6064],[26.201],[26.4343]]},{"header":{"disciplineName":["Meteorological products"],"parameterCategory":[2],"parameterCategoryName":["u-component of wind"],"parameterNumberName":["u-component of wind"],"parameterNumber":[2],"parameterUnits":["m s-1"],"refTime":["2017-03-17T0000:00.000Z"],"numberPoints":[621],"nx":[27],"ny":[23],"lo1":[-20],"la1":[70],"lo2":[45],"la2":[45],"dx":[2.5],"dy":[2.5]},"data":[[0.6735],[0.8049],[0.9059],[0.9819],[1.073],[1.1966],[1.3848],[1.6431],[1.9559],[2.302],[2.6436],[2.9412],[3.1681],[3.3235],[3.4157],[3.4662],[3.5059],[3.5623],[3.6475],[3.7598],[3.874],[3.9711],[4.026],[4.0245],[3.9603],[3.8588],[3.7196],[0.824],[1.1946],[1.4863],[1.6966],[1.8613],[2.0225],[2.2167],[2.4809],[2.8049],[3.1578],[3.4931],[3.751],[3.9083],[3.9436],[3.8966],[3.8039],[3.7088],[3.6598],[3.6627],[3.7186],[3.7975],[3.8642],[3.8863],[3.8618],[3.7882],[3.6897],[3.5951],[1.3784],[1.8873],[2.3044],[2.625],[2.8554],[3.0495],[3.2397],[3.4711],[3.7564],[4.0412],[4.2882],[4.4304],[4.4441],[4.3221],[4.1029],[3.8554],[3.6382],[3.4902],[3.4328],[3.4505],[3.4902],[3.5392],[3.5706],[3.577],[3.574],[3.5961],[3.6466],[2.698],[3.1471],[3.5564],[3.8902],[4.127],[4.2912],[4.426],[4.5505],[4.6873],[4.8132],[4.8775],[4.8613],[4.7152],[4.475],[4.1853],[3.9113],[3.7025],[3.5843],[3.5402],[3.5564],[3.5868],[3.6093],[3.6309],[3.6706],[3.749],[3.8838],[4.0647],[4.7951],[4.9887],[5.2132],[5.4137],[5.5539],[5.6132],[5.6118],[5.5725],[5.5211],[5.4495],[5.3475],[5.1902],[4.9819],[4.7377],[4.5064],[4.3368],[4.249],[4.2373],[4.2569],[4.2672],[4.2426],[4.1853],[4.151],[4.1569],[4.2358],[4.3873],[4.577],[7.1828],[7.0245],[6.9422],[6.8966],[6.8382],[6.7348],[6.5784],[6.3863],[6.198],[6.025],[5.8657],[5.7113],[5.5466],[5.3652],[5.2049],[5.0912],[5.0387],[5.0225],[4.9961],[4.9201],[4.7863],[4.6309],[4.5074],[4.4627],[4.5132],[4.6314],[4.7623],[9.1064],[8.649],[8.2549],[7.9559],[7.7074],[7.477],[7.2245],[6.9632],[6.7304],[6.5745],[6.4877],[6.4402],[6.3672],[6.2216],[6.0088],[5.749],[5.5049],[5.2755],[5.0569],[4.8196],[4.5681],[4.3422],[4.1926],[4.1647],[4.2368],[4.3745],[4.525],[9.9216],[9.2936],[8.7343],[8.3113],[8.0093],[7.7691],[7.526],[7.2652],[7.0289],[6.8696],[6.8265],[6.8495],[6.8314],[6.6672],[6.3216],[5.8441],[5.3304],[4.8574],[4.4554],[4.1064],[3.8005],[3.5657],[3.4422],[3.4613],[3.6137],[3.8343],[4.0804],[9.5858],[8.9319],[8.3515],[7.925],[7.6711],[7.5314],[7.3701],[7.1392],[6.8211],[6.525],[6.3304],[6.251],[6.177],[6],[5.6426],[5.1363],[4.5951],[4.1201],[3.7426],[3.4279],[3.1525],[2.9275],[2.824],[2.8828],[3.0995],[3.398],[3.7147],[8.6691],[8.0922],[7.5127],[7.0466],[6.7779],[6.6868],[6.6279],[6.4525],[6.0814],[5.5706],[5.0824],[4.7225],[4.5069],[4.3343],[4.1098],[3.8279],[3.5441],[3.3005],[3.1275],[2.9549],[2.7422],[2.5294],[2.425],[2.4966],[2.7515],[3.1167],[3.4804],[7.6216],[7.1348],[6.4985],[5.8701],[5.452],[5.3466],[5.4613],[5.5422],[5.3676],[4.877],[4.2176],[3.5951],[3.1686],[2.923],[2.7701],[2.6422],[2.5152],[2.426],[2.3588],[2.2642],[2.1211],[1.9613],[1.8789],[1.9613],[2.2191],[2.5941],[2.999],[6.0706],[5.6686],[5.0402],[4.3691],[3.949],[4.0098],[4.5083],[5.1397],[5.5098],[5.398],[4.8941],[4.2191],[3.6054],[3.1412],[2.7686],[2.4162],[2.0564],[1.7382],[1.5],[1.3554],[1.2779],[1.2451],[1.2554],[1.3093],[1.4201],[1.6162],[1.926],[3.5554],[3.3343],[3.0613],[2.8525],[2.9392],[3.5074],[4.5127],[5.6456],[6.4995],[6.8265],[6.6451],[6.1382],[5.5113],[4.8304],[4.0868],[3.277],[2.4578],[1.7324],[1.2123],[0.9721],[0.9789],[1.148],[1.3098],[1.3294],[1.1608],[0.9123],[0.8059],[0.8804],[1.0838],[1.5868],[2.3044],[3.2216],[4.2912],[5.4093],[6.3672],[7.0093],[7.2931],[7.3059],[7.1191],[6.7461],[6.1412],[5.3049],[4.3456],[3.3946],[2.5681],[1.9755],[1.6775],[1.7289],[2.0588],[2.451],[2.626],[2.3608],[1.699],[0.9397],[-0.1549],[0.6623],[1.9221],[3.3446],[4.6093],[5.4868],[5.8623],[5.7745],[5.4387],[5.1735],[5.176],[5.3784],[5.5176],[5.3578],[4.9211],[4.4005],[3.9446],[3.5735],[3.2225],[2.9255],[2.8647],[3.1951],[3.8485],[4.474],[4.6152],[4.0172],[2.7941],[1.0804],[2.3054],[3.677],[4.8093],[5.3525],[5.1657],[4.2946],[3.0059],[1.7608],[1.048],[1.0799],[1.6471],[2.2637],[2.6157],[2.7431],[2.9338],[3.3083],[3.6662],[3.7348],[3.4912],[3.2549],[3.4363],[4.2025],[5.274],[6.0613],[5.9922],[4.8564],[2.8422],[3.8995],[4.5363],[4.4642],[3.6402],[2.2613],[0.6456],[-0.9064],[-2.0779],[-2.5912],[-2.375],[-1.6936],[-0.973],[-0.4784],[-0.0505],[0.599],[1.5382],[2.4422],[2.9402],[2.9564],[2.8127],[2.924],[3.4922],[4.4059],[5.2691],[5.5745],[4.9451],[2.7377],[3.0966],[2.7088],[1.4985],[-0.225],[-1.9044],[-3.1118],[-3.7358],[-3.9221],[-3.8206],[-3.5299],[-3.1348],[-2.7598],[-2.4221],[-1.9721],[-1.2132],[-0.1667],[0.8843],[1.6971],[2.2623],[2.6966],[3.0127],[3.1157],[3.0328],[2.9319],[2.8961],[2.7206],[0.0525],[-0.2588],[-1.1593],[-2.5338],[-3.9613],[-4.8863],[-4.9804],[-4.3961],[-3.6436],[-3.1995],[-3.1368],[-3.2211],[-3.1627],[-2.8304],[-2.1985],[-1.3407],[-0.3995],[0.5059],[1.4275],[2.5],[3.6255],[4.2662],[3.8613],[2.4789],[0.9039],[0.0255],[0.0049],[-4.0819],[-4.5956],[-5.2343],[-5.8034],[-6.1078],[-5.9637],[-5.2539],[-4.2108],[-3.3132],[-2.9853],[-3.1716],[-3.3956],[-3.173],[-2.3819],[-1.248],[-0.1005],[0.8167],[1.5025],[2.2152],[3.252],[4.4637],[5.1201],[4.3961],[2.3029],[-0.1235],[-1.5598],[-1.598],[-8.1819],[-8.5284],[-8.5931],[-8.1784],[-7.4632],[-6.7127],[-6.0216],[-5.375],[-4.8882],[-4.7162],[-4.7461],[-4.5569],[-3.7873],[-2.4691],[-0.9495],[0.4044],[1.377],[1.9108],[2.2162],[2.5926],[3.1265],[3.3735],[2.6922],[0.9637],[-1.0505],[-2.2897],[-2.3417],[-10.9828],[-11.2245],[-11.0284],[-10.2029],[-9.1324],[-8.4049],[-8.1828],[-8.1632],[-8.0412],[-7.7765],[-7.3441],[-6.6353],[-5.5672],[-4.2804],[-2.9966],[-1.8412],[-0.9118],[-0.3789],[-0.3358],[-0.598],[-0.824],[-0.923],[-1.1461],[-1.7034],[-2.4525],[-2.9755],[-3.0083],[-11.151],[-11.5701],[-11.6245],[-11.05],[-10.2328],[-9.8314],[-10.0049],[-10.3539],[-10.4167],[-10.0926],[-9.5049],[-8.7559],[-7.9814],[-7.301],[-6.7083],[-6.0324],[-5.2333],[-4.6074],[-4.477],[-4.7721],[-5.0588],[-4.9495],[-4.4363],[-3.7926],[-3.3289],[-3.1525],[-3.1299]]},{"header":{"disciplineName":["Meteorological products"],"parameterCategory":[2],"parameterCategoryName":["v-component of wind"],"parameterNumberName":["v-component of wind"],"parameterNumber":[3],"parameterUnits":["m s-1"],"refTime":["2017-03-17T0000:00.000Z"],"numberPoints":[621],"nx":[27],"ny":[23],"lo1":[-20],"la1":[70],"lo2":[45],"la2":[45],"dx":[2.5],"dy":[2.5]},"data":[[-0.5466],[-0.1637],[0.3382],[0.9324],[1.574],[2.2103],[2.7936],[3.2618],[3.5804],[3.7299],[3.7054],[3.5456],[3.2907],[2.9799],[2.6593],[2.3495],[2.0632],[1.7794],[1.4794],[1.1583],[0.7961],[0.4078],[0.0201],[-0.3461],[-0.6637],[-0.925],[-1.1196],[0.2828],[0.5897],[0.9755],[1.4475],[1.9804],[2.5485],[3.0892],[3.5412],[3.848],[3.9657],[3.8922],[3.6608],[3.3377],[2.9779],[2.6358],[2.3324],[2.0642],[1.802],[1.5088],[1.1652],[0.7652],[0.3426],[-0.077],[-0.4544],[-0.7505],[-0.9583],[-1.1005],[1.3564],[1.5613],[1.7819],[2.0588],[2.4211],[2.8461],[3.2917],[3.675],[3.9157],[3.95],[3.7828],[3.4456],[3.0265],[2.6044],[2.2475],[1.9676],[1.7466],[1.5407],[1.2892],[0.9819],[0.6294],[0.2681],[-0.0593],[-0.3196],[-0.4902],[-0.602],[-0.6926],[2.1382],[2.3157],[2.4466],[2.6005],[2.8093],[3.1],[3.4353],[3.7113],[3.8431],[3.7613],[3.4824],[3.0544],[2.5824],[2.1564],[1.8397],[1.6235],[1.4588],[1.2887],[1.0652],[0.7975],[0.5142],[0.2775],[0.1211],[0.05],[0.0279],[0.0044],[-0.0917],[2.4029],[2.6569],[2.8162],[2.9279],[3.0564],[3.2324],[3.427],[3.5642],[3.5603],[3.3662],[3.0029],[2.5466],[2.1147],[1.7863],[1.5922],[1.4809],[1.3745],[1.201],[0.95],[0.6583],[0.4152],[0.2735],[0.2623],[0.3299],[0.4069],[0.3848],[0.2113],[2.2446],[2.5765],[2.7799],[2.877],[2.9392],[2.9995],[3.0598],[3.0667],[2.9686],[2.7196],[2.35],[1.9436],[1.6132],[1.4118],[1.3377],[1.3142],[1.2333],[1.0431],[0.7505],[0.449],[0.2412],[0.1912],[0.277],[0.4201],[0.4907],[0.4118],[0.1608],[1.7324],[2.0319],[2.2132],[2.2873],[2.3064],[2.3265],[2.3471],[2.3456],[2.2701],[2.0882],[1.8044],[1.475],[1.1926],[0.999],[0.8975],[0.8373],[0.7245],[0.527],[0.275],[0.0711],[-0.0054],[0.0892],[0.2912],[0.4873],[0.5549],[0.4549],[0.2196],[0.8784],[1.0647],[1.2206],[1.3456],[1.4657],[1.5828],[1.702],[1.8039],[1.851],[1.8059],[1.6436],[1.3706],[1.0118],[0.6515],[0.3392],[0.0926],[-0.1157],[-0.2907],[-0.4206],[-0.4377],[-0.301],[-0.0074],[0.3471],[0.6363],[0.773],[0.7554],[0.6441],[-0.1657],[-0.0436],[0.1892],[0.5216],[0.8971],[1.2304],[1.475],[1.6172],[1.6882],[1.6936],[1.5902],[1.3436],[0.925],[0.3897],[-0.1544],[-0.5907],[-0.876],[-1.0113],[-1.023],[-0.899],[-0.6083],[-0.1765],[0.3328],[0.7696],[1.0515],[1.1603],[1.1603],[-1.0623],[-0.9652],[-0.6103],[-0.0127],[0.6745],[1.2382],[1.501],[1.4863],[1.3132],[1.1422],[1.0113],[0.8471],[0.5299],[0.05],[-0.4907],[-0.9343],[-1.1966],[-1.2775],[-1.25],[-1.1167],[-0.8363],[-0.3637],[0.2608],[0.9],[1.375],[1.6049],[1.5809],[-1.6623],[-1.6912],[-1.3422],[-0.5755],[0.3985],[1.1941],[1.4819],[1.2137],[0.6304],[0.0995],[-0.1657],[-0.2225],[-0.2819],[-0.4868],[-0.8196],[-1.125],[-1.274],[-1.2711],[-1.2113],[-1.1196],[-0.9049],[-0.4422],[0.2971],[1.1632],[1.8897],[2.2652],[2.2221],[-2.1103],[-2.3971],[-2.2088],[-1.3426],[-0.0431],[1.1456],[1.65],[1.2735],[0.3152],[-0.6525],[-1.1961],[-1.2745],[-1.1853],[-1.2152],[-1.4422],[-1.702],[-1.777],[-1.6422],[-1.4083],[-1.1907],[-0.9191],[-0.4387],[0.3583],[1.3642],[2.3098],[2.9319],[3.0833],[-2.5431],[-3.0015],[-2.8471],[-1.7696],[-0.0005],[1.7113],[2.5627],[2.202],[0.9382],[-0.4912],[-1.4549],[-1.8074],[-1.8735],[-2.0775],[-2.5191],[-2.973],[-3.0863],[-2.7549],[-2.1505],[-1.5426],[-1.0211],[-0.477],[0.2245],[1.0848],[2.001],[2.8221],[3.4181],[-2.798],[-3.0564],[-2.5613],[-1.0676],[1.1201],[3.1319],[4.0735],[3.5686],[1.9863],[0.1539],[-1.1985],[-1.9034],[-2.3201],[-2.9044],[-3.7515],[-4.5078],[-4.702],[-4.1657],[-3.1377],[-2.0397],[-1.1324],[-0.4284],[0.1235],[0.5711],[1.024],[1.6436],[2.4868],[-2.5348],[-2.2294],[-1.1868],[0.6725],[2.8623],[4.5618],[5.0328],[4.1083],[2.2912],[0.3902],[-1.0201],[-1.8627],[-2.5407],[-3.4446],[-4.5632],[-5.4755],[-5.6936],[-5.0814],[-3.8873],[-2.5029],[-1.1725],[-0.0397],[0.6917],[0.826],[0.4887],[0.25],[0.6574],[-1.5887],[-0.7662],[0.6127],[2.3505],[3.9279],[4.7127],[4.3828],[3.1221],[1.4975],[0.0721],[-0.9348],[-1.6868],[-2.5245],[-3.6142],[-4.7603],[-5.5779],[-5.7392],[-5.2637],[-4.3475],[-3.0745],[-1.4015],[0.5201],[2.0275],[2.3157],[1.2216],[-0.3495],[-1.1034],[-0.226],[0.7162],[1.8348],[2.8721],[3.4382],[3.252],[2.3877],[1.299],[0.4304],[-0.0902],[-0.5333],[-1.2475],[-2.3686],[-3.6691],[-4.7338],[-5.2765],[-5.3216],[-5.1176],[-4.7373],[-3.8569],[-2.0049],[0.7304],[3.249],[4.0348],[2.474],[-0.3534],[-2.4142],[0.9716],[1.5642],[1.9676],[2.0828],[1.8152],[1.177],[0.4559],[0.0358],[0.1034],[0.3676],[0.2294],[-0.7015],[-2.2515],[-3.7789],[-4.7221],[-4.9603],[-4.851],[-4.8044],[-4.8088],[-4.2603],[-2.4534],[0.5569],[3.4936],[4.5201],[2.7716],[-0.6745],[-3.4819],[1.4377],[1.4779],[1.1583],[0.6593],[0.1779],[-0.1804],[-0.2975],[-0.0294],[0.5637],[1.0613],[0.8593],[-0.3059],[-2.0333],[-3.5466],[-4.3],[-4.3348],[-4.1221],[-4.0426],[-3.9975],[-3.4412],[-1.8691],[0.5667],[2.8064],[3.4078],[1.698],[-1.4583],[-4.1196],[1.0907],[0.6995],[-0.0108],[-0.5907],[-0.7181],[-0.4093],[0.0843],[0.6098],[1.0819],[1.2936],[0.9402],[-0.0799],[-1.4206],[-2.5147],[-3.0319],[-3.0975],[-2.9868],[-2.8279],[-2.4368],[-1.6162],[-0.4005],[0.8436],[1.5853],[1.3353],[-0.0152],[-2.0123],[-3.7951],[0.4083],[-0.125],[-0.8549],[-1.2201],[-0.8784],[-0.0603],[0.7015],[1.0637],[1.0755],[0.8853],[0.5377],[0.0088],[-0.6083],[-1.1461],[-1.5392],[-1.8534],[-2.0725],[-1.952],[-1.2931],[-0.277],[0.5098],[0.5221],[-0.2186],[-1.1691],[-1.8314],[-2.2392],[-2.7892],[-0.0627],[-0.4833],[-1.0475],[-1.2324],[-0.751],[0.1142],[0.7819],[0.8931],[0.5721],[0.1725],[-0.0873],[-0.2093],[-0.3289],[-0.5691],[-1.024],[-1.6451],[-2.1691],[-2.1789],[-1.5191],[-0.5863],[-0.2255],[-1.0088],[-2.5701],[-3.7922],[-3.7804],[-2.8789],[-2.3196],[-0.3525],[-0.5422],[-0.8814],[-1.0417],[-0.7667],[-0.2078],[0.225],[0.2608],[-0.052],[-0.4426],[-0.7108],[-0.8309],[-0.9382],[-1.2446],[-1.8426],[-2.6157],[-3.2191],[-3.2863],[-2.7451],[-2.0196],[-1.8574],[-2.7525],[-4.3446],[-5.5324],[-5.3618],[-4.0824],[-2.9461]]}]