html/data/WT_san09_ind_wt_9_7.json
[{"header":{"disciplineName":["Meteorological products"],"parameterCategory":[0],"parameterCategoryName":["Temperature"],"parameterNumberName":["Temperature"],"parameterNumber":[0],"parameterUnits":["K"],"refTime":["2017-03-17T0000:00.000Z"],"numberPoints":[621],"nx":[27],"ny":[23],"lo1":[-20],"la1":[70],"lo2":[45],"la2":[45],"dx":[2.5],"dy":[2.5]},"data":[[-5.6262],[-4.9881],[-4.4405],[-3.9738],[-3.5976],[-3.3024],[-3.0976],[-2.9357],[-2.8262],[-2.7357],[-2.6786],[-2.6595],[-2.631],[-2.6119],[-2.631],[-2.6548],[-2.6976],[-2.7071],[-2.7167],[-2.6929],[-2.6167],[-2.4929],[-2.3071],[-2.0976],[-1.8786],[-1.65],[-1.4548],[-3.1738],[-2.8167],[-2.5214],[-2.2738],[-2.0929],[-1.9452],[-1.8167],[-1.7262],[-1.6595],[-1.569],[-1.5024],[-1.4214],[-1.3452],[-1.2738],[-1.2452],[-1.2214],[-1.2595],[-1.3024],[-1.369],[-1.4024],[-1.3786],[-1.3119],[-1.1881],[-0.9833],[-0.7643],[-0.5119],[-0.3119],[-0.8119],[-0.669],[-0.55],[-0.4214],[-0.3071],[-0.2024],[-0.1357],[-0.1214],[-0.1071],[-0.1595],[-0.1595],[-0.1452],[-0.0786],[0.0071],[0.1024],[0.1833],[0.2119],[0.2214],[0.1881],[0.1548],[0.1452],[0.1786],[0.269],[0.4452],[0.6548],[0.8643],[1.05],[0.5214],[0.6262],[0.7929],[1.0262],[1.269],[1.4595],[1.55],[1.5119],[1.3595],[1.1833],[1.0167],[0.9357],[0.9595],[1.0595],[1.2214],[1.3976],[1.5357],[1.631],[1.6643],[1.6738],[1.6929],[1.75],[1.8452],[2.0167],[2.2214],[2.4119],[2.569],[1.1119],[1.2833],[1.5833],[2.0024],[2.3976],[2.7024],[2.8262],[2.7405],[2.5262],[2.2167],[1.9833],[1.85],[1.8643],[2.0024],[2.1881],[2.3881],[2.5452],[2.6548],[2.7167],[2.7786],[2.85],[2.9595],[3.1262],[3.3548],[3.5976],[3.831],[3.9929],[2.2024],[2.3548],[2.6405],[3.0357],[3.4357],[3.7024],[3.7929],[3.6786],[3.4214],[3.15],[2.969],[2.9167],[2.9738],[3.0976],[3.1833],[3.2405],[3.2738],[3.2881],[3.3595],[3.4976],[3.6929],[3.931],[4.2357],[4.5548],[4.8833],[5.169],[5.3833],[4.3833],[4.3262],[4.3452],[4.4643],[4.631],[4.7357],[4.7214],[4.5405],[4.3405],[4.1976],[4.169],[4.2786],[4.3643],[4.3786],[4.2548],[4.0976],[3.969],[3.9881],[4.1929],[4.5214],[4.9452],[5.3643],[5.7738],[6.1643],[6.5071],[6.769],[6.9357],[6.831],[6.4738],[6.169],[5.9833],[5.9214],[5.831],[5.6881],[5.4738],[5.3071],[5.2929],[5.431],[5.6119],[5.7214],[5.5976],[5.2833],[4.969],[4.8643],[5.0738],[5.5738],[6.2262],[6.8595],[7.3738],[7.7881],[8.169],[8.4786],[8.6833],[8.7786],[8.4167],[7.9167],[7.5167],[7.25],[7.131],[6.9786],[6.7357],[6.4357],[6.231],[6.2548],[6.4929],[6.8024],[6.8881],[6.6833],[6.2643],[5.931],[5.9738],[6.4833],[7.2833],[8.0881],[8.7214],[9.1548],[9.5262],[9.9024],[10.2881],[10.5738],[10.6738],[9.0548],[8.6595],[8.4357],[8.431],[8.4643],[8.3357],[7.9738],[7.4929],[7.1786],[7.2167],[7.55],[7.9976],[8.169],[7.9357],[7.469],[7.1595],[7.3119],[7.9595],[8.8119],[9.5262],[9.95],[10.2357],[10.65],[11.2833],[11.9881],[12.45],[12.5119],[9.431],[9.3071],[9.4643],[9.7976],[10.031],[9.9024],[9.4262],[8.8119],[8.3976],[8.4595],[8.9214],[9.4833],[9.7452],[9.5357],[9.0405],[8.7071],[8.8833],[9.55],[10.3452],[10.9119],[11.2214],[11.5452],[12.269],[13.3929],[14.4833],[14.9643],[14.65],[9.9976],[10.1167],[10.5786],[11.1548],[11.4976],[11.4119],[10.9262],[10.3262],[9.9738],[10.0738],[10.5595],[11.1167],[11.369],[11.1929],[10.7357],[10.4214],[10.6548],[11.4405],[12.3929],[13.1167],[13.5976],[14.25],[15.431],[17.0357],[18.3405],[18.6024],[17.6167],[10.6786],[10.8595],[11.4119],[12.0405],[12.469],[12.5214],[12.2786],[11.9881],[11.8643],[11.9548],[12.2357],[12.5262],[12.6405],[12.4833],[12.1452],[12.0119],[12.45],[13.5071],[14.7976],[15.9119],[16.7214],[17.6833],[19.131],[20.9548],[22.3452],[22.4738],[21.2071],[11.4024],[11.5262],[11.9738],[12.6024],[13.1881],[13.6119],[13.8548],[14.0452],[14.131],[14.0881],[13.9452],[13.7738],[13.65],[13.5214],[13.3881],[13.4548],[14.031],[15.1976],[16.6738],[17.931],[18.8738],[19.8024],[21.1881],[22.9595],[24.4786],[25.031],[24.5119],[12.431],[12.4357],[12.7738],[13.5167],[14.431],[15.369],[16.1595],[16.7024],[16.8595],[16.5738],[15.9929],[15.4167],[15.0976],[15.0262],[15.0357],[15.1357],[15.5738],[16.4643],[17.6262],[18.6167],[19.3024],[20.0119],[21.2071],[22.9024],[24.5833],[25.7976],[26.5071],[13.7833],[13.8024],[14.2357],[15.231],[16.5786],[17.9357],[19.0214],[19.6452],[19.7167],[19.2976],[18.5405],[17.8548],[17.4833],[17.4262],[17.431],[17.3833],[17.4452],[17.7929],[18.3405],[18.85],[19.2643],[19.9786],[21.3071],[23.0881],[24.731],[25.9452],[27.0071],[15.2976],[15.5643],[16.2405],[17.4786],[19.0548],[20.5405],[21.5881],[22.0833],[22.0929],[21.7881],[21.2976],[20.8548],[20.5405],[20.3786],[20.1786],[19.8738],[19.6024],[19.4881],[19.5786],[19.7548],[20.1738],[21.2548],[23.1357],[25.2214],[26.5786],[26.9024],[26.869],[16.9262],[17.6119],[18.5357],[19.769],[21.1786],[22.4119],[23.231],[23.5881],[23.6929],[23.7595],[23.7976],[23.7024],[23.4405],[22.9929],[22.4262],[21.85],[21.3786],[21.1262],[21.0357],[21.1738],[21.7833],[23.2595],[25.6071],[28.0214],[29.231],[28.6833],[27.1976],[18.6786],[19.8071],[20.8262],[21.7643],[22.6738],[23.5214],[24.1452],[24.5119],[24.7929],[25.1881],[25.6405],[25.8024],[25.4357],[24.6262],[23.7262],[22.9405],[22.3833],[22.0833],[22.0738],[22.3357],[23.0214],[24.4405],[26.6786],[29.0976],[30.4881],[30.05],[28.2738],[20.2595],[21.5833],[22.5595],[23.1357],[23.5833],[24.1262],[24.7167],[25.1595],[25.55],[26.0452],[26.569],[26.7214],[26.2452],[25.3024],[24.331],[23.569],[23.0214],[22.731],[22.8262],[23.2738],[23.9405],[24.8595],[26.2643],[28.0881],[29.6214],[30.0548],[29.2167],[20.9738],[22.1881],[23.0262],[23.3976],[23.6548],[24.1643],[24.7976],[25.269],[25.569],[25.9024],[26.2976],[26.4214],[26.0452],[25.3786],[24.7976],[24.3548],[23.9595],[23.6976],[23.869],[24.5119],[25.1881],[25.5643],[25.931],[26.75],[27.931],[28.8548],[28.95],[20.5595],[21.4214],[22.0643],[22.4167],[22.7357],[23.3024],[23.9167],[24.3071],[24.4405],[24.5929],[24.9167],[25.1643],[25.1548],[25.0738],[25.0881],[25.1024],[24.9214],[24.7214],[24.9024],[25.5738],[26.2214],[26.3738],[26.1452],[26.15],[26.6595],[27.2214],[27.3071],[19.4929],[19.9262],[20.3357],[20.6976],[21.1119],[21.6405],[22.1357],[22.3976],[22.4643],[22.5976],[22.9167],[23.3881],[23.8262],[24.2405],[24.6595],[24.8929],[24.869],[24.7595],[24.8976],[25.3024],[25.669],[25.7071],[25.5738],[25.5595],[25.731],[25.6976],[25.1548]]},{"header":{"disciplineName":["Meteorological products"],"parameterCategory":[2],"parameterCategoryName":["u-component of wind"],"parameterNumberName":["u-component of wind"],"parameterNumber":[2],"parameterUnits":["m s-1"],"refTime":["2017-03-17T0000:00.000Z"],"numberPoints":[621],"nx":[27],"ny":[23],"lo1":[-20],"la1":[70],"lo2":[45],"la2":[45],"dx":[2.5],"dy":[2.5]},"data":[[1.181],[1.6],[1.9952],[2.381],[2.7333],[3.1048],[3.4762],[3.8667],[4.2524],[4.6095],[4.8952],[5.1095],[5.2238],[5.2714],[5.2571],[5.2333],[5.2619],[5.3619],[5.5619],[5.819],[6.1429],[6.4524],[6.7286],[6.9333],[7.0762],[7.1238],[7.1333],[1.3238],[2],[2.5952],[3.1143],[3.6095],[4.0619],[4.519],[4.9667],[5.4095],[5.7857],[6.0619],[6.2238],[6.2667],[6.1571],[5.9905],[5.819],[5.719],[5.7429],[5.9095],[6.2238],[6.6238],[7.0381],[7.4524],[7.781],[8.0619],[8.281],[8.4476],[2.2714],[2.9667],[3.6381],[4.2095],[4.7143],[5.1714],[5.6],[6.0048],[6.3762],[6.7048],[6.9286],[7.0048],[6.9429],[6.7286],[6.4667],[6.2],[6.0143],[5.9762],[6.1048],[6.381],[6.7762],[7.2095],[7.6381],[8.0381],[8.4048],[8.719],[9.0143],[4.7476],[5.2429],[5.6857],[6.081],[6.4],[6.6095],[6.7857],[6.8762],[6.9667],[6.9952],[6.9905],[6.9238],[6.8],[6.6048],[6.4],[6.2476],[6.1667],[6.2095],[6.3857],[6.6619],[7.0381],[7.4286],[7.8571],[8.3],[8.7238],[9.1571],[9.519],[8.4619],[8.5],[8.4476],[8.3619],[8.2048],[7.9619],[7.6333],[7.2429],[6.8571],[6.4952],[6.2381],[6.0476],[5.9381],[5.8857],[5.8905],[5.9762],[6.1381],[6.3857],[6.6476],[6.9619],[7.2619],[7.6],[7.9857],[8.4476],[8.9667],[9.4762],[9.9524],[11.7429],[11.1714],[10.5143],[9.8238],[9.119],[8.3619],[7.6],[6.8429],[6.1429],[5.6333],[5.3143],[5.1524],[5.1381],[5.2571],[5.4143],[5.6762],[5.9762],[6.3],[6.5857],[6.8286],[7.0048],[7.2429],[7.5429],[7.9952],[8.5619],[9.1714],[9.7238],[12.9143],[11.9524],[10.8905],[9.8048],[8.7619],[7.7714],[6.8667],[6.0667],[5.481],[5.1333],[5.0333],[5.081],[5.1952],[5.2905],[5.3571],[5.481],[5.6429],[5.8524],[6.0238],[6.0905],[6.1476],[6.2476],[6.5048],[6.9381],[7.5048],[8.1048],[8.6524],[11.9143],[10.9619],[9.9095],[8.8429],[7.8429],[6.9381],[6.1571],[5.5333],[5.1714],[5.1],[5.2524],[5.5095],[5.6429],[5.6],[5.4381],[5.2905],[5.2333],[5.2476],[5.2762],[5.2143],[5.1381],[5.1476],[5.3524],[5.7524],[6.2524],[6.7476],[7.1476],[9.9238],[9.2429],[8.4952],[7.7238],[6.9571],[6.2571],[5.6],[5.0619],[4.6857],[4.619],[4.8095],[5.1],[5.2714],[5.2333],[5.0333],[4.8476],[4.7762],[4.8143],[4.8476],[4.7619],[4.581],[4.5143],[4.6238],[4.9429],[5.2952],[5.519],[5.619],[8.0048],[7.5714],[7.0524],[6.481],[5.9095],[5.3429],[4.7714],[4.1905],[3.6476],[3.3476],[3.3381],[3.5714],[3.8714],[4.0286],[4.1286],[4.219],[4.419],[4.7048],[4.8905],[4.8381],[4.619],[4.4143],[4.3857],[4.5048],[4.6095],[4.5095],[4.2667],[6.3048],[5.8857],[5.3381],[4.7429],[4.2667],[3.9571],[3.7286],[3.4286],[3.019],[2.6333],[2.4667],[2.6048],[2.9524],[3.3238],[3.6476],[3.9905],[4.4048],[4.8381],[5.1333],[5.1095],[4.8143],[4.4429],[4.2048],[4.0429],[3.8381],[3.4381],[2.9714],[4.481],[3.9905],[3.3286],[2.7095],[2.4619],[2.7],[3.2857],[3.8286],[4.0524],[3.9762],[3.8],[3.781],[3.9286],[4.1667],[4.3619],[4.5571],[4.7952],[5.0952],[5.2429],[5.1333],[4.6952],[4.1619],[3.6429],[3.2048],[2.7143],[2.1476],[1.7095],[2.481],[1.9571],[1.419],[1.1333],[1.419],[2.419],[3.8667],[5.2667],[6.1048],[6.3333],[6.1524],[5.9286],[5.8381],[5.8381],[5.7857],[5.7],[5.5714],[5.4333],[5.2714],[4.9095],[4.3286],[3.619],[2.9476],[2.3333],[1.7571],[1.2],[0.8333],[0.6905],[0.4333],[0.4],[0.8143],[1.7762],[3.2143],[4.819],[6.119],[6.8048],[6.8619],[6.5714],[6.3571],[6.4095],[6.6429],[6.8286],[6.7857],[6.481],[5.981],[5.381],[4.7286],[4.0143],[3.3619],[2.7952],[2.381],[2.019],[1.6],[1.1762],[-0.2857],[-0.0429],[0.7],[1.8714],[3.2381],[4.4524],[5.219],[5.4048],[5.1095],[4.6524],[4.381],[4.5476],[5.2286],[6.1714],[7.0286],[7.3857],[7.1286],[6.3619],[5.419],[4.5619],[3.9429],[3.6],[3.5524],[3.6619],[3.7571],[3.519],[2.8286],[-0.2238],[0.681],[2.0333],[3.5619],[4.819],[5.3333],[4.9524],[3.9286],[2.8381],[2.1762],[2.2619],[3.0095],[4.2],[5.5],[6.5714],[7.0476],[6.781],[5.881],[4.8095],[4.0143],[3.7524],[3.9667],[4.4762],[5.0714],[5.4762],[5.3476],[4.3952],[0.6333],[1.9762],[3.3857],[4.6048],[5.319],[5.2333],[4.3333],[3.0762],[2.1429],[1.9905],[2.5905],[3.5429],[4.4095],[4.9762],[5.2524],[5.2048],[4.7381],[3.9619],[3.1714],[2.8952],[3.219],[3.9524],[4.6429],[5.081],[5.2381],[5],[4.1333],[1.4905],[2.7714],[3.6333],[4.1143],[4.2333],[3.9286],[3.319],[2.7762],[2.7],[3.2143],[3.9714],[4.419],[4.2286],[3.5],[2.6143],[1.9286],[1.4762],[1.1952],[1.181],[1.6667],[2.581],[3.4619],[3.781],[3.4476],[2.8571],[2.4476],[2.0714],[1.3619],[2.0952],[2.3048],[2.1714],[1.9286],[1.719],[1.6333],[1.8381],[2.3333],[2.9381],[3.219],[2.8905],[1.9429],[0.6429],[-0.5619],[-1.2524],[-1.2905],[-0.8095],[-0.0333],[1.0143],[2.1333],[2.7952],[2.4952],[1.3286],[0.1],[-0.381],[-0.1048],[-0.481],[-0.381],[-0.5524],[-0.7619],[-0.9143],[-1.0048],[-0.8857],[-0.4762],[0.0143],[0.1429],[-0.2286],[-0.919],[-1.619],[-2.1857],[-2.5048],[-2.481],[-1.9381],[-1.0333],[-0.0333],[0.9048],[1.6381],[1.7952],[1.0667],[-0.3714],[-1.6714],[-2.0143],[-1.3619],[-3.9905],[-4.3667],[-4.4952],[-4.3286],[-4.1714],[-4.1667],[-4.1286],[-3.8048],[-3.481],[-3.5952],[-4.1952],[-4.619],[-4.4143],[-3.6714],[-2.8286],[-2.0524],[-1.2762],[-0.481],[0.0762],[0.3095],[0.2524],[-0.0714],[-0.8524],[-1.9238],[-2.781],[-2.9095],[-2.419],[-7.9762],[-8.6],[-8.5714],[-8.0619],[-7.6143],[-7.619],[-7.7333],[-7.4762],[-7.0048],[-6.8714],[-7.1143],[-7.0905],[-6.2667],[-4.8619],[-3.5286],[-2.5524],[-1.8238],[-1.3571],[-1.3238],[-1.7524],[-2.3429],[-2.8429],[-3.2905],[-3.7095],[-3.9333],[-3.9],[-3.7905],[-10.4476],[-11.1762],[-11.2286],[-10.6619],[-10.1762],[-10.2381],[-10.5714],[-10.5286],[-10.0429],[-9.6143],[-9.4952],[-9.2571],[-8.4857],[-7.3714],[-6.2952],[-5.4143],[-4.7095],[-4.3095],[-4.4381],[-4.9857],[-5.4286],[-5.5143],[-5.3667],[-5.1095],[-4.7429],[-4.4238],[-4.3524]]},{"header":{"disciplineName":["Meteorological products"],"parameterCategory":[2],"parameterCategoryName":["v-component of wind"],"parameterNumberName":["v-component of wind"],"parameterNumber":[3],"parameterUnits":["m s-1"],"refTime":["2017-03-17T0000:00.000Z"],"numberPoints":[621],"nx":[27],"ny":[23],"lo1":[-20],"la1":[70],"lo2":[45],"la2":[45],"dx":[2.5],"dy":[2.5]},"data":[[-0.5238],[-0.3143],[-0.0238],[0.3143],[0.6381],[0.9048],[1.0952],[1.1524],[1.0667],[0.8333],[0.4905],[0.0619],[-0.4048],[-0.8381],[-1.181],[-1.4286],[-1.5905],[-1.6524],[-1.7],[-1.7],[-1.7143],[-1.6857],[-1.6286],[-1.5],[-1.2524],[-0.9048],[-0.4571],[1.219],[1.5048],[1.7762],[1.9762],[2.119],[2.1857],[2.1476],[1.9952],[1.6952],[1.2762],[0.7524],[0.1762],[-0.3714],[-0.7857],[-1.0571],[-1.1286],[-1.0571],[-0.8952],[-0.7286],[-0.6048],[-0.5905],[-0.6429],[-0.7143],[-0.7524],[-0.681],[-0.5048],[-0.1952],[2.9762],[3.3143],[3.5048],[3.5333],[3.4333],[3.2286],[2.9095],[2.4619],[1.9286],[1.2714],[0.5714],[-0.1476],[-0.7571],[-1.1667],[-1.3286],[-1.2048],[-0.8714],[-0.4095],[0.0524],[0.3857],[0.5619],[0.5619],[0.4857],[0.3571],[0.2905],[0.3095],[0.3952],[4.0048],[4.3905],[4.5667],[4.519],[4.2333],[3.7619],[3.1571],[2.481],[1.7571],[1],[0.2381],[-0.4762],[-1.0667],[-1.419],[-1.5],[-1.2476],[-0.719],[-0.0476],[0.6238],[1.1905],[1.5667],[1.7286],[1.7333],[1.6381],[1.481],[1.3048],[1.0667],[4.0857],[4.481],[4.7048],[4.6333],[4.2429],[3.5619],[2.7381],[1.8905],[1.1238],[0.4524],[-0.1333],[-0.6286],[-1.0381],[-1.2667],[-1.2524],[-0.9524],[-0.4095],[0.3048],[1.0476],[1.7048],[2.2286],[2.5952],[2.7524],[2.7762],[2.5905],[2.2143],[1.6429],[3.3857],[3.5952],[3.7667],[3.6524],[3.1857],[2.381],[1.4762],[0.6476],[0.0381],[-0.3095],[-0.5143],[-0.6762],[-0.8143],[-0.8905],[-0.8048],[-0.5095],[-0.0048],[0.6143],[1.2762],[1.919],[2.519],[3.019],[3.3762],[3.5429],[3.4333],[2.9762],[2.1762],[2.1238],[1.9381],[1.9048],[1.7286],[1.2571],[0.5571],[-0.1667],[-0.7],[-0.9048],[-0.8286],[-0.681],[-0.5905],[-0.6238],[-0.6762],[-0.581],[-0.2762],[0.2286],[0.8286],[1.4333],[2.019],[2.5857],[3.1905],[3.7238],[4.0714],[4.0952],[3.6905],[2.881],[0.6286],[0.0429],[-0.2238],[-0.4429],[-0.7524],[-1.1381],[-1.4286],[-1.4333],[-1.0857],[-0.6286],[-0.3],[-0.3095],[-0.5667],[-0.8095],[-0.7905],[-0.3952],[0.2619],[0.9857],[1.5857],[2.1143],[2.6571],[3.3048],[3.9952],[4.5238],[4.681],[4.3952],[3.6952],[-0.6571],[-1.4714],[-1.8667],[-2.0476],[-2.1667],[-2.219],[-2.0476],[-1.5238],[-0.7619],[-0.0476],[0.2619],[6.2443e-08],[-0.6143],[-1.1524],[-1.1952],[-0.619],[0.2857],[1.1429],[1.7571],[2.1857],[2.6524],[3.3571],[4.1619],[4.8429],[5.1048],[4.8714],[4.1905],[-1.5476],[-2.3571],[-2.8],[-2.9619],[-3.0238],[-2.9],[-2.519],[-1.7524],[-0.781],[0.1],[0.419],[0.0381],[-0.7429],[-1.3524],[-1.3238],[-0.5714],[0.5143],[1.4429],[1.9476],[2.2048],[2.5714],[3.281],[4.2],[4.9381],[5.1714],[4.8238],[4.0524],[-2.1952],[-2.9286],[-3.381],[-3.6143],[-3.6571],[-3.5048],[-3.0571],[-2.2571],[-1.2286],[-0.2905],[0.1381],[-0.0905],[-0.7381],[-1.219],[-1.0429],[-0.1762],[0.9667],[1.8286],[2.2],[2.2762],[2.5524],[3.2381],[4.1429],[4.8095],[4.8762],[4.3619],[3.5238],[-2.8429],[-3.5619],[-4.0524],[-4.2],[-4.0095],[-3.5429],[-2.881],[-2.0524],[-1.1333],[-0.3429],[0.0333],[-0.119],[-0.5905],[-0.9429],[-0.7286],[0.119],[1.2333],[2.0476],[2.3286],[2.3524],[2.5619],[3.1381],[3.919],[4.3619],[4.2476],[3.6905],[3.0286],[-3.4905],[-4.2952],[-4.7238],[-4.4857],[-3.6667],[-2.5],[-1.3286],[-0.4476],[0.1143],[0.3286],[0.2524],[-0.081],[-0.5429],[-0.8667],[-0.7238],[-0.0333],[0.9286],[1.719],[2.0238],[2.0238],[2.1476],[2.5857],[3.1381],[3.4238],[3.2238],[2.8238],[2.6143],[-3.9476],[-4.781],[-4.9286],[-4.1667],[-2.5619],[-0.6429],[0.9286],[1.6714],[1.5476],[0.9381],[0.2524],[-0.2429],[-0.5571],[-0.7333],[-0.6905],[-0.3143],[0.3095],[0.8714],[1.0714],[0.9762],[0.9667],[1.3381],[1.9286],[2.2476],[2.1],[1.8524],[2.0238],[-4.0524],[-4.6095],[-4.3762],[-3.1857],[-1.2048],[0.9095],[2.3667],[2.6476],[1.8571],[0.6571],[-0.1571],[-0.2857],[-0.0286],[0.1333],[0.0238],[-0.181],[-0.2381],[-0.2143],[-0.3476],[-0.5857],[-0.519],[0.1524],[1.1429],[1.7429],[1.581],[1.0429],[0.9667],[-3.4286],[-3.5143],[-2.9952],[-1.7667],[-0.081],[1.5],[2.3286],[2.0905],[1.0524],[6.3862e-08],[-0.2429],[0.419],[1.319],[1.681],[1.1667],[0.1619],[-0.7714],[-1.4381],[-1.8667],[-2.0143],[-1.481],[-0.0857],[1.6381],[2.5429],[1.9905],[0.5381],[-0.4762],[-1.8952],[-1.5667],[-1.0857],[-0.3381],[0.5571],[1.2905],[1.5],[1.1],[0.4381],[0.1143],[0.5952],[1.6905],[2.6],[2.5667],[1.4286],[-0.2667],[-1.8048],[-2.7667],[-3.1333],[-2.8],[-1.4714],[0.7571],[3.0143],[3.8667],[2.5952],[-0.0286],[-2.1143],[0.2429],[0.6143],[0.681],[0.7143],[0.8238],[0.9095],[0.8762],[0.7571],[0.7476],[1.0905],[1.7952],[2.4381],[2.4857],[1.6524],[0.0667],[-1.6905],[-3.0619],[-3.7524],[-3.681],[-2.6714],[-0.7048],[1.8857],[4.0143],[4.3619],[2.3667],[-0.9571],[-3.5571],[2.0857],[2.1667],[1.6524],[1.1],[0.8286],[0.7905],[0.8571],[1.0286],[1.4143],[1.9286],[2.2571],[2.0048],[1.0333],[-0.3476],[-1.7476],[-2.8381],[-3.5048],[-3.6286],[-3.0571],[-1.6333],[0.4667],[2.6429],[3.9238],[3.4762],[1.2048],[-1.8762],[-4.1238],[2.8286],[2.4905],[1.6095],[0.9524],[0.8381],[1.0286],[1.2476],[1.4238],[1.6762],[1.9095],[1.8048],[1.0571],[-0.2048],[-1.4667],[-2.2381],[-2.5333],[-2.5476],[-2.2762],[-1.5],[-0.0714],[1.6238],[2.8238],[2.9619],[1.8905],[-0.0381],[-2.0952],[-3.519],[2.4476],[1.8286],[0.8952],[0.5238],[0.881],[1.4429],[1.7048],[1.6],[1.3857],[1.2381],[1.0762],[0.5857],[-0.2095],[-0.9667],[-1.3333],[-1.3333],[-1.181],[-0.8],[-0.0048],[1.1619],[2.1238],[2.2667],[1.4524],[0.2],[-0.9429],[-1.7571],[-2.3952],[1.5905],[0.8333],[0.0333],[-0.0524],[0.6238],[1.4524],[1.8],[1.4952],[0.919],[0.5429],[0.4952],[0.5429],[0.3429],[-0.1143],[-0.5905],[-0.8667],[-0.8238],[-0.3714],[0.4143],[1.1619],[1.3238],[0.6333],[-0.519],[-1.4857],[-1.819],[-1.7524],[-1.9667],[0.8238],[0.081],[-0.6667],[-0.7905],[-0.2048],[0.6524],[1.1905],[1.0857],[0.5286],[0.019],[-0.0476],[0.1714],[0.1857],[-0.2857],[-1.0524],[-1.5762],[-1.5238],[-0.9286],[-0.219],[-0.0143],[-0.5095],[-1.5381],[-2.4429],[-2.8286],[-2.6905],[-2.4143],[-2.5095]]}]