html/data/WT_san09_ind_wt_6_5.json
[{"header":{"disciplineName":["Meteorological products"],"parameterCategory":[0],"parameterCategoryName":["Temperature"],"parameterNumberName":["Temperature"],"parameterNumber":[0],"parameterUnits":["K"],"refTime":["2017-03-17T0000:00.000Z"],"numberPoints":[621],"nx":[27],"ny":[23],"lo1":[-20],"la1":[70],"lo2":[45],"la2":[45],"dx":[2.5],"dy":[2.5]},"data":[[-0.4932],[-0.5777],[-0.6609],[-0.7405],[-0.8132],[-0.8705],[-0.895],[-0.8755],[-0.7905],[-0.6405],[-0.4177],[-0.1455],[0.1645],[0.4777],[0.7727],[1.0132],[1.19],[1.2968],[1.3377],[1.3259],[1.2909],[1.2595],[1.2432],[1.2591],[1.305],[1.3659],[1.4318],[-0.1391],[-0.1582],[-0.17],[-0.1814],[-0.1855],[-0.1709],[-0.1277],[-0.0259],[0.1355],[0.3723],[0.6709],[1.0191],[1.3905],[1.7586],[2.0805],[2.3368],[2.5114],[2.6077],[2.6373],[2.6205],[2.5914],[2.5795],[2.6041],[2.6691],[2.775],[2.8964],[3.0155],[0.5418],[0.5823],[0.6091],[0.635],[0.6673],[0.7264],[0.8309],[0.9964],[1.2232],[1.5077],[1.8373],[2.1914],[2.5455],[2.8755],[3.1586],[3.3818],[3.535],[3.6345],[3.6968],[3.7377],[3.7973],[3.8905],[4.0255],[4.1977],[4.3882],[4.5659],[4.7136],[1.5232],[1.5577],[1.5618],[1.5641],[1.5841],[1.6655],[1.8205],[2.0586],[2.3705],[2.7164],[3.08],[3.4264],[3.7468],[4.0205],[4.2391],[4.4091],[4.5345],[4.6359],[4.7277],[4.8355],[4.9818],[5.1809],[5.4186],[5.6786],[5.9341],[6.1541],[6.3091],[2.4559],[2.4732],[2.4382],[2.3968],[2.3909],[2.4732],[2.6655],[2.9627],[3.335],[3.7245],[4.1032],[4.4395],[4.7182],[4.9455],[5.1264],[5.2686],[5.3741],[5.4632],[5.5595],[5.6932],[5.8791],[6.1268],[6.4259],[6.74],[7.0445],[7.3118],[7.5286],[3.2818],[3.3323],[3.3173],[3.2695],[3.2418],[3.2973],[3.4664],[3.7364],[4.0664],[4.3995],[4.6941],[4.9345],[5.1455],[5.3336],[5.5091],[5.6755],[5.8159],[5.9373],[6.0686],[6.2309],[6.4586],[6.7668],[7.125],[7.4927],[7.8423],[8.1468],[8.435],[4.2377],[4.355],[4.3791],[4.3327],[4.2745],[4.2755],[4.3682],[4.5341],[4.7377],[4.925],[5.0755],[5.2009],[5.3309],[5.4986],[5.7168],[5.9655],[6.2168],[6.4527],[6.6964],[6.9668],[7.3095],[7.72],[8.1641],[8.5741],[8.9186],[9.1909],[9.4418],[5.4382],[5.5327],[5.5095],[5.4114],[5.3018],[5.2359],[5.2605],[5.3518],[5.4986],[5.6514],[5.7932],[5.9295],[6.0909],[6.2995],[6.5791],[6.9009],[7.255],[7.595],[7.9423],[8.3036],[8.7268],[9.1982],[9.6795],[10.0945],[10.3982],[10.5914],[10.7564],[6.66],[6.5959],[6.4691],[6.32],[6.1932],[6.1182],[6.1368],[6.2623],[6.4941],[6.8168],[7.1773],[7.5282],[7.8477],[8.1227],[8.3814],[8.6568],[8.9491],[9.2273],[9.4968],[9.7505],[10.0314],[10.3682],[10.7573],[11.1373],[11.4609],[11.7195],[11.9741],[7.7045],[7.5282],[7.4068],[7.3573],[7.3477],[7.3586],[7.4236],[7.5964],[7.9495],[8.4695],[9.1005],[9.7],[10.1436],[10.3968],[10.5041],[10.5605],[10.6295],[10.7127],[10.7445],[10.6927],[10.6191],[10.6391],[10.8482],[11.2286],[11.695],[12.1936],[12.7314],[8.6305],[8.5641],[8.6855],[8.9155],[9.1536],[9.3145],[9.4227],[9.5886],[9.9323],[10.4759],[11.1586],[11.7941],[12.2059],[12.3159],[12.2068],[12.0364],[11.9473],[11.9305],[11.845],[11.5886],[11.2459],[11.0373],[11.1732],[11.6532],[12.3186],[12.9809],[13.595],[9.5923],[9.7986],[10.2105],[10.7082],[11.14],[11.4418],[11.6645],[11.8818],[12.1845],[12.6045],[13.0918],[13.5273],[13.7723],[13.7386],[13.4982],[13.2782],[13.2505],[13.3945],[13.5109],[13.3932],[13.1173],[12.9895],[13.3264],[14.085],[14.9527],[15.5436],[15.7805],[10.6105],[10.9836],[11.4609],[11.9473],[12.4218],[12.9345],[13.49],[14.0409],[14.4941],[14.8182],[15.0368],[15.2041],[15.2691],[15.1641],[14.9014],[14.7064],[14.7909],[15.1745],[15.5982],[15.8005],[15.8245],[16.0341],[16.785],[18.0086],[19.1968],[19.8068],[19.7023],[11.5495],[11.8582],[12.1355],[12.4755],[13.0491],[13.9814],[15.1777],[16.3327],[17.1123],[17.3964],[17.3618],[17.2609],[17.1795],[17.005],[16.6723],[16.3236],[16.2523],[16.5691],[17.0491],[17.3945],[17.6182],[18.1177],[19.2736],[21.0018],[22.6918],[23.7586],[24.0636],[12.2918],[12.455],[12.6345],[13.0959],[14.12],[15.7473],[17.6891],[19.3668],[20.3141],[20.46],[20.1459],[19.7809],[19.5141],[19.175],[18.5941],[17.8768],[17.3777],[17.3023],[17.5055],[17.7068],[17.9127],[18.5205],[19.9291],[21.9914],[24.1005],[25.7614],[26.9818],[12.9105],[13.1345],[13.5968],[14.6155],[16.3795],[18.7186],[21.0955],[22.8373],[23.5782],[23.4364],[22.8905],[22.35],[21.9059],[21.3282],[20.4523],[19.4018],[18.5377],[18.1077],[18.0082],[18.0177],[18.1686],[18.8818],[20.48],[22.6945],[24.8109],[26.4468],[27.9441],[13.8477],[14.4245],[15.4018],[17.0314],[19.32],[21.9145],[24.1636],[25.5223],[25.8755],[25.5659],[25.0614],[24.5732],[24.0223],[23.23],[22.1718],[21.0605],[20.1764],[19.6691],[19.4568],[19.4068],[19.6636],[20.6327],[22.5491],[24.9155],[26.7964],[27.6891],[28.2005],[15.6673],[16.71],[18.0414],[19.8009],[21.9459],[24.1445],[25.8605],[26.7573],[26.9359],[26.8236],[26.6855],[26.4273],[25.8009],[24.8018],[23.6791],[22.7023],[21.9991],[21.5559],[21.32],[21.3068],[21.7314],[22.9618],[25.1595],[27.78],[29.6695],[30.01],[29.24],[18.4177],[19.7768],[21.0986],[22.4355],[23.8723],[25.3314],[26.51],[27.1923],[27.5182],[27.8082],[28.0986],[27.9977],[27.2464],[26.0414],[24.8891],[24.0614],[23.4645],[22.98],[22.6709],[22.7055],[23.2173],[24.3868],[26.4127],[29.0186],[31.2409],[31.9714],[31.0455],[21.2264],[22.6295],[23.7136],[24.4682],[25.1786],[26.0368],[26.9232],[27.6055],[28.1164],[28.64],[29.0809],[28.9959],[28.1582],[26.9286],[25.8959],[25.2205],[24.6441],[24.05],[23.7109],[23.8791],[24.4277],[25.185],[26.3782],[28.3114],[30.6127],[32.2223],[32.33],[22.9395],[24.1036],[24.9036],[25.3086],[25.6595],[26.2527],[27.0095],[27.6414],[28.0882],[28.5273],[28.9041],[28.8823],[28.2805],[27.4314],[26.8077],[26.4141],[25.9282],[25.3614],[25.1486],[25.5282],[26.1095],[26.4036],[26.6118],[27.4773],[29.2295],[31.1364],[32.1482],[23.0327],[23.7645],[24.2968],[24.605],[24.905],[25.425],[26.0286],[26.4459],[26.6532],[26.8895],[27.2527],[27.5218],[27.5177],[27.3845],[27.3268],[27.2541],[26.9586],[26.585],[26.555],[26.9723],[27.3995],[27.3936],[27.2105],[27.5418],[28.6564],[30.0132],[30.7886],[21.8895],[22.1932],[22.4705],[22.7314],[23.0614],[23.5009],[23.91],[24.1118],[24.1591],[24.3164],[24.7586],[25.3882],[26.0136],[26.5086],[26.8136],[26.8468],[26.6777],[26.5382],[26.5923],[26.665],[26.5241],[26.2964],[26.4955],[27.3636],[28.5009],[29.1541],[28.9968]]},{"header":{"disciplineName":["Meteorological products"],"parameterCategory":[2],"parameterCategoryName":["u-component of wind"],"parameterNumberName":["u-component of wind"],"parameterNumber":[2],"parameterUnits":["m s-1"],"refTime":["2017-03-17T0000:00.000Z"],"numberPoints":[621],"nx":[27],"ny":[23],"lo1":[-20],"la1":[70],"lo2":[45],"la2":[45],"dx":[2.5],"dy":[2.5]},"data":[[1.0436],[1.2845],[1.5114],[1.7255],[1.9305],[2.1327],[2.3568],[2.6023],[2.8686],[3.1473],[3.4155],[3.6441],[3.8168],[3.9205],[3.9623],[3.9618],[3.9373],[3.9136],[3.915],[3.9386],[3.9818],[4.0245],[4.0541],[4.0559],[4.0286],[3.9745],[3.9155],[1.2232],[1.6332],[1.9723],[2.2432],[2.4532],[2.6159],[2.7695],[2.9327],[3.1155],[3.3141],[3.5],[3.6391],[3.7155],[3.7123],[3.6386],[3.5364],[3.4532],[3.4236],[3.4832],[3.6191],[3.8182],[4.0323],[4.2282],[4.3664],[4.4259],[4.4136],[4.3582],[1.625],[2.1114],[2.5136],[2.8241],[3.0286],[3.1582],[3.2355],[3.2895],[3.3514],[3.4105],[3.4573],[3.4518],[3.3759],[3.2336],[3.035],[2.8377],[2.6964],[2.6682],[2.7691],[3.0018],[3.3168],[3.6691],[3.9977],[4.255],[4.4255],[4.5027],[4.5264],[2.3218],[2.6932],[3.0173],[3.28],[3.4545],[3.5368],[3.5405],[3.4959],[3.4259],[3.3395],[3.2514],[3.1341],[2.9882],[2.8191],[2.655],[2.5259],[2.4932],[2.5645],[2.7409],[3.0045],[3.3059],[3.6095],[3.8655],[4.085],[4.2473],[4.3695],[4.4741],[3.5541],[3.6495],[3.7545],[3.8586],[3.9259],[3.9245],[3.8514],[3.7036],[3.5318],[3.3545],[3.1982],[3.0609],[2.9595],[2.9032],[2.9159],[3.0091],[3.1927],[3.4318],[3.6818],[3.8936],[4.0214],[4.0741],[4.08],[4.075],[4.1068],[4.1859],[4.3082],[5.1705],[4.9945],[4.8586],[4.7759],[4.6986],[4.6018],[4.4605],[4.28],[4.105],[3.9555],[3.8691],[3.8432],[3.8559],[3.9036],[4.0123],[4.1818],[4.4059],[4.6386],[4.8086],[4.8491],[4.7473],[4.5405],[4.2955],[4.1064],[4.0091],[4.0432],[4.1568],[6.6895],[6.3555],[6.0655],[5.8395],[5.6614],[5.5091],[5.3541],[5.2155],[5.1455],[5.1777],[5.3114],[5.4968],[5.6518],[5.7155],[5.6877],[5.6036],[5.4986],[5.3827],[5.2241],[4.9995],[4.6986],[4.3718],[4.0945],[3.9232],[3.8745],[3.9277],[4.0341],[7.7682],[7.33],[6.9318],[6.6123],[6.3959],[6.2323],[6.0932],[6.0055],[6.0109],[6.1855],[6.5073],[6.8864],[7.1636],[7.2255],[7.0195],[6.6045],[6.0682],[5.5059],[4.96],[4.4595],[4.0314],[3.71],[3.5455],[3.5245],[3.605],[3.7068],[3.7877],[8.2668],[7.6627],[7.1223],[6.7286],[6.4782],[6.3286],[6.2127],[6.0932],[6.035],[6.0932],[6.3268],[6.6686],[6.9732],[7.0882],[6.935],[6.53],[5.9577],[5.3118],[4.6455],[4.0282],[3.5209],[3.1955],[3.0718],[3.1132],[3.2186],[3.3073],[3.3514],[7.9468],[7.2291],[6.595],[6.1168],[5.8286],[5.7064],[5.6632],[5.5864],[5.4318],[5.2618],[5.1577],[5.175],[5.2895],[5.4073],[5.4514],[5.4036],[5.2373],[4.9355],[4.5018],[3.9577],[3.4259],[3.0186],[2.7977],[2.7386],[2.7591],[2.7886],[2.8468],[6.7336],[6.15],[5.5791],[5.0595],[4.7241],[4.6791],[4.8845],[5.1409],[5.2586],[5.1409],[4.8618],[4.5477],[4.3136],[4.2009],[4.2018],[4.2873],[4.3891],[4.3759],[4.1523],[3.7227],[3.2118],[2.7541],[2.4455],[2.275],[2.195],[2.2086],[2.3664],[5.0491],[4.8077],[4.4386],[3.9568],[3.6273],[3.7464],[4.3682],[5.2568],[6.0391],[6.4445],[6.4445],[6.1536],[5.7141],[5.2309],[4.7855],[4.4295],[4.1605],[3.89],[3.5309],[3.0764],[2.6255],[2.2718],[2.0345],[1.8509],[1.6973],[1.6405],[1.82],[3.4845],[3.4964],[3.3432],[3.0455],[2.9091],[3.3009],[4.315],[5.6814],[6.9682],[7.8677],[8.3332],[8.4168],[8.1691],[7.595],[6.755],[5.7882],[4.8495],[4.0077],[3.2923],[2.7373],[2.4041],[2.2818],[2.2473],[2.1195],[1.8459],[1.5623],[1.4845],[2.2295],[2.2755],[2.3659],[2.4864],[2.8245],[3.5568],[4.6591],[5.8459],[6.8109],[7.465],[7.9627],[8.3991],[8.6623],[8.5286],[7.8891],[6.8982],[5.8041],[4.8186],[4.0259],[3.4945],[3.2955],[3.3868],[3.5645],[3.565],[3.2586],[2.7305],[2.1868],[1.2918],[1.4345],[1.935],[2.6786],[3.5705],[4.4827],[5.2059],[5.5255],[5.39],[5.0841],[5.0577],[5.5],[6.1945],[6.7009],[6.7536],[6.4464],[6.0132],[5.5868],[5.2],[4.8877],[4.7668],[4.9082],[5.2405],[5.5236],[5.5305],[5.1286],[4.3141],[1.0518],[1.6723],[2.74],[3.9705],[5.015],[5.5845],[5.5318],[4.8373],[3.7091],[2.61],[2.065],[2.275],[2.9882],[3.7264],[4.22],[4.5664],[4.9382],[5.305],[5.4959],[5.4441],[5.3309],[5.4159],[5.8414],[6.505],[7.1214],[7.2995],[6.6973],[1.9964],[3.2423],[4.6541],[5.7777],[6.2159],[5.8745],[4.9527],[3.7427],[2.5123],[1.5314],[1.0364],[1.0773],[1.4132],[1.7305],[1.9614],[2.295],[2.8809],[3.6045],[4.1623],[4.4023],[4.4559],[4.6191],[5.0818],[5.8773],[6.8073],[7.4673],[7.3595],[3.645],[5.0273],[6.1045],[6.4464],[5.83],[4.5073],[3.0886],[2.0573],[1.5086],[1.2832],[1.1923],[1.1336],[1.0164],[0.7559],[0.4436],[0.3464],[0.6441],[1.2641],[1.9782],[2.645],[3.2627],[3.8336],[4.3018],[4.6645],[5.0332],[5.4173],[5.57],[4.3927],[5.0877],[5.2305],[4.6277],[3.3109],[1.7036],[0.4709],[0.0159],[0.1845],[0.4527],[0.4723],[0.2323],[-0.1145],[-0.4818],[-0.8286],[-1.0086],[-0.8791],[-0.3859],[0.4541],[1.6214],[2.9795],[4.13],[4.5636],[4.1236],[3.2518],[2.6418],[2.6186],[2.7582],[2.4523],[1.695],[0.6873],[-0.4141],[-1.38],[-1.8677],[-1.7491],[-1.3582],[-1.2245],[-1.5409],[-2.0191],[-2.2609],[-2.1773],[-1.9018],[-1.5659],[-1.1495],[-0.5655],[0.32],[1.6155],[3.2232],[4.5955],[4.9477],[3.9355],[2.1127],[0.5868],[0.1705],[-1.3059],[-2.1191],[-3.0677],[-3.6973],[-3.9173],[-3.8791],[-3.6255],[-3.2373],[-2.9623],[-3.1109],[-3.6377],[-4.0955],[-4.0086],[-3.3645],[-2.4405],[-1.4923],[-0.6341],[0.1177],[0.7868],[1.5364],[2.5032],[3.4232],[3.6614],[2.7727],[1.0368],[-0.6114],[-1.3014],[-6.3845],[-6.9559],[-7.3918],[-7.2682],[-6.6755],[-6.0482],[-5.6145],[-5.3264],[-5.155],[-5.1805],[-5.3464],[-5.3473],[-4.8995],[-4.0309],[-2.955],[-1.8159],[-0.7232],[0.0832],[0.3945],[0.3118],[0.235],[0.4105],[0.6341],[0.435],[-0.3536],[-1.3995],[-2.1486],[-10.61],[-10.6982],[-10.5395],[-9.8855],[-9.025],[-8.485],[-8.4095],[-8.4614],[-8.3095],[-7.9364],[-7.4582],[-6.8714],[-6.1591],[-5.3523],[-4.4764],[-3.4618],[-2.3795],[-1.5968],[-1.4882],[-1.9709],[-2.5177],[-2.62],[-2.2136],[-1.6659],[-1.4386],[-1.7305],[-2.3332]]},{"header":{"disciplineName":["Meteorological products"],"parameterCategory":[2],"parameterCategoryName":["v-component of wind"],"parameterNumberName":["v-component of wind"],"parameterNumber":[3],"parameterUnits":["m s-1"],"refTime":["2017-03-17T0000:00.000Z"],"numberPoints":[621],"nx":[27],"ny":[23],"lo1":[-20],"la1":[70],"lo2":[45],"la2":[45],"dx":[2.5],"dy":[2.5]},"data":[[-0.9609],[-0.8368],[-0.6877],[-0.5205],[-0.3409],[-0.1364],[0.0818],[0.3132],[0.5482],[0.7555],[0.9409],[1.0868],[1.1741],[1.2195],[1.2082],[1.1595],[1.07],[0.9459],[0.8059],[0.6373],[0.4714],[0.32],[0.205],[0.1423],[0.1386],[0.1873],[0.275],[0.1218],[0.2427],[0.3191],[0.3686],[0.4236],[0.4927],[0.6005],[0.7445],[0.9077],[1.0641],[1.1795],[1.2414],[1.2341],[1.1823],[1.0964],[0.9905],[0.8882],[0.7841],[0.6718],[0.5609],[0.4477],[0.3359],[0.2445],[0.19],[0.1818],[0.2245],[0.2805],[1.1327],[1.165],[1.1023],[0.9814],[0.85],[0.7541],[0.7264],[0.7673],[0.8432],[0.9241],[0.9641],[0.9423],[0.8627],[0.7464],[0.6259],[0.5432],[0.5005],[0.5105],[0.5527],[0.6105],[0.6532],[0.6809],[0.6714],[0.6495],[0.6127],[0.5632],[0.4864],[1.7455],[1.6936],[1.5468],[1.3264],[1.0923],[0.8945],[0.7514],[0.6836],[0.6573],[0.645],[0.6145],[0.5486],[0.4673],[0.3864],[0.3482],[0.3595],[0.4345],[0.575],[0.7441],[0.9318],[1.1095],[1.2564],[1.3491],[1.3691],[1.3032],[1.1432],[0.905],[1.9132],[1.8595],[1.7286],[1.5436],[1.3145],[1.0745],[0.8568],[0.6705],[0.52],[0.3986],[0.3141],[0.2723],[0.2859],[0.3732],[0.5205],[0.7077],[0.8986],[1.0641],[1.2005],[1.3268],[1.4577],[1.5982],[1.7177],[1.7768],[1.7209],[1.5236],[1.1859],[1.7832],[1.7291],[1.6436],[1.5205],[1.3368],[1.0986],[0.8359],[0.57],[0.3264],[0.1368],[0.0291],[0.0277],[0.1709],[0.4432],[0.7932],[1.1405],[1.385],[1.485],[1.4545],[1.3795],[1.3377],[1.3864],[1.5091],[1.6218],[1.6432],[1.5132],[1.225],[1.4418],[1.2905],[1.1814],[1.08],[0.9532],[0.7809],[0.5677],[0.3577],[0.1591],[0.0114],[-0.0773],[-0.0655],[0.0759],[0.3505],[0.71],[1.0486],[1.2559],[1.2718],[1.1264],[0.9405],[0.8409],[0.8923],[1.0832],[1.3105],[1.4691],[1.48],[1.3295],[0.83],[0.5291],[0.3827],[0.3468],[0.365],[0.3591],[0.3391],[0.3064],[0.2923],[0.2945],[0.28],[0.2514],[0.2259],[0.2368],[0.3177],[0.4127],[0.4627],[0.4132],[0.3],[0.2268],[0.2905],[0.5382],[0.9055],[1.2755],[1.5495],[1.6723],[1.6623],[-0.0795],[-0.4655],[-0.5227],[-0.3223],[-0.0168],[0.245],[0.4132],[0.5141],[0.6173],[0.7341],[0.8077],[0.7641],[0.5786],[0.2923],[0.0032],[-0.24],[-0.4295],[-0.5636],[-0.6145],[-0.4995],[-0.1727],[0.315],[0.8518],[1.3191],[1.6377],[1.8155],[1.8618],[-1.1723],[-1.5177],[-1.3564],[-0.8145],[-0.1391],[0.3777],[0.6232],[0.6518],[0.6327],[0.6773],[0.7773],[0.8159],[0.6818],[0.3714],[-0.0441],[-0.4655],[-0.8436],[-1.125],[-1.2177],[-1.0586],[-0.6291],[-0.0227],[0.6005],[1.1082],[1.465],[1.695],[1.8177],[-2.1427],[-2.3955],[-2.0818],[-1.2986],[-0.3286],[0.4327],[0.7559],[0.65],[0.3486],[0.1341],[0.1105],[0.2118],[0.2682],[0.1845],[-0.0536],[-0.4127],[-0.8532],[-1.2705],[-1.5191],[-1.4659],[-1.0768],[-0.4677],[0.1859],[0.7782],[1.295],[1.7514],[2.0868],[-2.6786],[-2.8995],[-2.6523],[-1.8555],[-0.675],[0.46],[1.1141],[1.0973],[0.6082],[0.0436],[-0.32],[-0.4214],[-0.3886],[-0.3832],[-0.4905],[-0.7641],[-1.1818],[-1.6414],[-1.9418],[-1.9055],[-1.4995],[-0.8518],[-0.1423],[0.5927],[1.3909],[2.2482],[2.9764],[-2.7914],[-3.0364],[-2.9655],[-2.2359],[-0.7986],[0.9068],[2.1564],[2.4805],[1.9386],[1],[0.1336],[-0.4568],[-0.8432],[-1.165],[-1.5295],[-1.9536],[-2.4141],[-2.7964],[-2.8991],[-2.5973],[-1.9505],[-1.1691],[-0.4068],[0.3832],[1.3586],[2.5382],[3.6677],[-2.8655],[-3.0445],[-2.9673],[-2.1127],[-0.2891],[1.9686],[3.7068],[4.2132],[3.5177],[2.2286],[0.965],[-0.0491],[-0.9136],[-1.7955],[-2.7027],[-3.5459],[-4.1627],[-4.4195],[-4.1768],[-3.4473],[-2.4423],[-1.4682],[-0.6977],[-0.0205],[0.8186],[1.9127],[3.0627],[-3.1127],[-3.0027],[-2.5777],[-1.35],[0.7959],[3.2255],[4.8691],[5.0377],[3.9573],[2.465],[1.2332],[0.3195],[-0.63],[-1.8514],[-3.2555],[-4.51],[-5.3327],[-5.5423],[-5.0868],[-4.0868],[-2.8182],[-1.6245],[-0.7123],[-0.0986],[0.3627],[0.7995],[1.2859],[-3.1059],[-2.5082],[-1.5741],[-0.0714],[1.9836],[3.9545],[4.8791],[4.3632],[2.9268],[1.5718],[0.8645],[0.5141],[-0.1341],[-1.3968],[-3.0105],[-4.465],[-5.4018],[-5.6895],[-5.3427],[-4.4218],[-3.0841],[-1.5677],[-0.1745],[0.7455],[0.9073],[0.3259],[-0.5023],[-2.1668],[-1.0791],[0.0818],[1.3477],[2.7036],[3.7232],[3.8032],[2.8114],[1.4495],[0.63],[0.5932],[0.7141],[0.2118],[-1.1164],[-2.7727],[-4.16],[-5.0345],[-5.43],[-5.3695],[-4.7455],[-3.4386],[-1.5209],[0.5918],[2.1186],[2.2241],[0.6732],[-1.6186],[-0.3586],[0.905],[1.7832],[2.2709],[2.5764],[2.6664],[2.2741],[1.4241],[0.6527],[0.5114],[0.8614],[0.9127],[0.0409],[-1.5818],[-3.245],[-4.4014],[-5.0486],[-5.4227],[-5.5118],[-5.0114],[-3.6623],[-1.4764],[1.0427],[2.9036],[2.9936],[0.8895],[-2.3455],[1.3],[2.2514],[2.5105],[2.1877],[1.7341],[1.39],[1.0709],[0.7695],[0.7232],[1.0627],[1.3877],[0.9791],[-0.4573],[-2.3755],[-3.9527],[-4.8168],[-5.1964],[-5.3841],[-5.2695],[-4.4977],[-2.9614],[-0.9018],[1.1714],[2.5536],[2.4232],[0.3641],[-2.8414],[1.8186],[2.11],[1.8555],[1.2732],[0.7873],[0.6045],[0.62],[0.7532],[1.0614],[1.495],[1.62],[0.9114],[-0.6605],[-2.4532],[-3.7595],[-4.3832],[-4.605],[-4.57],[-4.0268],[-2.7655],[-1.0823],[0.3855],[1.2355],[1.44],[0.9514],[-0.4795],[-2.745],[1.2414],[0.9205],[0.5368],[0.2886],[0.3141],[0.5182],[0.7041],[0.825],[0.9964],[1.2236],[1.2336],[0.68],[-0.4159],[-1.6355],[-2.5314],[-3.0332],[-3.2464],[-3.0986],[-2.2741],[-0.7941],[0.6727],[1.2691],[0.7755],[-0.1536],[-0.7982],[-1.25],[-2.1695],[0.3714],[-0.1982],[-0.4341],[-0.2514],[0.1718],[0.5245],[0.5909],[0.4282],[0.2482],[0.2064],[0.1868],[0.0045],[-0.4145],[-0.9618],[-1.5],[-1.9582],[-2.2314],[-2.1045],[-1.39],[-0.2736],[0.5441],[0.3318],[-0.9005],[-2.2427],[-2.6995],[-2.2995],[-2.1227],[-0.2164],[-0.685],[-0.8205],[-0.6136],[-0.2955],[-0.1364],[-0.2559],[-0.5682],[-0.8955],[-1.1223],[-1.2214],[-1.2391],[-1.2436],[-1.3841],[-1.7245],[-2.1768],[-2.4868],[-2.4477],[-2.09],[-1.6595],[-1.5459],[-2.07],[-3.1468],[-4.1536],[-4.3614],[-3.7405],[-3.19]]}]