html/data/WT_san09_ind_wt_1_7.json
[{"header":{"disciplineName":["Meteorological products"],"parameterCategory":[0],"parameterCategoryName":["Temperature"],"parameterNumberName":["Temperature"],"parameterNumber":[0],"parameterUnits":["K"],"refTime":["2017-03-17T0000:00.000Z"],"numberPoints":[621],"nx":[27],"ny":[23],"lo1":[-20],"la1":[70],"lo2":[45],"la2":[45],"dx":[2.5],"dy":[2.5]},"data":[[-13.6705],[-12.5628],[-11.5654],[-10.7038],[-9.991],[-9.4218],[-8.9859],[-8.6551],[-8.4218],[-8.2885],[-8.2474],[-8.2962],[-8.4577],[-8.6987],[-9.0269],[-9.4141],[-9.85],[-10.3115],[-10.791],[-11.2756],[-11.7628],[-12.2654],[-12.7705],[-13.3141],[-13.8859],[-14.5244],[-15.2192],[-9.8603],[-9.0628],[-8.4167],[-7.9603],[-7.6013],[-7.3449],[-7.1551],[-6.9885],[-6.891],[-6.8526],[-6.891],[-7.0526],[-7.3474],[-7.7603],[-8.2833],[-8.8987],[-9.5756],[-10.2603],[-10.9192],[-11.5423],[-12.1167],[-12.6141],[-13.0731],[-13.491],[-13.9218],[-14.3756],[-14.8654],[-6.3295],[-5.95],[-5.7423],[-5.6295],[-5.5885],[-5.5295],[-5.4731],[-5.4269],[-5.4013],[-5.4526],[-5.6295],[-5.9372],[-6.4013],[-7.009],[-7.7244],[-8.4962],[-9.2987],[-10.0859],[-10.8449],[-11.5372],[-12.1346],[-12.6603],[-13.0859],[-13.4449],[-13.7603],[-14.0577],[-14.3936],[-4.3423],[-4.2731],[-4.25],[-4.2603],[-4.2372],[-4.2115],[-4.15],[-4.1295],[-4.1808],[-4.3603],[-4.6782],[-5.1474],[-5.7474],[-6.4244],[-7.1372],[-7.8449],[-8.5321],[-9.1885],[-9.8244],[-10.4551],[-11.0654],[-11.6526],[-12.1833],[-12.6449],[-13.0346],[-13.3705],[-13.7141],[-3.8013],[-3.7141],[-3.6397],[-3.5423],[-3.4474],[-3.3577],[-3.3167],[-3.3526],[-3.4962],[-3.7679],[-4.1782],[-4.7038],[-5.2705],[-5.8423],[-6.3756],[-6.8474],[-7.2654],[-7.6833],[-8.15],[-8.709],[-9.3321],[-10.009],[-10.6859],[-11.3013],[-11.8269],[-12.2808],[-12.6833],[-3.4167],[-3.1833],[-2.991],[-2.8551],[-2.7731],[-2.7782],[-2.8654],[-3.0244],[-3.2628],[-3.5603],[-3.9346],[-4.3346],[-4.7474],[-5.1192],[-5.4577],[-5.7372],[-6.0321],[-6.3526],[-6.7782],[-7.3218],[-7.9936],[-8.6987],[-9.3885],[-9.9756],[-10.4474],[-10.8321],[-11.1859],[-2.3987],[-2.1346],[-1.9654],[-1.9474],[-2.0474],[-2.2731],[-2.5526],[-2.8577],[-3.1551],[-3.4474],[-3.7038],[-3.9654],[-4.2167],[-4.4526],[-4.7218],[-5.0038],[-5.3269],[-5.7346],[-6.2038],[-6.7603],[-7.3705],[-7.9603],[-8.45],[-8.8115],[-9.0372],[-9.1859],[-9.3679],[-0.9628],[-0.8192],[-0.8192],[-0.9449],[-1.2167],[-1.5679],[-1.9679],[-2.3679],[-2.7705],[-3.1141],[-3.4141],[-3.6859],[-3.9141],[-4.1679],[-4.4372],[-4.7603],[-5.1218],[-5.4885],[-5.891],[-6.2962],[-6.6962],[-7.0628],[-7.3526],[-7.509],[-7.5731],[-7.5885],[-7.6833],[0.3885],[0.3654],[0.2474],[0.0628],[-0.1833],[-0.5013],[-0.8936],[-1.3705],[-1.891],[-2.4269],[-2.9141],[-3.3372],[-3.6654],[-3.9551],[-4.209],[-4.4833],[-4.7244],[-4.9192],[-5.0551],[-5.1474],[-5.2859],[-5.4731],[-5.6885],[-5.891],[-6.0295],[-6.1397],[-6.3038],[1.5551],[1.409],[1.2628],[1.1115],[0.9372],[0.6987],[0.3423],[-0.1449],[-0.7577],[-1.4192],[-2.0038],[-2.4987],[-2.8423],[-3.0885],[-3.291],[-3.491],[-3.6474],[-3.709],[-3.6756],[-3.5808],[-3.5526],[-3.6603],[-3.9141],[-4.2346],[-4.5295],[-4.7269],[-4.9244],[2.6577],[2.4244],[2.2192],[2.0295],[1.8218],[1.5756],[1.2013],[0.7628],[0.2167],[-0.2936],[-0.7141],[-0.9885],[-1.1654],[-1.3218],[-1.5064],[-1.7808],[-2.0628],[-2.2628],[-2.3167],[-2.2885],[-2.2654],[-2.391],[-2.6603],[-2.9628],[-3.1885],[-3.2962],[-3.3449],[3.6782],[3.3936],[3.0859],[2.7808],[2.4474],[2.091],[1.7115],[1.3474],[1.0321],[0.8372],[0.7731],[0.7936],[0.8141],[0.7526],[0.4987],[0.0756],[-0.3936],[-0.809],[-1.0731],[-1.2167],[-1.3372],[-1.5115],[-1.7423],[-1.95],[-2.0423],[-1.9885],[-1.8756],[4.5987],[4.291],[3.9321],[3.5397],[3.1628],[2.8013],[2.45],[2.1808],[2.0346],[2.05],[2.1833],[2.3449],[2.4218],[2.3603],[2.0936],[1.6962],[1.2372],[0.8346],[0.5244],[0.2885],[0.0474],[-0.209],[-0.4756],[-0.7038],[-0.8449],[-0.8526],[-0.7474],[5.5372],[5.2577],[4.9115],[4.6013],[4.3526],[4.1013],[3.8423],[3.5962],[3.45],[3.4269],[3.4833],[3.5423],[3.5551],[3.5038],[3.35],[3.1397],[2.8987],[2.6987],[2.5218],[2.3013],[2.0295],[1.7372],[1.4526],[1.1295],[0.7756],[0.4885],[0.4295],[6.5269],[6.3346],[6.1013],[5.9551],[5.8577],[5.7372],[5.5192],[5.2756],[5.05],[4.8833],[4.7628],[4.6551],[4.5936],[4.591],[4.5885],[4.5397],[4.4551],[4.3603],[4.2474],[4.0782],[3.8628],[3.7141],[3.6064],[3.4013],[2.95],[2.4064],[2.2038],[7.4628],[7.3936],[7.3218],[7.291],[7.2885],[7.1833],[6.9859],[6.7526],[6.5372],[6.3244],[6.0885],[5.8526],[5.7141],[5.7295],[5.7526],[5.6885],[5.5423],[5.409],[5.3244],[5.2654],[5.2269],[5.35],[5.6577],[5.8192],[5.4705],[4.7654],[4.3731],[8.191],[8.3526],[8.4603],[8.5269],[8.5244],[8.4167],[8.2654],[8.1244],[8.0115],[7.8551],[7.5423],[7.1346],[6.8013],[6.6474],[6.5705],[6.4192],[6.2141],[6.1628],[6.3064],[6.5064],[6.6987],[7.0372],[7.6577],[8.1808],[8.0167],[7.1218],[6.3269],[8.8628],[9.2833],[9.6346],[9.8167],[9.8526],[9.8192],[9.7756],[9.7551],[9.7192],[9.5628],[9.1654],[8.5372],[7.8987],[7.4628],[7.2346],[7.0654],[6.9833],[7.2346],[7.8013],[8.3782],[8.6962],[8.9756],[9.6013],[10.3551],[10.4449],[9.4654],[8.1397],[9.8244],[10.4859],[11.0269],[11.3115],[11.4423],[11.5551],[11.6244],[11.6038],[11.5013],[11.2936],[10.85],[10.0962],[9.2397],[8.6397],[8.3474],[8.2346],[8.3064],[8.7397],[9.5859],[10.4064],[10.7192],[10.7551],[11.191],[12.1372],[12.7192],[12.1038],[10.5885],[11.3551],[12.1295],[12.7167],[13.0244],[13.209],[13.4013],[13.4731],[13.3192],[13.0167],[12.7244],[12.3474],[11.7192],[10.9321],[10.3577],[10.191],[10.2038],[10.2397],[10.4808],[11.1218],[11.8756],[12.2141],[12.1731],[12.5115],[13.6474],[14.8269],[14.9064],[13.7038],[13.3885],[14.1295],[14.6603],[14.8628],[14.9423],[15.05],[15.0321],[14.6987],[14.2397],[13.9167],[13.6756],[13.25],[12.6397],[12.291],[12.4397],[12.7141],[12.6936],[12.491],[12.6115],[13.1551],[13.6551],[13.9013],[14.3551],[15.4346],[16.7167],[17.1423],[16.2705],[15.5013],[16.1628],[16.5679],[16.6321],[16.5449],[16.4936],[16.3603],[16.0115],[15.5679],[15.309],[15.1295],[14.7782],[14.2859],[14.1577],[14.6654],[15.3705],[15.5449],[15.1295],[14.7603],[15.0526],[15.8192],[16.609],[17.2628],[17.9321],[18.4782],[18.35],[17.2833],[17.1628],[17.6987],[18.0397],[18.0449],[17.8705],[17.7218],[17.5936],[17.3987],[17.191],[17.0705],[16.9115],[16.5295],[16.0628],[16.05],[16.791],[17.8449],[18.4064],[18.1372],[17.5628],[17.5321],[18.3628],[19.5987],[20.55],[20.809],[20.3167],[19.0859],[17.3372]]},{"header":{"disciplineName":["Meteorological products"],"parameterCategory":[2],"parameterCategoryName":["u-component of wind"],"parameterNumberName":["u-component of wind"],"parameterNumber":[2],"parameterUnits":["m s-1"],"refTime":["2017-03-17T0000:00.000Z"],"numberPoints":[621],"nx":[27],"ny":[23],"lo1":[-20],"la1":[70],"lo2":[45],"la2":[45],"dx":[2.5],"dy":[2.5]},"data":[[2.6897],[3.1333],[3.4897],[3.741],[3.9462],[4.1154],[4.2923],[4.4974],[4.7205],[4.9718],[5.2385],[5.4821],[5.6641],[5.7923],[5.8308],[5.7692],[5.6436],[5.4436],[5.1923],[4.9051],[4.5974],[4.2872],[3.9769],[3.6897],[3.4231],[3.1974],[3.0026],[3.9179],[4.4718],[4.8026],[4.9641],[5.0205],[5.0333],[5.0718],[5.1667],[5.3128],[5.5051],[5.7],[5.8795],[5.9513],[5.9436],[5.8154],[5.5846],[5.2846],[4.9179],[4.541],[4.1462],[3.7769],[3.4308],[3.1128],[2.8667],[2.6718],[2.5718],[2.5436],[5.7487],[6.1846],[6.3923],[6.4333],[6.4],[6.3692],[6.4026],[6.5154],[6.6795],[6.8718],[7.0359],[7.1179],[7.0641],[6.8872],[6.5821],[6.2103],[5.7974],[5.4],[5.0385],[4.7205],[4.4333],[4.159],[3.9077],[3.6974],[3.541],[3.4564],[3.459],[7.2308],[7.4538],[7.5051],[7.5154],[7.5256],[7.5821],[7.6821],[7.8128],[7.959],[8.0872],[8.1385],[8.0692],[7.8538],[7.5],[7.0744],[6.641],[6.2692],[5.9949],[5.8359],[5.7487],[5.6846],[5.5897],[5.4385],[5.2436],[5.0564],[4.9282],[4.8897],[8.041],[8.0744],[8.1],[8.1564],[8.2282],[8.3077],[8.3487],[8.3333],[8.2949],[8.2103],[8.0692],[7.8179],[7.4538],[6.9897],[6.4897],[6.0564],[5.7641],[5.6744],[5.7641],[5.9487],[6.1641],[6.2974],[6.3385],[6.3026],[6.241],[6.2333],[6.2821],[8.6487],[8.5615],[8.5538],[8.5846],[8.5718],[8.459],[8.2231],[7.8974],[7.5564],[7.2615],[7.0205],[6.7487],[6.4205],[5.9821],[5.5103],[5.1103],[4.8538],[4.8308],[5.0154],[5.3513],[5.7436],[6.1359],[6.5],[6.8308],[7.1641],[7.4974],[7.8615],[9.7513],[9.5436],[9.3462],[9.1231],[8.7667],[8.2615],[7.6179],[6.9564],[6.4128],[6.0718],[5.9308],[5.8795],[5.8077],[5.6282],[5.3513],[5.0513],[4.8282],[4.7667],[4.8641],[5.1231],[5.5308],[6.0897],[6.7641],[7.5],[8.2385],[8.9],[9.4641],[11.3974],[10.9231],[10.3513],[9.7154],[8.9462],[8.0692],[7.1154],[6.2564],[5.5872],[5.2308],[5.2103],[5.3923],[5.6462],[5.8641],[5.9821],[5.9974],[5.9538],[5.8641],[5.8205],[5.8897],[6.1538],[6.7128],[7.5205],[8.4615],[9.3308],[9.9667],[10.3051],[12.5872],[11.7513],[10.8513],[9.9385],[9.0128],[8.0667],[7.0487],[6.0718],[5.2385],[4.6821],[4.4667],[4.5923],[5],[5.5564],[6.1333],[6.6385],[6.959],[7.0615],[6.9923],[6.8949],[7.0051],[7.4359],[8.1897],[9.0538],[9.759],[10.0564],[9.9538],[12.2744],[11.2051],[10.2154],[9.3872],[8.6513],[7.9051],[7.0487],[6.0513],[5.0282],[4.1487],[3.5615],[3.3949],[3.6692],[4.2974],[5.1615],[6.0385],[6.741],[7.141],[7.2538],[7.2231],[7.2744],[7.5821],[8.1513],[8.7692],[9.1615],[9.1333],[8.7667],[10.5436],[9.4923],[8.6795],[8.1333],[7.7333],[7.2744],[6.6385],[5.8026],[4.8692],[4.0103],[3.3462],[3.0026],[3.0385],[3.4308],[4.0974],[4.9154],[5.7026],[6.3333],[6.7103],[6.9051],[7.0487],[7.2513],[7.5205],[7.7846],[7.8692],[7.7154],[7.4359],[8.3359],[7.5538],[7.0641],[6.8128],[6.6282],[6.3667],[5.9897],[5.5615],[5.1718],[4.9],[4.7205],[4.5564],[4.4179],[4.3256],[4.3949],[4.6718],[5.1641],[5.7359],[6.2769],[6.6385],[6.8205],[6.859],[6.8],[6.6692],[6.5231],[6.3949],[6.3821],[6.3615],[5.9872],[5.8436],[5.841],[5.8513],[5.8231],[5.8],[5.8923],[6.1897],[6.6385],[7.0538],[7.2308],[7.0333],[6.541],[6.0128],[5.6923],[5.7128],[6.0231],[6.4051],[6.6641],[6.6872],[6.5282],[6.2487],[5.9718],[5.7744],[5.7205],[5.8795],[4.5359],[4.5564],[4.7385],[5.0231],[5.4],[5.7821],[6.1795],[6.6128],[7.1359],[7.7462],[8.3179],[8.6487],[8.5667],[8.0949],[7.4795],[6.9974],[6.8026],[6.8333],[6.8615],[6.7641],[6.5179],[6.2359],[6.0359],[5.9487],[5.9718],[6.0359],[6.1462],[2.6462],[2.8949],[3.2923],[3.8744],[4.6462],[5.4923],[6.1897],[6.5846],[6.7564],[6.8897],[7.1231],[7.4462],[7.6846],[7.7154],[7.6051],[7.5256],[7.5128],[7.4897],[7.3077],[6.9436],[6.5718],[6.3513],[6.3897],[6.6154],[6.859],[7.0103],[6.9692],[0.8179],[1.1641],[1.6462],[2.3641],[3.3103],[4.3179],[5.0308],[5.2],[4.9051],[4.5205],[4.4615],[4.8667],[5.5179],[6.141],[6.6179],[7.0026],[7.341],[7.5667],[7.5615],[7.3538],[7.1436],[7.0846],[7.2026],[7.4051],[7.6051],[7.7564],[7.7487],[-0.4974],[-0.0487],[0.5103],[1.1974],[2.0205],[2.8],[3.3308],[3.4],[3.0821],[2.7513],[2.7949],[3.3538],[4.1949],[4.9692],[5.5231],[5.9872],[6.5],[7.0026],[7.3872],[7.6],[7.6974],[7.7487],[7.6923],[7.5769],[7.5615],[7.7846],[8.1179],[-0.9436],[-0.3769],[0.3256],[0.9821],[1.5462],[2.0154],[2.4026],[2.6872],[2.8615],[3.0538],[3.4128],[3.9846],[4.5487],[4.9128],[5.0385],[5.1821],[5.5487],[6.0846],[6.5795],[6.9385],[7.1641],[7.2513],[7.1513],[6.9615],[7.0179],[7.5231],[8.3026],[-0.4308],[0.1538],[0.8256],[1.4077],[1.7795],[2.0795],[2.4769],[3.1051],[3.8513],[4.559],[5.1128],[5.459],[5.5462],[5.3667],[5.0821],[4.9538],[5.1103],[5.3692],[5.5077],[5.5],[5.5179],[5.6795],[5.9],[6.2128],[6.7538],[7.6154],[8.441],[0.8538],[1.1179],[1.3846],[1.6179],[1.7769],[1.9821],[2.4538],[3.2923],[4.3385],[5.2718],[5.8487],[5.9949],[5.8231],[5.4564],[5.1641],[5.1128],[5.2103],[5.1821],[4.8615],[4.3821],[4.1436],[4.3744],[5.0077],[5.8897],[6.8769],[7.7615],[8.0744],[2.0462],[1.9359],[1.6256],[1.3179],[1.1487],[1.2282],[1.6795],[2.4769],[3.4615],[4.3692],[4.9744],[5.1795],[5.0641],[4.8513],[4.7744],[4.9487],[5.1641],[5.1487],[4.7795],[4.2641],[4.0231],[4.2487],[4.8821],[5.7205],[6.5359],[6.9872],[6.5974],[2.1385],[2.0205],[1.5205],[0.8974],[0.4846],[0.441],[0.7538],[1.341],[2.0333],[2.741],[3.3179],[3.6744],[3.759],[3.6846],[3.7026],[3.9128],[4.2256],[4.4333],[4.4051],[4.3154],[4.341],[4.4821],[4.6436],[4.8385],[5.0179],[4.9154],[4.2128],[0.6872],[0.9333],[0.8179],[0.4154],[0.0846],[0.0487],[0.2769],[0.6103],[0.9333],[1.2744],[1.6308],[1.9564],[2.0897],[2.059],[1.9923],[2.0795],[2.3308],[2.6077],[2.8615],[3.1],[3.3231],[3.3872],[3.2077],[2.9026],[2.659],[2.359],[1.7923]]},{"header":{"disciplineName":["Meteorological products"],"parameterCategory":[2],"parameterCategoryName":["v-component of wind"],"parameterNumberName":["v-component of wind"],"parameterNumber":[3],"parameterUnits":["m s-1"],"refTime":["2017-03-17T0000:00.000Z"],"numberPoints":[621],"nx":[27],"ny":[23],"lo1":[-20],"la1":[70],"lo2":[45],"la2":[45],"dx":[2.5],"dy":[2.5]},"data":[[1.0154],[1.5051],[1.9487],[2.2641],[2.4179],[2.4026],[2.2026],[1.8564],[1.3949],[0.8718],[0.3205],[-0.2026],[-0.6564],[-1.0154],[-1.2769],[-1.4564],[-1.5615],[-1.6333],[-1.7],[-1.8],[-1.9462],[-2.141],[-2.3769],[-2.6487],[-2.9282],[-3.1949],[-3.4513],[2.5872],[2.759],[2.8667],[2.9026],[2.8487],[2.7154],[2.4795],[2.1538],[1.7256],[1.2462],[0.7205],[0.1949],[-0.3077],[-0.7359],[-1.0923],[-1.3795],[-1.6051],[-1.8205],[-2.0385],[-2.2821],[-2.559],[-2.8385],[-3.1103],[-3.3308],[-3.4923],[-3.6],[-3.6487],[3.8897],[3.5538],[3.241],[2.9923],[2.8179],[2.6718],[2.5179],[2.2949],[1.9821],[1.5564],[1.0103],[0.4],[-0.2256],[-0.8026],[-1.3026],[-1.7],[-2.0205],[-2.3051],[-2.5821],[-2.8667],[-3.159],[-3.4077],[-3.5795],[-3.6462],[-3.5923],[-3.4436],[-3.2513],[4.441],[3.6487],[3.0231],[2.6308],[2.4333],[2.3692],[2.3487],[2.2615],[2.0436],[1.641],[1.041],[0.3282],[-0.4462],[-1.1564],[-1.7359],[-2.1564],[-2.4692],[-2.7154],[-2.9744],[-3.2615],[-3.5667],[-3.7872],[-3.8846],[-3.7897],[-3.5231],[-3.1333],[-2.7256],[4.4949],[3.4385],[2.6769],[2.2436],[2.0487],[1.9949],[1.9897],[1.9154],[1.6872],[1.2821],[0.659],[-0.1026],[-0.9256],[-1.6359],[-2.1769],[-2.4615],[-2.6205],[-2.7487],[-2.9487],[-3.2718],[-3.6538],[-3.9359],[-4.0051],[-3.7897],[-3.3333],[-2.7333],[-2.1641],[4.4077],[3.2949],[2.5462],[2.0974],[1.8154],[1.6179],[1.4462],[1.2359],[0.9897],[0.5667],[-0.041],[-0.8128],[-1.6103],[-2.2718],[-2.6436],[-2.7179],[-2.5897],[-2.4923],[-2.5769],[-2.8846],[-3.3051],[-3.6231],[-3.6564],[-3.341],[-2.7128],[-1.9564],[-1.2692],[4.1256],[3.0436],[2.3179],[1.8385],[1.4615],[1.0897],[0.7667],[0.4744],[0.2128],[-0.1256],[-0.6641],[-1.4128],[-2.2513],[-2.9205],[-3.2231],[-3.1],[-2.7077],[-2.3154],[-2.1462],[-2.2795],[-2.5718],[-2.7692],[-2.6769],[-2.2128],[-1.5154],[-0.7564],[-0.1487],[3.3897],[2.2487],[1.4974],[1.0154],[0.6231],[0.2564],[-0.0718],[-0.2795],[-0.3897],[-0.5231],[-0.8795],[-1.5487],[-2.4205],[-3.1949],[-3.5821],[-3.4615],[-2.9436],[-2.3256],[-1.8821],[-1.6949],[-1.6538],[-1.5385],[-1.1974],[-0.6821],[-0.1154],[0.3513],[0.5974],[2.2564],[0.9231],[0.0923],[-0.3641],[-0.6333],[-0.8795],[-1.0897],[-1.1872],[-1.1026],[-0.9385],[-0.9359],[-1.2359],[-1.8641],[-2.6026],[-3.1077],[-3.1769],[-2.8308],[-2.2564],[-1.6821],[-1.2154],[-0.7923],[-0.3026],[0.2359],[0.6974],[0.9359],[0.8564],[0.5718],[0.9615],[-0.5538],[-1.4769],[-1.8487],[-1.9692],[-2.0949],[-2.3128],[-2.4667],[-2.3667],[-1.9385],[-1.3795],[-0.9615],[-0.9077],[-1.2154],[-1.6641],[-1.9692],[-2.0205],[-1.7821],[-1.3564],[-0.8051],[-0.1282],[0.6],[1.259],[1.5769],[1.4128],[0.8308],[0.1128],[-0.3205],[-1.8718],[-2.7846],[-3.0641],[-3.0846],[-3.1923],[-3.5128],[-3.8872],[-3.9436],[-3.4026],[-2.3462],[-1.1333],[-0.1769],[0.2077],[0.0538],[-0.3923],[-0.8205],[-0.9949],[-0.8462],[-0.3795],[0.3179],[1.0974],[1.6795],[1.8359],[1.4538],[0.6667],[-0.1308],[-1.4333],[-2.8385],[-3.6692],[-3.9179],[-3.8821],[-3.9154],[-4.2385],[-4.6846],[-4.8564],[-4.3923],[-3.2103],[-1.5923],[-0.0897],[0.8641],[1.0487],[0.659],[0.0769],[-0.3231],[-0.3179],[0.0231],[0.6026],[1.1846],[1.5615],[1.5538],[1.1744],[0.5795],[0.0641],[-2.1179],[-3.2795],[-4.041],[-4.3103],[-4.2333],[-4.1308],[-4.2051],[-4.3897],[-4.4744],[-4.1564],[-3.2744],[-1.9256],[-0.4949],[0.5718],[0.9641],[0.7333],[0.2282],[-0.1333],[-0.1154],[0.2205],[0.6769],[1.0256],[1.1487],[1.0077],[0.7282],[0.5026],[0.4282],[-2.259],[-3.1359],[-3.8154],[-4.0846],[-4.0436],[-3.8205],[-3.6077],[-3.4282],[-3.2846],[-3.0769],[-2.6615],[-1.9282],[-0.9718],[-0.1103],[0.3154],[0.2179],[-0.1487],[-0.4051],[-0.3231],[0.0487],[0.4923],[0.7667],[0.8051],[0.641],[0.4692],[0.4564],[0.6667],[-2.0795],[-2.6538],[-3.1205],[-3.3],[-3.2641],[-3.1179],[-2.9128],[-2.6487],[-2.3795],[-2.1974],[-2.0333],[-1.7],[-1.141],[-0.5308],[-0.1846],[-0.2256],[-0.5333],[-0.7821],[-0.7333],[-0.4205],[0.0308],[0.4385],[0.6692],[0.6949],[0.6103],[0.6],[0.7179],[-1.9],[-2.1308],[-2.2615],[-2.2231],[-2.1692],[-2.2667],[-2.4564],[-2.4795],[-2.3077],[-2.0231],[-1.7256],[-1.359],[-0.9205],[-0.5103],[-0.2949],[-0.3641],[-0.6051],[-0.8026],[-0.9],[-0.8333],[-0.5641],[-0.0821],[0.4872],[0.9231],[1.0641],[0.9641],[0.7692],[-1.6513],[-1.5795],[-1.4333],[-1.2051],[-1.1872],[-1.5949],[-2.2436],[-2.7051],[-2.6949],[-2.2538],[-1.5846],[-0.9462],[-0.4821],[-0.2974],[-0.3308],[-0.4051],[-0.3897],[-0.3718],[-0.5564],[-0.9179],[-1.1487],[-0.859],[-0.0538],[0.8821],[1.4897],[1.5359],[1.1154],[-1.1205],[-0.8051],[-0.5333],[-0.3538],[-0.5436],[-1.2692],[-2.2359],[-2.9282],[-2.9974],[-2.4128],[-1.4667],[-0.5923],[-0.1692],[-0.2359],[-0.4974],[-0.4897],[-0.1026],[0.2462],[0.0256],[-0.8026],[-1.6128],[-1.6846],[-0.7667],[0.6615],[1.8692],[2.3333],[1.9846],[-0.3846],[0.1538],[0.4385],[0.3641],[-0.2],[-1.2051],[-2.2718],[-2.9333],[-2.9513],[-2.3385],[-1.4051],[-0.5436],[-0.1718],[-0.3308],[-0.5949],[-0.4231],[0.2051],[0.6641],[0.3205],[-0.8154],[-1.9051],[-2.0333],[-0.9692],[0.8026],[2.4359],[3.2667],[3.0487],[0.2333],[0.941],[1.2513],[0.9949],[0.1308],[-1.0667],[-2.0769],[-2.5513],[-2.4744],[-1.9923],[-1.3154],[-0.6846],[-0.3179],[-0.2744],[-0.2462],[0.0949],[0.6128],[0.7385],[0.0974],[-1.041],[-1.8231],[-1.5487],[-0.2],[1.6282],[3.1641],[3.8538],[3.4462],[0.6667],[1.2513],[1.5872],[1.3744],[0.5205],[-0.5923],[-1.4179],[-1.6897],[-1.5641],[-1.2821],[-0.9462],[-0.5872],[-0.2077],[0.1692],[0.6103],[1.0385],[1.1846],[0.7718],[-0.1487],[-1.0513],[-1.2436],[-0.4051],[1.1308],[2.6744],[3.6026],[3.5795],[2.6282],[1.0692],[1.2359],[1.4231],[1.3333],[0.7769],[-0.0103],[-0.5923],[-0.7692],[-0.6333],[-0.4462],[-0.2923],[-0.0667],[0.3308],[0.9282],[1.5795],[1.9718],[1.8205],[1.0923],[0.1564],[-0.4308],[-0.2513],[0.7308],[2.0923],[3.1462],[3.3487],[2.5487],[1.0385],[1.5026],[1.1641],[0.9923],[0.8718],[0.6205],[0.2205],[-0.1513],[-0.3205],[-0.259],[-0.041],[0.2487],[0.6205],[1.1077],[1.7077],[2.2795],[2.5205],[2.2744],[1.6821],[1.0872],[0.7333],[0.7872],[1.2872],[2.1205],[2.7256],[2.5],[1.2923],[-0.3897]]}]