html/data/WT_san09_ind_wt_4_1.json
[{"header":{"disciplineName":["Meteorological products"],"parameterCategory":[0],"parameterCategoryName":["Temperature"],"parameterNumberName":["Temperature"],"parameterNumber":[0],"parameterUnits":["K"],"refTime":["2017-03-17T0000:00.000Z"],"numberPoints":[621],"nx":[27],"ny":[23],"lo1":[-20],"la1":[70],"lo2":[45],"la2":[45],"dx":[2.5],"dy":[2.5]},"data":[[-11.1196],[-10.6214],[-10.1214],[-9.6536],[-9.2143],[-8.8214],[-8.4679],[-8.1714],[-7.9036],[-7.6786],[-7.4768],[-7.3054],[-7.1643],[-7.0679],[-7.0107],[-7.0161],[-7.1],[-7.2411],[-7.45],[-7.6946],[-7.9625],[-8.2304],[-8.4964],[-8.7518],[-8.9929],[-9.2393],[-9.5196],[-8.6054],[-8.2054],[-7.825],[-7.4696],[-7.1482],[-6.8643],[-6.6232],[-6.4179],[-6.2643],[-6.1518],[-6.0786],[-6.0357],[-6.0179],[-6.0161],[-6.0393],[-6.1125],[-6.2304],[-6.4107],[-6.6214],[-6.8661],[-7.1089],[-7.3304],[-7.5125],[-7.6625],[-7.8071],[-7.9643],[-8.1911],[-5.9589],[-5.7375],[-5.5464],[-5.35],[-5.15],[-4.9393],[-4.7625],[-4.6125],[-4.5196],[-4.5054],[-4.5321],[-4.6089],[-4.7071],[-4.7875],[-4.8714],[-4.9482],[-5.0661],[-5.2036],[-5.3839],[-5.5857],[-5.7839],[-5.9554],[-6.0696],[-6.1643],[-6.2482],[-6.3839],[-6.6196],[-3.7375],[-3.6857],[-3.6393],[-3.5839],[-3.4732],[-3.3054],[-3.1179],[-2.9571],[-2.8714],[-2.8589],[-2.9518],[-3.0911],[-3.25],[-3.3714],[-3.4429],[-3.4714],[-3.5018],[-3.5625],[-3.6786],[-3.8429],[-4.0196],[-4.1625],[-4.2643],[-4.3321],[-4.4161],[-4.5804],[-4.8696],[-2.2804],[-2.2571],[-2.2607],[-2.2571],[-2.2018],[-2.0857],[-1.9054],[-1.7339],[-1.6018],[-1.575],[-1.6589],[-1.8214],[-1.9946],[-2.0893],[-2.1125],[-2.0679],[-1.9893],[-1.9857],[-2.0625],[-2.2071],[-2.3714],[-2.5054],[-2.5696],[-2.5893],[-2.6286],[-2.7482],[-3.0393],[-1.2875],[-1.1821],[-1.1625],[-1.2071],[-1.2429],[-1.2161],[-1.1214],[-0.9589],[-0.8179],[-0.7661],[-0.8286],[-0.9661],[-1.1089],[-1.1839],[-1.1464],[-1.0321],[-0.9],[-0.8571],[-0.925],[-1.0696],[-1.2232],[-1.2839],[-1.2429],[-1.1286],[-1.0375],[-1.0589],[-1.2411],[-0.3036],[-0.1214],[-0.1107],[-0.2232],[-0.3946],[-0.5321],[-0.5571],[-0.4661],[-0.3357],[-0.2339],[-0.2339],[-0.3357],[-0.4339],[-0.4625],[-0.3643],[-0.2],[-0.0429],[-1.6165e-08],[-0.0857],[-0.2286],[-0.3143],[-0.2536],[-0.075],[0.1786],[0.3643],[0.3964],[0.2768],[0.8018],[0.9321],[0.8768],[0.6643],[0.3786],[0.1232],[-0.0071],[0.0232],[0.1732],[0.3339],[0.4321],[0.4554],[0.4446],[0.5071],[0.6661],[0.8839],[1.0375],[1.0446],[0.8982],[0.7214],[0.6304],[0.7571],[1.0107],[1.3036],[1.4625],[1.4643],[1.3357],[1.8411],[1.8786],[1.7679],[1.5321],[1.2339],[0.9589],[0.7911],[0.7946],[0.9482],[1.1857],[1.4286],[1.6089],[1.7518],[1.9214],[2.1464],[2.3786],[2.4786],[2.3589],[2.0518],[1.7107],[1.5071],[1.5589],[1.7786],[2.025],[2.1411],[2.1268],[2.0571],[2.7589],[2.7446],[2.6643],[2.5518],[2.3875],[2.1911],[2.0196],[1.9679],[2.1],[2.3946],[2.7518],[3.0804],[3.3464],[3.5768],[3.7857],[3.9161],[3.9018],[3.5964],[3.0964],[2.5554],[2.2036],[2.1357],[2.2893],[2.5179],[2.6679],[2.7625],[2.8946],[3.6286],[3.6357],[3.6946],[3.7786],[3.8071],[3.7214],[3.5554],[3.45],[3.5321],[3.8179],[4.225],[4.5964],[4.8393],[4.9929],[5.0589],[5.0554],[4.9054],[4.5393],[4.0179],[3.4964],[3.1786],[3.1357],[3.3179],[3.5696],[3.8054],[4.0304],[4.3393],[4.4429],[4.5357],[4.7179],[4.9429],[5.0964],[5.0982],[4.9929],[4.9107],[4.9875],[5.2607],[5.6232],[5.9268],[6.0571],[6.0232],[5.8929],[5.7518],[5.5804],[5.3786],[5.1232],[4.925],[4.8875],[5.0643],[5.4071],[5.7482],[6.0071],[6.2214],[6.4679],[5.2446],[5.3554],[5.5304],[5.7375],[5.9339],[6.075],[6.1661],[6.2661],[6.4411],[6.6875],[6.9554],[7.1321],[7.1661],[7.0161],[6.7482],[6.4982],[6.3464],[6.3321],[6.4339],[6.6071],[6.9179],[7.3911],[7.9554],[8.4482],[8.7857],[8.9696],[9.1357],[6.0732],[6.1464],[6.2089],[6.3554],[6.6429],[7.0679],[7.5304],[7.925],[8.1857],[8.3196],[8.4018],[8.4821],[8.4982],[8.3625],[8.0464],[7.6625],[7.4089],[7.3982],[7.5804],[7.9],[8.3464],[8.9857],[9.7964],[10.6161],[11.2268],[11.6286],[12.0107],[7.05],[7.0125],[6.9964],[7.2536],[7.8768],[8.7839],[9.6804],[10.2714],[10.4268],[10.2946],[10.1179],[10.1],[10.1679],[10.1125],[9.7518],[9.1839],[8.6964],[8.5018],[8.5696],[8.7714],[9.125],[9.825],[10.9339],[12.2018],[13.2143],[13.9089],[14.6036],[8.025],[7.9464],[8.0679],[8.6804],[9.8321],[11.2393],[12.3893],[12.9554],[12.8554],[12.4268],[12.0661],[12.0018],[12.1125],[12.0714],[11.6232],[10.8982],[10.2554],[9.9768],[10.0125],[10.1518],[10.4304],[11.1696],[12.5821],[14.2625],[15.4946],[16.0571],[16.5],[8.9464],[8.9911],[9.4214],[10.4643],[12.025],[13.6268],[14.7679],[15.1429],[14.9],[14.4696],[14.2446],[14.2982],[14.4161],[14.2696],[13.7179],[12.9357],[12.3446],[12.2],[12.4089],[12.6696],[12.975],[13.7571],[15.3446],[17.2768],[18.5125],[18.4857],[17.8821],[9.9982],[10.3786],[11.1607],[12.3911],[13.9321],[15.3375],[16.2446],[16.5179],[16.4839],[16.5321],[16.8],[17.1089],[17.1714],[16.8357],[16.1839],[15.4679],[14.9821],[14.9429],[15.2429],[15.5946],[15.8804],[16.5429],[18.0411],[20.0857],[21.4429],[21.1107],[19.5536],[11.6196],[12.45],[13.4518],[14.5607],[15.6893],[16.6804],[17.3429],[17.7464],[18.1571],[18.8286],[19.6464],[20.1375],[20.0054],[19.4214],[18.7393],[18.1321],[17.6286],[17.3661],[17.4232],[17.6714],[17.8714],[18.2321],[19.3411],[21.2946],[23.0696],[23.3214],[21.8679],[14.0268],[15.2143],[16.2893],[17.1018],[17.7768],[18.4214],[19.0268],[19.6054],[20.3214],[21.3054],[22.2661],[22.625],[22.1839],[21.3911],[20.7821],[20.3643],[19.8214],[19.1571],[18.8018],[18.9321],[19.1786],[19.2982],[19.7911],[21.2482],[23.2554],[24.4571],[24.0554],[16.9554],[18.2286],[19.2214],[19.8],[20.2],[20.7],[21.3357],[21.9661],[22.6304],[23.4089],[24.0661],[24.1089],[23.4179],[22.5839],[22.2107],[22.1446],[21.725],[20.8875],[20.3286],[20.5429],[21.0982],[21.2607],[21.1839],[21.7464],[23.2196],[24.6643],[25.0018],[19.6589],[20.7482],[21.5571],[21.9982],[22.2768],[22.7196],[23.3232],[23.8679],[24.2482],[24.6268],[24.9196],[24.8089],[24.1768],[23.5571],[23.5018],[23.8143],[23.7696],[23.1411],[22.6643],[23.0018],[23.8125],[24.1589],[23.8375],[23.6036],[24.0446],[24.6946],[24.6839],[21.3],[22.0571],[22.6464],[22.9696],[23.1679],[23.5036],[24.0071],[24.4411],[24.6625],[24.8036],[24.9982],[25.05],[24.8571],[24.6464],[24.8179],[25.3125],[25.6054],[25.3982],[25.075],[25.2143],[25.7482],[26.0625],[25.8714],[25.5339],[25.3643],[25.0821],[24.1696]]},{"header":{"disciplineName":["Meteorological products"],"parameterCategory":[2],"parameterCategoryName":["u-component of wind"],"parameterNumberName":["u-component of wind"],"parameterNumber":[2],"parameterUnits":["m s-1"],"refTime":["2017-03-17T0000:00.000Z"],"numberPoints":[621],"nx":[27],"ny":[23],"lo1":[-20],"la1":[70],"lo2":[45],"la2":[45],"dx":[2.5],"dy":[2.5]},"data":[[2.6429],[3.0536],[3.3982],[3.7054],[3.95],[4.1482],[4.3232],[4.5071],[4.7018],[4.9],[5.1161],[5.3],[5.4393],[5.5179],[5.5429],[5.5071],[5.4429],[5.3821],[5.3339],[5.2946],[5.2911],[5.2911],[5.2786],[5.1982],[5.0696],[4.8786],[4.6518],[2.6536],[3.1625],[3.5714],[3.8911],[4.1232],[4.3018],[4.4661],[4.6821],[4.9339],[5.2643],[5.5911],[5.9089],[6.1393],[6.2643],[6.2643],[6.1446],[5.9643],[5.7857],[5.6482],[5.5821],[5.5875],[5.6375],[5.6714],[5.6429],[5.5304],[5.3196],[5.0571],[3.4554],[3.8589],[4.1732],[4.3964],[4.5339],[4.6161],[4.7161],[4.8696],[5.0875],[5.3821],[5.7071],[5.9982],[6.1982],[6.2429],[6.1339],[5.8875],[5.5714],[5.2679],[5.0643],[4.9875],[5.0554],[5.2268],[5.4375],[5.5982],[5.6589],[5.6304],[5.5018],[4.7036],[4.9],[5.0411],[5.1321],[5.1661],[5.1375],[5.0804],[5.0196],[4.9786],[4.9911],[5.0321],[5.0786],[5.0911],[5.025],[4.8768],[4.6554],[4.425],[4.2321],[4.1607],[4.2321],[4.4375],[4.7696],[5.1411],[5.5018],[5.7964],[5.9929],[6.1143],[5.9929],[5.9696],[5.9446],[5.9214],[5.875],[5.7518],[5.5196],[5.1893],[4.8],[4.3893],[4.0214],[3.7411],[3.5357],[3.425],[3.3732],[3.3946],[3.4661],[3.6161],[3.8321],[4.0946],[4.4268],[4.7911],[5.1768],[5.5643],[5.9214],[6.2554],[6.5679],[7.0786],[6.85],[6.6714],[6.5518],[6.4161],[6.2089],[5.8607],[5.3696],[4.7893],[4.2054],[3.6911],[3.2929],[3.0393],[2.9589],[3.0196],[3.2107],[3.5143],[3.85],[4.1661],[4.4411],[4.6679],[4.8946],[5.1357],[5.4143],[5.7268],[6.0786],[6.4625],[7.7036],[7.3464],[7.05],[6.7929],[6.5357],[6.2107],[5.7768],[5.2893],[4.8071],[4.4196],[4.1625],[4.0304],[3.9875],[4.0018],[4.0679],[4.1643],[4.3],[4.3964],[4.4268],[4.3875],[4.2929],[4.2625],[4.3464],[4.5607],[4.8893],[5.2768],[5.7054],[7.7161],[7.3786],[7.05],[6.7089],[6.3089],[5.8375],[5.2946],[4.8071],[4.4768],[4.3911],[4.525],[4.7875],[5.05],[5.2161],[5.275],[5.2071],[5.0339],[4.7304],[4.3089],[3.8161],[3.3571],[3.0839],[3.0625],[3.2875],[3.6589],[4.0589],[4.4732],[7.2982],[7.0857],[6.8589],[6.5589],[6.125],[5.5518],[4.9304],[4.3696],[4.0125],[3.9321],[4.1446],[4.5286],[4.9464],[5.2786],[5.4804],[5.5089],[5.3464],[4.9732],[4.3893],[3.6821],[3.0357],[2.6089],[2.5018],[2.6536],[2.9161],[3.15],[3.3571],[6.7375],[6.6196],[6.4839],[6.2232],[5.8536],[5.4],[4.9196],[4.4518],[4.0625],[3.7946],[3.7],[3.7929],[4.0357],[4.3893],[4.7732],[5.1018],[5.2839],[5.2321],[4.8946],[4.3696],[3.8232],[3.45],[3.3089],[3.3232],[3.3304],[3.2464],[3.1179],[6.1161],[5.8839],[5.5964],[5.2196],[4.9107],[4.7518],[4.7661],[4.8339],[4.7768],[4.5464],[4.2],[3.8946],[3.75],[3.8214],[4.0946],[4.4661],[4.8],[4.9786],[4.9554],[4.7821],[4.6071],[4.5357],[4.5696],[4.6089],[4.5304],[4.3],[4.0143],[5.2232],[4.7286],[4.1518],[3.5661],[3.3054],[3.5393],[4.2232],[5.0429],[5.6179],[5.7732],[5.5375],[5.1036],[4.6571],[4.3196],[4.1143],[4.025],[3.9875],[3.9786],[4.0143],[4.1018],[4.3375],[4.6679],[5.0339],[5.3143],[5.4571],[5.4643],[5.4143],[4.1464],[3.5411],[2.8982],[2.4036],[2.3643],[2.9536],[4.0286],[5.2107],[6.1071],[6.5554],[6.5911],[6.3482],[5.9375],[5.4161],[4.8482],[4.2607],[3.7571],[3.4161],[3.3089],[3.4982],[3.9089],[4.4321],[4.9214],[5.3393],[5.6821],[6.0411],[6.3607],[3.3089],[2.9375],[2.7214],[2.7714],[3.2107],[3.9964],[4.9161],[5.6786],[6.1446],[6.3893],[6.5304],[6.5964],[6.5607],[6.3446],[5.9357],[5.4482],[4.9821],[4.6768],[4.5893],[4.7429],[5.0357],[5.3161],[5.5089],[5.625],[5.8304],[6.1929],[6.5946],[2.9268],[2.9786],[3.3661],[4.0625],[4.9071],[5.6393],[5.9946],[5.9071],[5.6143],[5.4589],[5.6339],[6.0536],[6.5161],[6.8464],[7.0357],[7.1464],[7.2357],[7.3214],[7.4018],[7.4714],[7.4714],[7.3143],[7.0089],[6.6857],[6.5286],[6.5982],[6.75],[2.6946],[3.0554],[3.7375],[4.6679],[5.5161],[5.9268],[5.7464],[5.1643],[4.6429],[4.55],[5.0054],[5.7821],[6.5768],[7.2339],[7.8125],[8.3357],[8.8214],[9.1464],[9.2875],[9.2304],[9.0196],[8.6357],[8.1286],[7.6571],[7.3911],[7.325],[7.2696],[2.3982],[2.9036],[3.5786],[4.3089],[4.8375],[4.925],[4.6286],[4.2589],[4.2357],[4.7304],[5.5946],[6.5071],[7.2143],[7.7],[8.0768],[8.4018],[8.6571],[8.7696],[8.7268],[8.5964],[8.4018],[8.1375],[7.8036],[7.525],[7.4536],[7.5786],[7.6643],[2.6714],[3.3464],[4.0393],[4.6036],[4.8911],[4.9179],[4.8464],[5.0143],[5.6018],[6.4607],[7.2839],[7.8054],[7.9768],[7.9339],[7.7821],[7.5768],[7.3143],[7.0125],[6.7804],[6.6893],[6.7125],[6.7054],[6.5786],[6.4375],[6.4839],[6.7929],[7.1554],[4.2982],[5.2179],[5.9893],[6.5179],[6.7804],[6.8571],[7.0107],[7.4286],[8.0446],[8.5482],[8.6411],[8.3196],[7.8036],[7.3161],[6.8696],[6.3946],[5.8875],[5.4375],[5.2125],[5.2679],[5.4982],[5.6625],[5.5946],[5.3893],[5.2911],[5.4232],[5.7143],[6.7214],[7.6304],[8.2],[8.4339],[8.4446],[8.3893],[8.4661],[8.7],[8.9054],[8.7393],[8.0375],[7.0518],[6.1464],[5.5679],[5.2464],[5.0179],[4.7571],[4.5],[4.375],[4.4804],[4.7357],[4.9446],[4.9643],[4.7768],[4.5286],[4.2964],[4.0857],[7.8],[8.2964],[8.2089],[7.7393],[7.1821],[6.7464],[6.5268],[6.4893],[6.4054],[6.0125],[5.2321],[4.3018],[3.5321],[3.1357],[3.1268],[3.3429],[3.5982],[3.7],[3.6411],[3.5804],[3.6643],[3.8804],[4.0482],[4.0982],[3.95],[3.4821],[2.6732],[5.5589],[5.5589],[4.8821],[3.8929],[3.0125],[2.4071],[2.0589],[1.9179],[1.8571],[1.7714],[1.5696],[1.2875],[0.9857],[0.8196],[0.9768],[1.5429],[2.2696],[2.7268],[2.7339],[2.5482],[2.5143],[2.6661],[2.8304],[2.8893],[2.7554],[2.2089],[1.0911],[0.1911],[0.0268],[-0.5446],[-1.1964],[-1.6304],[-1.8393],[-1.9679],[-2.0946],[-2.1161],[-1.9339],[-1.5768],[-1.1893],[-1.0482],[-1.0696],[-0.9036],[-0.2304],[0.7482],[1.4482],[1.6464],[1.6571],[1.8089],[1.9518],[1.7607],[1.25],[0.6946],[0.0679],[-0.9143]]},{"header":{"disciplineName":["Meteorological products"],"parameterCategory":[2],"parameterCategoryName":["v-component of wind"],"parameterNumberName":["v-component of wind"],"parameterNumber":[3],"parameterUnits":["m s-1"],"refTime":["2017-03-17T0000:00.000Z"],"numberPoints":[621],"nx":[27],"ny":[23],"lo1":[-20],"la1":[70],"lo2":[45],"la2":[45],"dx":[2.5],"dy":[2.5]},"data":[[-1.2232],[-0.875],[-0.5357],[-0.2125],[0.0679],[0.3036],[0.5018],[0.6607],[0.7661],[0.8143],[0.7929],[0.75],[0.6857],[0.6125],[0.5696],[0.5696],[0.5982],[0.6643],[0.7268],[0.7554],[0.7393],[0.6429],[0.4732],[0.2482],[-0.0232],[-0.3],[-0.5857],[0.1696],[0.4214],[0.6054],[0.75],[0.8589],[0.9821],[1.1196],[1.2411],[1.3393],[1.3571],[1.2893],[1.1268],[0.9089],[0.6643],[0.4607],[0.3429],[0.3232],[0.3929],[0.4982],[0.5714],[0.5732],[0.4607],[0.2232],[-0.1125],[-0.4946],[-0.8679],[-1.2018],[1.1393],[1.2375],[1.2446],[1.2286],[1.2625],[1.3768],[1.55],[1.7625],[1.9089],[1.9571],[1.8268],[1.5107],[1.0696],[0.5839],[0.1589],[-0.125],[-0.1982],[-0.0786],[0.1482],[0.4054],[0.5768],[0.5839],[0.4018],[0.0339],[-0.4429],[-0.9536],[-1.4286],[1.4339],[1.3893],[1.2964],[1.2339],[1.2607],[1.4107],[1.65],[1.9214],[2.1196],[2.1696],[2.0018],[1.6054],[1.05],[0.4321],[-0.0875],[-0.4268],[-0.4821],[-0.2643],[0.1304],[0.5857],[0.9946],[1.2214],[1.1839],[0.8875],[0.3804],[-0.2625],[-0.9179],[1.3107],[1.2071],[1.1143],[1.0607],[1.0946],[1.1946],[1.3589],[1.5321],[1.6464],[1.65],[1.4857],[1.1607],[0.7268],[0.2893],[-0.0643],[-0.2214],[-0.1429],[0.1536],[0.5982],[1.1268],[1.6214],[1.9643],[2.0696],[1.8804],[1.4071],[0.7304],[-0.0554],[1.0589],[0.9518],[0.8768],[0.8357],[0.7964],[0.7661],[0.7125],[0.6643],[0.6071],[0.5518],[0.4446],[0.3036],[0.1518],[0.0696],[0.0857],[0.2196],[0.4804],[0.8161],[1.2],[1.6071],[2.0125],[2.3482],[2.5214],[2.4339],[2.0446],[1.3982],[0.6321],[0.7143],[0.5357],[0.45],[0.3946],[0.3],[0.1143],[-0.0982],[-0.2821],[-0.3714],[-0.3929],[-0.3625],[-0.3304],[-0.2946],[-0.1929],[0.025],[0.3446],[0.6964],[1.0482],[1.3464],[1.6429],[1.9911],[2.3661],[2.6536],[2.6929],[2.4107],[1.8339],[1.1696],[0.2643],[-0.0196],[-0.1518],[-0.2304],[-0.3714],[-0.6018],[-0.8357],[-0.95],[-0.8571],[-0.5982],[-0.3375],[-0.1911],[-0.1786],[-0.2018],[-0.1393],[0.0411],[0.3161],[0.5821],[0.8232],[1.1429],[1.6179],[2.2357],[2.7946],[3.0643],[2.9125],[2.4196],[1.8268],[-0.0518],[-0.4589],[-0.6464],[-0.7536],[-0.9214],[-1.1875],[-1.4304],[-1.4393],[-1.0893],[-0.4571],[0.1821],[0.5393],[0.5304],[0.2696],[-0.0125],[-0.1554],[-0.1804],[-0.1536],[-0.0518],[0.2661],[0.9268],[1.8714],[2.8143],[3.3857],[3.3964],[2.9661],[2.4732],[-0.1679],[-0.6696],[-0.925],[-1.0589],[-1.2393],[-1.5786],[-1.9446],[-2.0357],[-1.6268],[-0.7232],[0.3089],[1.0571],[1.2714],[1.0375],[0.6036],[0.1696],[-0.1964],[-0.5571],[-0.7821],[-0.6429],[0.0286],[1.1661],[2.3911],[3.2036],[3.3786],[3.0839],[2.7554],[-0.3661],[-0.9643],[-1.3036],[-1.4143],[-1.4964],[-1.7643],[-2.2161],[-2.5089],[-2.2964],[-1.4143],[-0.1643],[0.9411],[1.5357],[1.5786],[1.2589],[0.7571],[0.1571],[-0.5089],[-1.0607],[-1.1661],[-0.5875],[0.5393],[1.8125],[2.7],[2.9768],[2.8464],[2.7125],[-0.8643],[-1.5929],[-2.0286],[-2.0107],[-1.7446],[-1.6143],[-1.8357],[-2.1929],[-2.2375],[-1.6321],[-0.5518],[0.5732],[1.3036],[1.5125],[1.3125],[0.8482],[0.2161],[-0.5107],[-1.0589],[-1.125],[-0.5161],[0.6143],[1.8],[2.5911],[2.8554],[2.825],[2.825],[-1.5482],[-2.3482],[-2.7714],[-2.4964],[-1.7232],[-0.9929],[-0.7518],[-0.9625],[-1.1804],[-1.0018],[-0.3857],[0.3446],[0.8161],[0.8821],[0.5964],[0.1],[-0.4643],[-0.9857],[-1.2018],[-0.875],[0.0429],[1.2696],[2.3643],[3.0375],[3.2679],[3.2714],[3.2411],[-2.1661],[-2.8446],[-3.0357],[-2.4214],[-1.2375],[-0.1143],[0.4054],[0.275],[-0.0839],[-0.2339],[-0.0625],[0.2179],[0.3214],[0.1214],[-0.3375],[-0.8929],[-1.4036],[-1.7036],[-1.5696],[-0.8571],[0.3393],[1.6804],[2.7804],[3.4589],[3.7589],[3.7982],[3.6429],[-2.7036],[-3.0036],[-2.7232],[-1.7768],[-0.4857],[0.5393],[0.8679],[0.5911],[0.1214],[-0.1036],[-0.0232],[0.1393],[0.1232],[-0.1839],[-0.6875],[-1.25],[-1.7339],[-1.9875],[-1.8054],[-1.1143],[0.0036],[1.3089],[2.4982],[3.4],[3.9375],[4.0661],[3.7143],[-3.0518],[-2.8375],[-2.0482],[-0.8929],[0.1804],[0.7196],[0.5929],[0.1107],[-0.2643],[-0.2071],[0.1679],[0.5089],[0.5607],[0.2446],[-0.2589],[-0.7768],[-1.2304],[-1.5411],[-1.6446],[-1.3839],[-0.675],[0.4554],[1.8036],[3.0875],[3.95],[4.1393],[3.5679],[-2.8339],[-2.1768],[-1.0946],[-0.0161],[0.6304],[0.6304],[0.1839],[-0.2518],[-0.2089],[0.3607],[1.1089],[1.5911],[1.5179],[1.0054],[0.3571],[-0.1839],[-0.5946],[-0.9589],[-1.3393],[-1.5536],[-1.3054],[-0.3518],[1.2036],[2.8982],[4.0929],[4.2821],[3.4732],[-1.8786],[-0.9304],[0.1179],[0.8393],[0.9804],[0.6143],[0.1464],[0.05],[0.5643],[1.5357],[2.4214],[2.7232],[2.2821],[1.3768],[0.4679],[-0.1696],[-0.5554],[-0.8982],[-1.3625],[-1.7821],[-1.725],[-0.825],[0.8857],[2.8732],[4.3125],[4.5911],[3.6482],[-0.4661],[0.5625],[1.3482],[1.6125],[1.3786],[0.9161],[0.6054],[0.7839],[1.5018],[2.4232],[3.0571],[2.9643],[2.1786],[1.0607],[0.0643],[-0.6089],[-1.025],[-1.3607],[-1.7357],[-1.9964],[-1.8143],[-0.85],[0.8661],[2.8839],[4.4482],[4.8964],[4.0357],[1.0071],[1.8196],[2.2232],[2.1714],[1.8643],[1.5732],[1.4661],[1.6304],[2.0679],[2.5304],[2.6571],[2.2321],[1.3893],[0.4839],[-0.2393],[-0.7982],[-1.2946],[-1.7143],[-1.9625],[-1.9089],[-1.4161],[-0.3714],[1.2036],[2.9714],[4.4107],[4.9518],[4.2857],[2.45],[2.7071],[2.5982],[2.3732],[2.2732],[2.3286],[2.3732],[2.3339],[2.2321],[2.1071],[1.8071],[1.2679],[0.6679],[0.2518],[0.0089],[-0.3393],[-0.9054],[-1.4857],[-1.7036],[-1.4375],[-0.7536],[0.2839],[1.6018],[3.0089],[4.1071],[4.4821],[3.7982],[3.7464],[3.2375],[2.5232],[2.0679],[2.1268],[2.4661],[2.6393],[2.3768],[1.8679],[1.3821],[0.9607],[0.5839],[0.3714],[0.4786],[0.6732],[0.5554],[-0.0464],[-0.7375],[-1.0875],[-0.9696],[-0.4964],[0.3071],[1.4375],[2.6161],[3.3929],[3.3554],[2.4125],[4.2125],[3.1071],[1.8982],[1.1304],[1.0607],[1.4071],[1.6018],[1.2804],[0.6357],[0.1054],[-0.1554],[-0.1661],[0.075],[0.6054],[1.1446],[1.2107],[0.675],[-0.0786],[-0.6393],[-0.9607],[-1.0143],[-0.575],[0.4804],[1.7321],[2.35],[1.9107],[0.6143]]}]