html/data/WT_san09_ind_wt_7_2.json
[{"header":{"disciplineName":["Meteorological products"],"parameterCategory":[0],"parameterCategoryName":["Temperature"],"parameterNumberName":["Temperature"],"parameterNumber":[0],"parameterUnits":["K"],"refTime":["2017-03-17T0000:00.000Z"],"numberPoints":[621],"nx":[27],"ny":[23],"lo1":[-20],"la1":[70],"lo2":[45],"la2":[45],"dx":[2.5],"dy":[2.5]},"data":[[1.8173],[1.8397],[1.8785],[1.9421],[2.0173],[2.1136],[2.2548],[2.43],[2.6409],[2.9076],[3.207],[3.5403],[3.8767],[4.2076],[4.5173],[4.7742],[4.9839],[5.1288],[5.2233],[5.2633],[5.2694],[5.2409],[5.207],[5.1658],[5.1282],[5.0821],[5.0542],[2.0045],[2.1215],[2.2597],[2.4227],[2.5936],[2.7803],[2.9955],[3.25],[3.5355],[3.8609],[4.21],[4.5712],[4.93],[5.2567],[5.547],[5.7761],[5.9464],[6.0621],[6.13],[6.1603],[6.1827],[6.193],[6.207],[6.2312],[6.2676],[6.3203],[6.3779],[2.5918],[2.7906],[3.0058],[3.2076],[3.4142],[3.6336],[3.873],[4.1433],[4.4524],[4.7894],[5.1464],[5.5088],[5.8524],[6.1542],[6.4027],[6.5973],[6.7397],[6.8452],[6.9179],[6.9852],[7.0518],[7.1348],[7.2245],[7.3288],[7.43],[7.5355],[7.6288],[3.4591],[3.6609],[3.8615],[4.0355],[4.2136],[4.4009],[4.6252],[4.8888],[5.2009],[5.5542],[5.9336],[6.3112],[6.6664],[6.9742],[7.2252],[7.4124],[7.5518],[7.6585],[7.7567],[7.8639],[7.9936],[8.1452],[8.3179],[8.4948],[8.6506],[8.7864],[8.8894],[4.1682],[4.3445],[4.5021],[4.6512],[4.7955],[4.9633],[5.1688],[5.4294],[5.7494],[6.1118],[6.5052],[6.8948],[7.2676],[7.593],[7.8445],[8.0312],[8.1512],[8.2355],[8.3142],[8.4161],[8.5688],[8.7688],[9.0009],[9.2524],[9.4876],[9.6936],[9.8488],[4.747],[4.9294],[5.093],[5.2488],[5.407],[5.5839],[5.7876],[6.0191],[6.2785],[6.5821],[6.9045],[7.2336],[7.5536],[7.8482],[8.0767],[8.2458],[8.3633],[8.4367],[8.507],[8.6094],[8.7652],[8.9888],[9.2609],[9.5712],[9.8791],[10.1579],[10.3936],[5.6591],[5.8458],[6.0136],[6.1761],[6.3403],[6.5064],[6.6652],[6.8233],[6.9724],[7.1415],[7.3312],[7.5524],[7.7803],[8.0076],[8.2179],[8.4142],[8.5973],[8.7803],[8.97],[9.1755],[9.4045],[9.6755],[9.9706],[10.2791],[10.5658],[10.8245],[11.0373],[7.0761],[7.1664],[7.2488],[7.3409],[7.4452],[7.553],[7.6367],[7.7058],[7.7858],[7.9064],[8.0779],[8.2809],[8.4839],[8.6773],[8.8676],[9.1045],[9.4167],[9.7912],[10.1882],[10.5627],[10.9033],[11.2142],[11.507],[11.7852],[12.0203],[12.1942],[12.3209],[8.5755],[8.4942],[8.4391],[8.4379],[8.473],[8.5136],[8.5433],[8.5973],[8.7367],[9.007],[9.373],[9.7494],[10.0379],[10.1997],[10.2991],[10.4567],[10.7561],[11.1852],[11.6488],[12.0427],[12.3445],[12.59],[12.8652],[13.1773],[13.4779],[13.7258],[13.9252],[9.7452],[9.5682],[9.5112],[9.5597],[9.6361],[9.6852],[9.7148],[9.8148],[10.093],[10.5967],[11.2494],[11.8573],[12.2348],[12.3161],[12.1942],[12.0821],[12.1524],[12.3997],[12.6767],[12.8324],[12.8785],[12.9639],[13.2355],[13.7082],[14.2409],[14.7112],[15.1264],[10.613],[10.5591],[10.7221],[10.9985],[11.2652],[11.4258],[11.5348],[11.7058],[12.0779],[12.687],[13.4464],[14.1173],[14.4755],[14.4203],[14.0658],[13.6882],[13.5227],[13.5821],[13.6645],[13.5961],[13.4227],[13.4197],[13.8221],[14.5712],[15.3555],[15.8906],[16.2027],[11.4488],[11.6367],[12.067],[12.5936],[13.0767],[13.4712],[13.7961],[14.1318],[14.5512],[15.0548],[15.6094],[16.0894],[16.313],[16.1718],[15.7421],[15.2967],[15.1282],[15.2627],[15.473],[15.5282],[15.4882],[15.7058],[16.4609],[17.5973],[18.5639],[18.8942],[18.6233],[12.347],[12.6664],[13.1791],[13.807],[14.5088],[15.2621],[16.0506],[16.767],[17.2948],[17.5991],[17.7615],[17.8706],[17.9003],[17.7209],[17.3155],[16.9076],[16.8221],[17.1809],[17.7548],[18.2367],[18.6203],[19.2761],[20.5239],[22.1652],[23.4597],[23.7761],[23.0912],[13.253],[13.5361],[13.9779],[14.67],[15.6845],[17.0003],[18.447],[19.6827],[20.3924],[20.4961],[20.2312],[19.9276],[19.7027],[19.3991],[18.8748],[18.2864],[18.0439],[18.3858],[19.1336],[19.9112],[20.6112],[21.5858],[23.2112],[25.3373],[27.2282],[28.1815],[28.0888],[14.1494],[14.4324],[14.9561],[15.9488],[17.4967],[19.4688],[21.4803],[23.0579],[23.8015],[23.6833],[23.0567],[22.3755],[21.8221],[21.2148],[20.3548],[19.353],[18.6706],[18.6415],[19.1767],[19.8573],[20.533],[21.5355],[23.2706],[25.667],[28.0767],[29.91],[31.1191],[15.2252],[15.7518],[16.6579],[18.2076],[20.3652],[22.7827],[24.9361],[26.3542],[26.8227],[26.4573],[25.6288],[24.6997],[23.8009],[22.8233],[21.6027],[20.3009],[19.307],[18.9233],[19.0785],[19.45],[19.967],[20.9506],[22.73],[25.1367],[27.5488],[29.5555],[31.3615],[16.7645],[17.7161],[19.0997],[21.0967],[23.53],[25.9082],[27.6724],[28.5379],[28.5894],[28.0948],[27.313],[26.3573],[25.2233],[23.9306],[22.5809],[21.3488],[20.4664],[20.0348],[19.9476],[20.1015],[20.6142],[21.8282],[23.8724],[26.293],[28.293],[29.5191],[30.4718],[18.893],[20.2076],[21.767],[23.707],[25.8373],[27.7052],[28.8627],[29.2197],[29.0597],[28.7167],[28.2373],[27.4403],[26.2045],[24.7397],[23.4191],[22.493],[21.9548],[21.647],[21.4736],[21.5433],[22.1664],[23.6833],[26.0597],[28.6312],[30.4173],[30.87],[30.5136],[21.2312],[22.6561],[24.0148],[25.3985],[26.8021],[28.0161],[28.7524],[28.9645],[28.9233],[28.9052],[28.8112],[28.2542],[27.0827],[25.61],[24.4003],[23.7039],[23.367],[23.1058],[22.8833],[22.933],[23.5464],[24.9573],[27.1427],[29.6585],[31.6464],[32.3512],[31.767],[22.8639],[24.1694],[25.1652],[25.9094],[26.6179],[27.3585],[27.9639],[28.3015],[28.4742],[28.6761],[28.8082],[28.533],[27.6676],[26.5142],[25.567],[25.0215],[24.6936],[24.4233],[24.2603],[24.3718],[24.7852],[25.5148],[26.7215],[28.5512],[30.7161],[32.3845],[32.8488],[23.0252],[24.0706],[24.7694],[25.1452],[25.4888],[26.0058],[26.5942],[27.0094],[27.2155],[27.3864],[27.5779],[27.6215],[27.3676],[26.9148],[26.4985],[26.1852],[25.913],[25.7215],[25.7633],[26.0136],[26.19],[26.1064],[26.1318],[26.927],[28.7603],[30.9761],[32.4312],[21.7864],[22.4845],[22.9785],[23.273],[23.5736],[24.0239],[24.5252],[24.8355],[24.9136],[24.9488],[25.1439],[25.5136],[25.9397],[26.2985],[26.4864],[26.4524],[26.307],[26.2779],[26.5064],[26.7694],[26.6858],[26.1791],[25.7252],[26.0276],[27.3397],[29.1409],[30.4348],[19.9718],[20.2961],[20.5997],[20.9203],[21.2979],[21.7252],[22.0839],[22.2627],[22.2755],[22.2664],[22.4639],[22.9985],[23.827],[24.6676],[25.1627],[25.2045],[25.0888],[25.1633],[25.3833],[25.3488],[24.8755],[24.3488],[24.3694],[25.15],[26.3155],[27.2797],[27.5918]]},{"header":{"disciplineName":["Meteorological products"],"parameterCategory":[2],"parameterCategoryName":["u-component of wind"],"parameterNumberName":["u-component of wind"],"parameterNumber":[2],"parameterUnits":["m s-1"],"refTime":["2017-03-17T0000:00.000Z"],"numberPoints":[621],"nx":[27],"ny":[23],"lo1":[-20],"la1":[70],"lo2":[45],"la2":[45],"dx":[2.5],"dy":[2.5]},"data":[[-0.3952],[-0.243],[-0.0673],[0.1291],[0.3624],[0.6515],[0.9939],[1.3927],[1.8224],[2.2364],[2.6042],[2.8764],[3.037],[3.0927],[3.057],[2.9897],[2.92],[2.9042],[2.963],[3.1061],[3.3097],[3.5545],[3.7921],[4.003],[4.1545],[4.2509],[4.2945],[-0.42],[-0.0006],[0.3818],[0.7164],[1.0048],[1.2818],[1.5764],[1.8933],[2.2406],[2.577],[2.8642],[3.0491],[3.1091],[3.0491],[2.8952],[2.7055],[2.54],[2.4442],[2.4558],[2.5558],[2.723],[2.9206],[3.0982],[3.2418],[3.3327],[3.3758],[3.4],[0.3479],[0.917],[1.4067],[1.7848],[2.043],[2.2182],[2.3527],[2.483],[2.6273],[2.7642],[2.8794],[2.9242],[2.88],[2.7503],[2.5564],[2.3606],[2.22],[2.1612],[2.197],[2.3055],[2.4539],[2.5945],[2.7042],[2.7782],[2.817],[2.8533],[2.9048],[1.7703],[2.2273],[2.6418],[2.9545],[3.1436],[3.2006],[3.1818],[3.1109],[3.0315],[2.9527],[2.8715],[2.7685],[2.637],[2.4758],[2.3376],[2.2327],[2.2067],[2.2618],[2.3685],[2.4982],[2.6079],[2.6691],[2.6927],[2.7042],[2.7242],[2.7673],[2.8436],[3.6594],[3.8127],[4.0115],[4.1945],[4.297],[4.2885],[4.1691],[3.9691],[3.7358],[3.497],[3.2715],[3.0606],[2.8606],[2.6952],[2.5788],[2.5485],[2.6048],[2.7158],[2.8358],[2.923],[2.9309],[2.8709],[2.7885],[2.723],[2.7091],[2.7539],[2.817],[6.02],[5.8691],[5.8061],[5.7879],[5.7394],[5.6121],[5.3812],[5.0721],[4.7461],[4.4448],[4.1879],[3.9655],[3.7636],[3.5739],[3.4133],[3.3182],[3.2891],[3.3079],[3.3236],[3.2842],[3.1673],[2.9964],[2.8273],[2.7261],[2.7067],[2.7539],[2.8145],[8.5667],[8.1739],[7.8279],[7.5188],[7.2055],[6.8576],[6.4509],[6.0273],[5.6715],[5.417],[5.2691],[5.1727],[5.0503],[4.8515],[4.5861],[4.3103],[4.0667],[3.8842],[3.7327],[3.5606],[3.3527],[3.1291],[2.9436],[2.8582],[2.8812],[2.9873],[3.1115],[10.3661],[9.7248],[9.0624],[8.4388],[7.8733],[7.3394],[6.8442],[6.4048],[6.1018],[5.9667],[5.9891],[6.0703],[6.0667],[5.8976],[5.5661],[5.1418],[4.74],[4.4055],[4.1376],[3.8945],[3.6364],[3.38],[3.1891],[3.1212],[3.2],[3.3836],[3.64],[10.543],[9.6485],[8.737],[7.9376],[7.3],[6.8188],[6.46],[6.1897],[6.0248],[5.9855],[6.0533],[6.1636],[6.1788],[6.0552],[5.7673],[5.4012],[5.0448],[4.7442],[4.48],[4.2055],[3.8939],[3.5776],[3.3333],[3.2406],[3.3255],[3.577],[3.917],[9.2545],[8.3042],[7.363],[6.5842],[6.0655],[5.8261],[5.7824],[5.8194],[5.8291],[5.7897],[5.7006],[5.5921],[5.4636],[5.3206],[5.1685],[5.0055],[4.8521],[4.6697],[4.4261],[4.1018],[3.7091],[3.3103],[3.0164],[2.88],[2.9503],[3.1982],[3.5873],[7.4885],[6.78],[6.0388],[5.3867],[4.9964],[4.98],[5.2818],[5.7042],[6],[6.0109],[5.7558],[5.3582],[4.9855],[4.7376],[4.623],[4.5564],[4.4285],[4.1667],[3.7612],[3.2812],[2.8012],[2.4042],[2.1285],[1.9752],[1.9752],[2.1558],[2.5279],[5.7164],[5.3921],[4.9455],[4.4661],[4.2182],[4.4285],[5.1145],[6.0273],[6.7782],[7.0806],[6.8939],[6.3988],[5.8461],[5.4109],[5.0879],[4.7521],[4.2588],[3.5745],[2.7945],[2.0873],[1.5952],[1.3236],[1.1412],[0.9479],[0.737],[0.6624],[0.86],[3.6133],[3.5745],[3.4903],[3.4115],[3.5655],[4.1903],[5.3158],[6.66],[7.7927],[8.4133],[8.4503],[8.0861],[7.5297],[6.9145],[6.24],[5.4345],[4.443],[3.3055],[2.217],[1.4176],[1.0412],[0.9715],[0.9315],[0.6752],[0.1733],[-0.3533],[-0.5788],[1.2533],[1.4818],[1.9655],[2.6152],[3.4842],[4.6067],[5.8879],[7.0855],[7.9394],[8.36],[8.4297],[8.2733],[7.9133],[7.3333],[6.5315],[5.56],[4.4927],[3.4152],[2.4727],[1.8424],[1.6491],[1.7933],[1.9691],[1.8545],[1.2994],[0.4406],[-0.3836],[-0.2042],[0.5267],[1.7103],[3.1067],[4.4655],[5.5867],[6.2558],[6.3897],[6.1024],[5.7152],[5.5303],[5.5897],[5.6194],[5.3921],[4.8909],[4.3255],[3.8636],[3.4855],[3.1333],[2.8442],[2.7715],[3.0503],[3.5691],[3.9921],[3.9479],[3.2467],[1.9958],[0.1921],[1.5127],[3.1012],[4.5727],[5.5606],[5.8],[5.2055],[3.9424],[2.4436],[1.3242],[0.9606],[1.2442],[1.6945],[1.8994],[1.9085],[2.0188],[2.4097],[2.9158],[3.2103],[3.2085],[3.1903],[3.5388],[4.4085],[5.5176],[6.2885],[6.1685],[4.9164],[1.62],[3.0964],[4.3133],[4.9097],[4.6794],[3.6721],[2.1109],[0.2933],[-1.3473],[-2.3848],[-2.5994],[-2.2042],[-1.6558],[-1.2818],[-0.9788],[-0.4194],[0.4921],[1.483],[2.1691],[2.4685],[2.6703],[3.1758],[4.1618],[5.4352],[6.5],[6.7715],[5.8933],[2.1206],[3.003],[3.203],[2.5333],[1.1285],[-0.5394],[-1.9842],[-2.9721],[-3.543],[-3.783],[-3.7903],[-3.6533],[-3.4636],[-3.2327],[-2.8321],[-2.1006],[-1.1055],[-0.0727],[0.8024],[1.5709],[2.3818],[3.2412],[3.9842],[4.4945],[4.7424],[4.7103],[4.2485],[0.5352],[0.5073],[-0.1903],[-1.5485],[-3.2067],[-4.5358],[-5.0145],[-4.6455],[-3.9588],[-3.5321],[-3.6152],[-3.9739],[-4.1952],[-3.9915],[-3.3115],[-2.3436],[-1.3467],[-0.4345],[0.5327],[1.7982],[3.2952],[4.4873],[4.7358],[3.9467],[2.7261],[1.8776],[1.683],[-2.7448],[-3.2661],[-4.0636],[-5.0485],[-5.9788],[-6.4491],[-6.103],[-5.0673],[-3.9709],[-3.4667],[-3.6982],[-4.1964],[-4.2964],[-3.6636],[-2.4624],[-1.1242],[-0.0376],[0.7521],[1.5958],[2.8406],[4.3776],[5.4636],[5.2442],[3.5945],[1.4133],[-0.0091],[-0.1133],[-6.6224],[-6.9861],[-7.1788],[-7.1752],[-7.0648],[-6.8618],[-6.4127],[-5.7067],[-5.0242],[-4.6709],[-4.6297],[-4.5085],[-3.9176],[-2.7527],[-1.2727],[0.1576],[1.2333],[1.8752],[2.2909],[2.8024],[3.5073],[4.0036],[3.6479],[2.2121],[0.3055],[-0.9994],[-1.1309],[-9.84],[-9.8879],[-9.5206],[-8.7836],[-8.0394],[-7.6055],[-7.4964],[-7.4673],[-7.3097],[-6.923],[-6.237],[-5.2345],[-4.0261],[-2.8006],[-1.6606],[-0.597],[0.3176],[0.8552],[0.8612],[0.5115],[0.2212],[0.1879],[0.203],[-0.1358],[-0.8818],[-1.6358],[-1.9285],[-10.9758],[-11.0776],[-10.8073],[-10.1164],[-9.3842],[-9.0503],[-9.2091],[-9.5564],[-9.6582],[-9.2212],[-8.2164],[-6.9006],[-5.7133],[-4.9079],[-4.3327],[-3.6261],[-2.7448],[-2.097],[-2.1145],[-2.6988],[-3.2321],[-3.1479],[-2.4303],[-1.6224],[-1.2739],[-1.5055],[-1.917]]},{"header":{"disciplineName":["Meteorological products"],"parameterCategory":[2],"parameterCategoryName":["v-component of wind"],"parameterNumberName":["v-component of wind"],"parameterNumber":[3],"parameterUnits":["m s-1"],"refTime":["2017-03-17T0000:00.000Z"],"numberPoints":[621],"nx":[27],"ny":[23],"lo1":[-20],"la1":[70],"lo2":[45],"la2":[45],"dx":[2.5],"dy":[2.5]},"data":[[-1.137],[-0.7103],[-0.1206],[0.5794],[1.3345],[2.0758],[2.7321],[3.2352],[3.5352],[3.6158],[3.5],[3.2273],[2.8709],[2.4982],[2.1752],[1.9291],[1.7733],[1.6818],[1.617],[1.5436],[1.4055],[1.2024],[0.9339],[0.6188],[0.2873],[-0.0248],[-0.2982],[-0.2758],[0.1842],[0.737],[1.38],[2.0655],[2.7442],[3.3303],[3.7588],[3.9642],[3.9115],[3.6261],[3.1806],[2.6491],[2.1552],[1.7685],[1.5388],[1.4636],[1.503],[1.5727],[1.6279],[1.5927],[1.4618],[1.2303],[0.9236],[0.5879],[0.2558],[-0.06],[0.9127],[1.2794],[1.6642],[2.0873],[2.5564],[3.0479],[3.503],[3.8255],[3.9497],[3.8152],[3.4442],[2.9],[2.2921],[1.7339],[1.3382],[1.1309],[1.1121],[1.2188],[1.3721],[1.503],[1.5588],[1.5115],[1.3848],[1.1818],[0.9273],[0.6473],[0.3515],[1.8212],[2.1109],[2.3352],[2.5485],[2.8006],[3.097],[3.397],[3.6206],[3.68],[3.5194],[3.1467],[2.6218],[2.0606],[1.5721],[1.2358],[1.083],[1.0879],[1.1867],[1.3121],[1.4273],[1.503],[1.537],[1.5236],[1.4636],[1.3242],[1.1036],[0.7806],[2.1848],[2.523],[2.7339],[2.8576],[2.9667],[3.077],[3.1982],[3.2655],[3.2218],[3.0297],[2.6788],[2.2424],[1.8182],[1.4812],[1.2945],[1.2297],[1.2479],[1.2921],[1.3261],[1.3485],[1.3945],[1.4648],[1.5491],[1.5842],[1.5042],[1.2588],[0.8406],[2.1442],[2.5842],[2.8352],[2.9176],[2.8879],[2.817],[2.7339],[2.6315],[2.4788],[2.2442],[1.94],[1.6091],[1.3109],[1.1273],[1.0576],[1.0727],[1.1152],[1.1279],[1.1061],[1.0921],[1.1297],[1.2527],[1.4079],[1.4964],[1.42],[1.1097],[0.6048],[1.7691],[2.1788],[2.3739],[2.38],[2.2424],[2.0436],[1.857],[1.7103],[1.5945],[1.4576],[1.2715],[1.0309],[0.7776],[0.5867],[0.4885],[0.4794],[0.5248],[0.5564],[0.5879],[0.6497],[0.7891],[1.0097],[1.26],[1.4164],[1.3745],[1.0885],[0.6121],[0.9212],[1.1248],[1.2145],[1.1903],[1.0921],[0.9842],[0.9194],[0.9497],[1.0642],[1.1733],[1.1642],[0.9758],[0.6224],[0.2261],[-0.0885],[-0.2418],[-0.2436],[-0.1467],[0.0036],[0.1976],[0.4545],[0.7818],[1.1364],[1.423],[1.5285],[1.4218],[1.1212],[-0.4048],[-0.4145],[-0.3321],[-0.1685],[0.0442],[0.2467],[0.46],[0.7194],[1.0388],[1.3194],[1.4164],[1.2061],[0.7036],[0.0745],[-0.46],[-0.7442],[-0.7582],[-0.5939],[-0.3739],[-0.1479],[0.1188],[0.457],[0.877],[1.3133],[1.6636],[1.8224],[1.7497],[-1.8333],[-1.9461],[-1.7194],[-1.1867],[-0.5206],[0.083],[0.5145],[0.8182],[1.0667],[1.2436],[1.2509],[0.9758],[0.4261],[-0.2158],[-0.7309],[-0.9509],[-0.8879],[-0.6891],[-0.4982],[-0.3691],[-0.2545],[-0.0115],[0.4455],[1.0673],[1.7115],[2.163],[2.2533],[-2.9248],[-3.0842],[-2.7467],[-1.897],[-0.8127],[0.1479],[0.7521],[0.9558],[0.903],[0.7279],[0.4727],[0.1158],[-0.3315],[-0.7764],[-1.083],[-1.1545],[-1.0255],[-0.8285],[-0.6988],[-0.6618],[-0.6376],[-0.4473],[0.0612],[0.8855],[1.8552],[2.6515],[2.957],[-3.5248],[-3.7915],[-3.5006],[-2.523],[-1.0891],[0.32],[1.2327],[1.4521],[1.1109],[0.5006],[-0.1176],[-0.64],[-1.0594],[-1.4158],[-1.6903],[-1.8455],[-1.8497],[-1.7152],[-1.5024],[-1.2873],[-1.0848],[-0.797],[-0.2424],[0.7],[1.9424],[3.1661],[3.923],[-3.7879],[-4.1436],[-3.94],[-2.8339],[-0.963],[1.0321],[2.4345],[2.7982],[2.2164],[1.1376],[0.0515],[-0.7988],[-1.4406],[-2.0394],[-2.6933],[-3.3073],[-3.6691],[-3.5855],[-3.0552],[-2.3067],[-1.637],[-1.1455],[-0.6739],[0.1006],[1.3612],[2.9309],[4.3139],[-3.8206],[-4.0412],[-3.6582],[-2.217],[0.1515],[2.6545],[4.3012],[4.5552],[3.5661],[1.9764],[0.4436],[-0.7479],[-1.7176],[-2.7473],[-3.9461],[-5.117],[-5.8255],[-5.7012],[-4.7285],[-3.3388],[-2.1109],[-1.4097],[-1.1285],[-0.7958],[0.0685],[1.58],[3.3321],[-3.4939],[-3.2812],[-2.4261],[-0.5503],[2.0667],[4.4939],[5.723],[5.3618],[3.8133],[1.8861],[0.2285],[-1.0339],[-2.1436],[-3.4176],[-4.9133],[-6.3321],[-7.1303],[-6.9297],[-5.7139],[-3.9582],[-2.3236],[-1.3012],[-0.9788],[-1.0097],[-0.843],[-0.0624],[1.3164],[-2.5939],[-1.8576],[-0.5818],[1.4158],[3.6812],[5.2903],[5.5121],[4.3503],[2.5145],[0.7909],[-0.4842],[-1.4782],[-2.5448],[-3.8533],[-5.2945],[-6.5103],[-7.1485],[-6.9576],[-5.9242],[-4.2752],[-2.4176],[-0.8127],[0.1267],[0.1952],[-0.3715],[-0.9176],[-0.7473],[-1.1188],[-0.1388],[1.1018],[2.6358],[3.9873],[4.4309],[3.6812],[2.1842],[0.7406],[-0.2024],[-0.8176],[-1.577],[-2.7236],[-4.0885],[-5.3248],[-6.1618],[-6.557],[-6.4921],[-5.897],[-4.6279],[-2.6412],[-0.283],[1.6248],[2.1467],[0.9782],[-1.0685],[-2.4709],[0.423],[1.1812],[1.8824],[2.5909],[2.9679],[2.5885],[1.523],[0.4048],[-0.1624],[-0.2394],[-0.4406],[-1.3012],[-2.737],[-4.2194],[-5.2715],[-5.7933],[-6.0115],[-6.0473],[-5.7376],[-4.6885],[-2.6097],[0.1679],[2.6036],[3.34],[1.7188],[-1.4079],[-4.0055],[1.243],[1.4485],[1.4691],[1.5152],[1.4412],[0.9927],[0.3188],[-0.0558],[0.0879],[0.3788],[0.0945],[-1.0067],[-2.5424],[-3.8661],[-4.66],[-5.0448],[-5.2461],[-5.2612],[-4.8224],[-3.6158],[-1.5915],[0.8188],[2.6982],[2.9721],[1.1388],[-2.1067],[-4.957],[0.9533],[0.6145],[0.2036],[0.0933],[0.2152],[0.2824],[0.2709],[0.4164],[0.7103],[0.7503],[0.1588],[-0.92],[-1.9648],[-2.637],[-3.0521],[-3.4867],[-3.8794],[-3.837],[-3.0255],[-1.5139],[0.2127],[1.5164],[1.9333],[1.2933],[-0.3358],[-2.5703],[-4.6321],[0.0412],[-0.5473],[-1.0127],[-0.9412],[-0.4242],[0.1448],[0.5558],[0.8133],[0.8485],[0.4594],[-0.3139],[-1.0115],[-1.2109],[-1.1012],[-1.2594],[-1.92],[-2.6194],[-2.5939],[-1.5461],[0.0552],[1.2485],[1.3127],[0.2588],[-1.1697],[-2.2345],[-2.8436],[-3.48],[-0.5685],[-1.0424],[-1.3909],[-1.2642],[-0.703],[-0.08],[0.3497],[0.5115],[0.3388],[-0.2406],[-0.9685],[-1.297],[-1.0036],[-0.6024],[-0.8273],[-1.7685],[-2.6739],[-2.7061],[-1.7182],[-0.3685],[0.3345],[-0.2976],[-2.0564],[-3.8255],[-4.4188],[-3.7885],[-3.0976],[-0.5558],[-0.7303],[-1.0321],[-1.1721],[-1.023],[-0.7479],[-0.5061],[-0.3539],[-0.4224],[-0.8467],[-1.4558],[-1.7661],[-1.62],[-1.5109],[-2.0636],[-3.1685],[-4.0448],[-4.0752],[-3.3036],[-2.2927],[-1.737],[-2.203],[-3.7352],[-5.4964],[-6.2224],[-5.4436],[-4.1303]]}]