html/data/WT_san09_ind_wt_7_8.json
[{"header":{"disciplineName":["Meteorological products"],"parameterCategory":[0],"parameterCategoryName":["Temperature"],"parameterNumberName":["Temperature"],"parameterNumber":[0],"parameterUnits":["K"],"refTime":["2017-03-17T0000:00.000Z"],"numberPoints":[621],"nx":[27],"ny":[23],"lo1":[-20],"la1":[70],"lo2":[45],"la2":[45],"dx":[2.5],"dy":[2.5]},"data":[[1.7701],[1.784],[1.7938],[1.7938],[1.8056],[1.8264],[1.8882],[1.9833],[2.1569],[2.3958],[2.7021],[3.0618],[3.4521],[3.8403],[4.1993],[4.4938],[4.7132],[4.8472],[4.9153],[4.9243],[4.8924],[4.8576],[4.8326],[4.8333],[4.8576],[4.9035],[4.9681],[2.2958],[2.3688],[2.4326],[2.4882],[2.5451],[2.5979],[2.6931],[2.8271],[3.0271],[3.3063],[3.6604],[4.0687],[4.5083],[4.9306],[5.3063],[5.6014],[5.7972],[5.9021],[5.9229],[5.8986],[5.841],[5.7993],[5.7778],[5.8035],[5.8667],[5.9486],[6.059],[2.9736],[3.0507],[3.1326],[3.2028],[3.2785],[3.3646],[3.4653],[3.6285],[3.8632],[4.1729],[4.5604],[4.9965],[5.4521],[5.8819],[6.2417],[6.5153],[6.6944],[6.7799],[6.8042],[6.7903],[6.7806],[6.7847],[6.8215],[6.8847],[6.9701],[7.0632],[7.1514],[3.6937],[3.7097],[3.7493],[3.7944],[3.8597],[3.9632],[4.1056],[4.325],[4.6285],[5.0215],[5.4729],[5.9618],[6.4472],[6.866],[7.2035],[7.4375],[7.5792],[7.6479],[7.6722],[7.6875],[7.7201],[7.7736],[7.8618],[7.9604],[8.0625],[8.1382],[8.1917],[4.3458],[4.2993],[4.284],[4.2896],[4.3444],[4.4437],[4.6319],[4.9056],[5.2833],[5.7417],[6.2618],[6.7903],[7.2778],[7.6778],[7.9604],[8.1368],[8.216],[8.2285],[8.2243],[8.2333],[8.2688],[8.3472],[8.4576],[8.584],[8.7118],[8.8271],[8.925],[5.0903],[5.0521],[5.0208],[5.0076],[5.0201],[5.0882],[5.25],[5.5007],[5.8562],[6.2917],[6.7681],[7.2438],[7.666],[8.0063],[8.225],[8.3396],[8.3875],[8.4014],[8.4042],[8.4326],[8.4986],[8.6014],[8.7368],[8.8875],[9.0549],[9.2236],[9.4069],[6.2],[6.1993],[6.1569],[6.0889],[6.0382],[6.0271],[6.0847],[6.2403],[6.4708],[6.7833],[7.1562],[7.5278],[7.8646],[8.1292],[8.3299],[8.4708],[8.5951],[8.7236],[8.8597],[9.0076],[9.1764],[9.3465],[9.5222],[9.7042],[9.8729],[10.0368],[10.2104],[7.5764],[7.5271],[7.3972],[7.25],[7.1188],[7.034],[7.0181],[7.0757],[7.2424],[7.5174],[7.8549],[8.2236],[8.5632],[8.8194],[9.0299],[9.2222],[9.4542],[9.7389],[10.0306],[10.3104],[10.5597],[10.7917],[11.0188],[11.2528],[11.4563],[11.6111],[11.7312],[8.8139],[8.6264],[8.4201],[8.2375],[8.1035],[8.0278],[8.0083],[8.0875],[8.3035],[8.6861],[9.1951],[9.7285],[10.1674],[10.4347],[10.5799],[10.7069],[10.8938],[11.1417],[11.4],[11.5854],[11.7215],[11.8833],[12.15],[12.5243],[12.916],[13.2528],[13.4979],[9.7153],[9.4944],[9.3562],[9.3236],[9.3507],[9.3826],[9.4278],[9.5458],[9.8465],[10.3951],[11.1174],[11.8431],[12.3639],[12.5708],[12.5222],[12.3743],[12.3014],[12.3208],[12.3215],[12.2014],[12.0431],[12.0132],[12.3125],[12.9104],[13.634],[14.2618],[14.7778],[10.4819],[10.4326],[10.5924],[10.8854],[11.1944],[11.4049],[11.5306],[11.6667],[11.9771],[12.5375],[13.3042],[14.0528],[14.5312],[14.5889],[14.2792],[13.8549],[13.5535],[13.4007],[13.2542],[12.9632],[12.6139],[12.5243],[12.9493],[13.8125],[14.7868],[15.5069],[15.9417],[11.3257],[11.5451],[12.0278],[12.6542],[13.2417],[13.7014],[14.0236],[14.2799],[14.5785],[14.9889],[15.5306],[16.0708],[16.3875],[16.2951],[15.8368],[15.3],[14.9958],[15.0007],[15.0958],[15.0507],[14.9194],[15.0868],[15.8347],[17.0292],[18.1347],[18.6132],[18.4521],[12.2118],[12.5854],[13.1931],[13.9625],[14.8139],[15.6611],[16.4479],[17.0806],[17.4931],[17.7139],[17.8778],[18.0431],[18.1187],[17.9028],[17.3875],[16.8306],[16.625],[16.9167],[17.4674],[17.9319],[18.2854],[18.9069],[20.1271],[21.7826],[23.1562],[23.5729],[22.9771],[13.0847],[13.4451],[14.0271],[14.8958],[16.0736],[17.4875],[18.9285],[20.0868],[20.6931],[20.7313],[20.4604],[20.1931],[19.9667],[19.5875],[18.9222],[18.1993],[17.8694],[18.1861],[18.9312],[19.6868],[20.3451],[21.284],[22.909],[25.0528],[26.9993],[28.034],[28.0132],[14.066],[14.475],[15.1632],[16.3111],[17.9667],[19.959],[21.9125],[23.3611],[23.9792],[23.7764],[23.1139],[22.4278],[21.8396],[21.175],[20.2167],[19.1729],[18.5],[18.5146],[19.0382],[19.6444],[20.2403],[21.2049],[22.9903],[25.4625],[27.9444],[29.8424],[31.0819],[15.4014],[16.0736],[17.1257],[18.7514],[20.8799],[23.1479],[25.1139],[26.35],[26.6812],[26.2076],[25.3104],[24.3493],[23.4299],[22.4076],[21.1861],[19.95],[19.0979],[18.8361],[19.0021],[19.2812],[19.691],[20.6639],[22.5444],[25.0715],[27.5507],[29.5576],[31.3486],[17.2313],[18.2833],[19.7347],[21.7028],[23.9431],[26.0104],[27.4882],[28.1757],[28.1417],[27.6132],[26.7979],[25.7986],[24.6146],[23.2903],[21.9514],[20.85],[20.175],[19.9215],[19.8965],[19.984],[20.4208],[21.6486],[23.8042],[26.3382],[28.366],[29.5326],[30.4118],[19.4625],[20.7771],[22.3347],[24.166],[26.0167],[27.5069],[28.3771],[28.6368],[28.5403],[28.2729],[27.8146],[26.9646],[25.6618],[24.1146],[22.7674],[21.9194],[21.541],[21.4167],[21.3292],[21.3826],[21.9868],[23.5326],[25.9965],[28.6444],[30.4312],[30.8285],[30.3882],[21.6792],[23.0354],[24.3528],[25.6215],[26.7611],[27.6493],[28.1785],[28.4132],[28.5382],[28.6688],[28.6035],[27.9889],[26.7118],[25.1271],[23.8326],[23.1292],[22.8583],[22.7049],[22.5597],[22.6347],[23.2632],[24.7167],[26.9569],[29.5201],[31.534],[32.2431],[31.6549],[23.1833],[24.3937],[25.3319],[25.9931],[26.5076],[27.0333],[27.5417],[27.9681],[28.3174],[28.6326],[28.766],[28.4097],[27.4458],[26.1931],[25.1542],[24.5347],[24.1972],[23.95],[23.8208],[23.9667],[24.4278],[25.2035],[26.4451],[28.309],[30.5229],[32.2854],[32.834],[23.3549],[24.2896],[24.9056],[25.2097],[25.4618],[25.8813],[26.4521],[26.9479],[27.2646],[27.4833],[27.6451],[27.6181],[27.2806],[26.7576],[26.2576],[25.8875],[25.5896],[25.3826],[25.4375],[25.7208],[25.9458],[25.9062],[25.9382],[26.7521],[28.6528],[30.9833],[32.5403],[22.209],[22.759],[23.1229],[23.3569],[23.6333],[24.0924],[24.6069],[24.9722],[25.0931],[25.1396],[25.3125],[25.6403],[26.0007],[26.2868],[26.4083],[26.3569],[26.2389],[26.2354],[26.4806],[26.7535],[26.7021],[26.2132],[25.7521],[26.0576],[27.4257],[29.2993],[30.6451],[20.3875],[20.5403],[20.7007],[20.9694],[21.3854],[21.8771],[22.2806],[22.4764],[22.5007],[22.5097],[22.7153],[23.2389],[23.9917],[24.7188],[25.1458],[25.2215],[25.2111],[25.3757],[25.6056],[25.5431],[25.0438],[24.5201],[24.5479],[25.3465],[26.5715],[27.5812],[27.8819]]},{"header":{"disciplineName":["Meteorological products"],"parameterCategory":[2],"parameterCategoryName":["u-component of wind"],"parameterNumberName":["u-component of wind"],"parameterNumber":[2],"parameterUnits":["m s-1"],"refTime":["2017-03-17T0000:00.000Z"],"numberPoints":[621],"nx":[27],"ny":[23],"lo1":[-20],"la1":[70],"lo2":[45],"la2":[45],"dx":[2.5],"dy":[2.5]},"data":[[1.375],[1.5028],[1.6111],[1.725],[1.8424],[2.0083],[2.2167],[2.484],[2.7896],[3.1174],[3.4299],[3.7014],[3.9132],[4.0347],[4.0938],[4.0993],[4.084],[4.0729],[4.084],[4.1042],[4.1361],[4.1514],[4.1361],[4.066],[3.934],[3.7687],[3.5757],[1.284],[1.6049],[1.8771],[2.1],[2.2736],[2.459],[2.6583],[2.9062],[3.2007],[3.5056],[3.7979],[4.0236],[4.1528],[4.175],[4.1076],[3.984],[3.8528],[3.7569],[3.716],[3.7201],[3.7528],[3.7729],[3.7514],[3.6694],[3.5097],[3.3028],[3.0736],[1.6688],[2.109],[2.4625],[2.7215],[2.8917],[2.9938],[3.0833],[3.1931],[3.325],[3.4847],[3.6312],[3.7125],[3.7042],[3.5958],[3.4125],[3.1896],[2.9924],[2.8625],[2.816],[2.8292],[2.8771],[2.9125],[2.9069],[2.8521],[2.7438],[2.6201],[2.4965],[2.8285],[3.1576],[3.4201],[3.584],[3.6375],[3.5924],[3.4785],[3.3424],[3.2181],[3.1139],[3.0187],[2.9111],[2.7715],[2.5986],[2.4139],[2.2618],[2.1688],[2.159],[2.216],[2.3014],[2.3757],[2.4097],[2.3799],[2.3194],[2.2479],[2.2035],[2.2076],[4.5632],[4.5931],[4.6132],[4.5903],[4.484],[4.2729],[3.9757],[3.6299],[3.2757],[2.9646],[2.6972],[2.4819],[2.2979],[2.1576],[2.0646],[2.0625],[2.1465],[2.2979],[2.4743],[2.6194],[2.6861],[2.666],[2.5646],[2.459],[2.3715],[2.341],[2.3764],[6.4764],[6.1931],[5.9479],[5.7076],[5.441],[5.1076],[4.7097],[4.2931],[3.9],[3.5882],[3.3625],[3.1986],[3.0847],[2.9903],[2.9285],[2.9139],[2.9882],[3.1028],[3.2236],[3.2951],[3.2799],[3.1868],[3.066],[2.9701],[2.9313],[2.9576],[3.0167],[8.1333],[7.6562],[7.2194],[6.8181],[6.4194],[6.0076],[5.5965],[5.2306],[4.9771],[4.8604],[4.8597],[4.9014],[4.8889],[4.7688],[4.5556],[4.2972],[4.066],[3.8882],[3.759],[3.6313],[3.4938],[3.3736],[3.309],[3.3514],[3.5049],[3.716],[3.9125],[9.0701],[8.5264],[7.9924],[7.5069],[7.0708],[6.6562],[6.3111],[6.0681],[5.9785],[6.0486],[6.2229],[6.3896],[6.4118],[6.2125],[5.7972],[5.259],[4.7181],[4.2722],[3.9229],[3.6507],[3.4215],[3.2722],[3.2611],[3.4306],[3.7583],[4.1708],[4.5611],[8.9743],[8.3972],[7.8528],[7.3847],[7.0229],[6.7604],[6.591],[6.4938],[6.4667],[6.5076],[6.5826],[6.6306],[6.5444],[6.266],[5.8083],[5.2542],[4.7375],[4.3201],[4.0125],[3.7514],[3.4903],[3.2743],[3.1854],[3.3007],[3.625],[4.0917],[4.5681],[7.9993],[7.3917],[6.859],[6.4535],[6.2528],[6.2389],[6.3653],[6.5007],[6.5299],[6.4132],[6.1903],[5.9139],[5.6215],[5.3049],[4.9757],[4.6611],[4.3972],[4.2083],[4.0424],[3.8368],[3.5556],[3.2438],[3.0076],[2.9611],[3.1278],[3.4924],[3.9868],[6.5257],[5.9688],[5.4542],[5.084],[5.0028],[5.2597],[5.7875],[6.3326],[6.6514],[6.5938],[6.2292],[5.7264],[5.2618],[4.8958],[4.625],[4.3972],[4.1736],[3.9354],[3.6632],[3.3465],[3.0007],[2.6549],[2.3812],[2.2368],[2.2681],[2.5111],[2.9778],[4.7486],[4.3604],[3.9597],[3.6694],[3.7271],[4.2792],[5.259],[6.3931],[7.2701],[7.6451],[7.5174],[7.0771],[6.5354],[6.0181],[5.5118],[4.9375],[4.2708],[3.5306],[2.8257],[2.2444],[1.8444],[1.6146],[1.4889],[1.3687],[1.2653],[1.2993],[1.6264],[2.7194],[2.6243],[2.5687],[2.6472],[3.0521],[3.9451],[5.2743],[6.7785],[8.0708],[8.8687],[9.0951],[8.8674],[8.3451],[7.6062],[6.6951],[5.6097],[4.416],[3.209],[2.1458],[1.4167],[1.0986],[1.1139],[1.2347],[1.1938],[0.8979],[0.5181],[0.3792],[0.9014],[1.2465],[1.8208],[2.5833],[3.516],[4.6208],[5.8132],[6.9549],[7.8729],[8.4708],[8.7299],[8.6451],[8.2222],[7.4701],[6.4646],[5.3313],[4.2056],[3.1528],[2.275],[1.7069],[1.566],[1.825],[2.2174],[2.3653],[1.9986],[1.2146],[0.359],[0.1903],[1.0757],[2.3021],[3.6403],[4.8125],[5.5896],[5.9056],[5.8187],[5.5458],[5.3174],[5.2562],[5.2812],[5.1722],[4.8097],[4.284],[3.8028],[3.4778],[3.2472],[2.9861],[2.7292],[2.6875],[3.0431],[3.7049],[4.2688],[4.2882],[3.5472],[2.2049],[0.8924],[2.1771],[3.5986],[4.8111],[5.434],[5.2493],[4.2965],[2.8861],[1.4757],[0.5333],[0.2562],[0.4764],[0.8201],[1.0646],[1.2674],[1.6583],[2.2785],[2.8951],[3.2],[3.1736],[3.1285],[3.4528],[4.2792],[5.3403],[6.0681],[5.9271],[4.7083],[2.0444],[3.2229],[4.1049],[4.3667],[3.8264],[2.5618],[0.8597],[-0.9097],[-2.3639],[-3.2208],[-3.3625],[-2.9785],[-2.4056],[-1.8382],[-1.225],[-0.3882],[0.6597],[1.6361],[2.2375],[2.4562],[2.5875],[2.9771],[3.7715],[4.8625],[5.866],[6.2868],[5.6687],[2.1403],[2.6722],[2.5424],[1.625],[0.1049],[-1.5694],[-2.925],[-3.7792],[-4.2104],[-4.366],[-4.3389],[-4.1292],[-3.7958],[-3.3569],[-2.7549],[-1.9125],[-0.9153],[0.0569],[0.8771],[1.6215],[2.3778],[3.0924],[3.5972],[3.8771],[4.1194],[4.3604],[4.2986],[0.4444],[0.1944],[-0.691],[-2.1431],[-3.7764],[-4.9729],[-5.2924],[-4.8431],[-4.1826],[-3.8368],[-3.9375],[-4.1785],[-4.2174],[-3.8861],[-3.2021],[-2.2847],[-1.2903],[-0.3146],[0.7486],[2.0632],[3.5451],[4.6174],[4.6653],[3.6993],[2.4771],[1.8486],[1.9556],[-2.7625],[-3.3215],[-4.1903],[-5.2042],[-6.059],[-6.375],[-5.8931],[-4.8583],[-3.9278],[-3.6458],[-3.9882],[-4.3812],[-4.2917],[-3.566],[-2.4118],[-1.1125],[0.1049],[1.1354],[2.15],[3.4285],[4.9264],[5.9507],[5.6479],[3.8903],[1.6486],[0.2299],[0.1715],[-6.6799],[-6.9819],[-7.1931],[-7.1889],[-6.9958],[-6.6222],[-6.0292],[-5.3063],[-4.8014],[-4.7611],[-4.9694],[-4.8694],[-4.1035],[-2.7493],[-1.1597],[0.3917],[1.7111],[2.6125],[3.1028],[3.5153],[4.1097],[4.6097],[4.2896],[2.8201],[0.7993],[-0.666],[-0.9688],[-10.1153],[-10.0535],[-9.6521],[-8.8313],[-7.9278],[-7.2889],[-6.9819],[-6.8375],[-6.7562],[-6.7035],[-6.4382],[-5.6514],[-4.3292],[-2.8382],[-1.4493],[-0.2021],[0.8924],[1.5389],[1.466],[0.9181],[0.5021],[0.5285],[0.6264],[0.2569],[-0.6104],[-1.4667],[-1.8701],[-11.5083],[-11.4806],[-11.0431],[-10.1215],[-9.1292],[-8.5667],[-8.5188],[-8.6722],[-8.7396],[-8.5729],[-8.05],[-7.0958],[-5.9201],[-4.909],[-4.2021],[-3.525],[-2.7035],[-2.1],[-2.1917],[-2.8778],[-3.4493],[-3.3382],[-2.6632],[-1.9701],[-1.6465],[-1.7118],[-1.9451]]},{"header":{"disciplineName":["Meteorological products"],"parameterCategory":[2],"parameterCategoryName":["v-component of wind"],"parameterNumberName":["v-component of wind"],"parameterNumber":[3],"parameterUnits":["m s-1"],"refTime":["2017-03-17T0000:00.000Z"],"numberPoints":[621],"nx":[27],"ny":[23],"lo1":[-20],"la1":[70],"lo2":[45],"la2":[45],"dx":[2.5],"dy":[2.5]},"data":[[-1.041],[-0.7326],[-0.3042],[0.2118],[0.7694],[1.3493],[1.9028],[2.3889],[2.7812],[3.0472],[3.1833],[3.2028],[3.1153],[2.9562],[2.7493],[2.5132],[2.2542],[1.9729],[1.6632],[1.3153],[0.95],[0.5813],[0.2382],[-0.05],[-0.259],[-0.3792],[-0.4139],[-0.1729],[0.1062],[0.4549],[0.8674],[1.3312],[1.8271],[2.3229],[2.766],[3.1021],[3.2993],[3.3549],[3.2583],[3.0604],[2.7944],[2.5049],[2.2319],[1.9681],[1.6986],[1.4014],[1.0722],[0.6972],[0.3056],[-0.0812],[-0.409],[-0.6472],[-0.7736],[-0.8],[0.866],[1.0285],[1.1993],[1.4222],[1.7139],[2.0674],[2.4618],[2.8382],[3.1215],[3.2604],[3.2222],[3.0229],[2.7069],[2.3458],[1.9861],[1.675],[1.4125],[1.1799],[0.9486],[0.6868],[0.3826],[0.0549],[-0.2597],[-0.534],[-0.7285],[-0.8306],[-0.8604],[1.5667],[1.609],[1.625],[1.666],[1.7861],[2],[2.2812],[2.5826],[2.8257],[2.9312],[2.8729],[2.6597],[2.3438],[1.9833],[1.6465],[1.3625],[1.1278],[0.9278],[0.7229],[0.4958],[0.2576],[0.0132],[-0.1965],[-0.3722],[-0.4903],[-0.5729],[-0.634],[1.7215],[1.7361],[1.7035],[1.6562],[1.65],[1.7146],[1.8562],[2.0424],[2.2153],[2.3104],[2.3021],[2.1854],[2.0069],[1.7958],[1.6],[1.4181],[1.2368],[1.0403],[0.8083],[0.5507],[0.2924],[0.0806],[-0.0882],[-0.2132],[-0.3035],[-0.4021],[-0.5118],[1.4181],[1.4674],[1.4486],[1.3701],[1.2639],[1.1785],[1.1701],[1.2361],[1.3528],[1.4833],[1.5708],[1.6111],[1.6083],[1.5681],[1.5097],[1.4194],[1.2799],[1.0743],[0.8174],[0.5361],[0.2882],[0.0937],[-0.0486],[-0.1576],[-0.2743],[-0.4215],[-0.5882],[0.7722],[0.8042],[0.7792],[0.6674],[0.5007],[0.3556],[0.3076],[0.4083],[0.6208],[0.884],[1.1139],[1.2611],[1.2979],[1.241],[1.1333],[0.9854],[0.8181],[0.6319],[0.425],[0.2549],[0.1389],[0.0854],[0.0681],[0.0326],[-0.0764],[-0.2604],[-0.466],[-0.1451],[-0.1889],[-0.2479],[-0.3486],[-0.4521],[-0.4799],[-0.3542],[-0.041],[0.4056],[0.884],[1.2507],[1.3882],[1.2771],[0.9771],[0.6028],[0.2514],[-0.0042],[-0.1611],[-0.2299],[-0.2049],[-0.0924],[0.0944],[0.3021],[0.441],[0.4333],[0.2819],[0.0562],[-1.1472],[-1.2458],[-1.2708],[-1.2264],[-1.1014],[-0.8771],[-0.5146],[-0.0042],[0.5993],[1.1618],[1.5424],[1.5826],[1.2687],[0.7153],[0.1132],[-0.3701],[-0.6514],[-0.7437],[-0.7236],[-0.6014],[-0.3785],[-0.025],[0.4097],[0.791],[0.9861],[0.9222],[0.6708],[-2.0333],[-2.1076],[-1.9806],[-1.6681],[-1.2257],[-0.7417],[-0.2521],[0.2056],[0.6299],[0.9861],[1.1882],[1.1306],[0.7785],[0.2243],[-0.3222],[-0.6951],[-0.8382],[-0.8438],[-0.8215],[-0.8021],[-0.6826],[-0.3444],[0.2319],[0.8917],[1.3931],[1.516],[1.2576],[-2.7562],[-2.7569],[-2.4625],[-1.8632],[-1.0799],[-0.3118],[0.2153],[0.4396],[0.4403],[0.3465],[0.2396],[0.0903],[-0.1625],[-0.5104],[-0.8389],[-1.0069],[-0.9944],[-0.9021],[-0.8965],[-0.9903],[-1.0229],[-0.7521],[-0.0556],[0.9014],[1.7778],[2.2354],[2.1549],[-3.35],[-3.3125],[-2.9111],[-2.059],[-0.8729],[0.3],[1.0521],[1.1701],[0.7681],[0.1847],[-0.3194],[-0.6632],[-0.9604],[-1.3257],[-1.7056],[-1.9424],[-1.9271],[-1.7472],[-1.591],[-1.5361],[-1.4729],[-1.1313],[-0.3403],[0.8222],[2.0354],[2.9444],[3.3264],[-3.7271],[-3.6361],[-3.1264],[-1.9875],[-0.3104],[1.4146],[2.5667],[2.7542],[2.0903],[1.0326],[0.0611],[-0.6924],[-1.3882],[-2.2097],[-3.1028],[-3.7875],[-3.9868],[-3.6833],[-3.1069],[-2.5299],[-2.034],[-1.4813],[-0.7069],[0.3521],[1.5931],[2.8361],[3.8458],[-3.7028],[-3.4174],[-2.6604],[-1.1757],[0.9361],[3.0708],[4.4264],[4.5486],[3.5938],[2.125],[0.7035],[-0.5347],[-1.7778],[-3.2319],[-4.7715],[-5.9493],[-6.3424],[-5.8444],[-4.7528],[-3.5264],[-2.4667],[-1.641],[-0.9764],[-0.3493],[0.4194],[1.4986],[2.8597],[-3.1507],[-2.5222],[-1.4201],[0.334],[2.5438],[4.5181],[5.5153],[5.2118],[3.9215],[2.2528],[0.6882],[-0.759],[-2.3306],[-4.1493],[-5.9632],[-7.2618],[-7.6181],[-6.9639],[-5.6271],[-4.0472],[-2.559],[-1.3611],[-0.6125],[-0.384],[-0.4396],[-0.2021],[0.7611],[-2.0715],[-1.1278],[0.1618],[1.8396],[3.5708],[4.7576],[4.9271],[4.0833],[2.7215],[1.3542],[0.134],[-1.1486],[-2.734],[-4.5375],[-6.1778],[-7.2049],[-7.3875],[-6.8104],[-5.7146],[-4.2743],[-2.5424],[-0.7556],[0.5722],[0.841],[0.0014],[-1.0917],[-1.3181],[-0.6604],[0.3243],[1.4174],[2.5347],[3.3799],[3.5563],[2.9562],[1.9493],[1.0701],[0.491],[-0.1104],[-1.1556],[-2.7257],[-4.441],[-5.7778],[-6.4507],[-6.5424],[-6.2715],[-5.7153],[-4.6465],[-2.7972],[-0.3236],[1.8833],[2.5847],[1.2694],[-1.1583],[-2.859],[0.6111],[1.2792],[1.7965],[2.1451],[2.1611],[1.6882],[0.9062],[0.3042],[0.2264],[0.4472],[0.2688],[-0.7903],[-2.5153],[-4.2146],[-5.3299],[-5.7944],[-5.9257],[-5.9528],[-5.7458],[-4.8521],[-2.9174],[-0.1312],[2.475],[3.434],[1.916],[-1.2736],[-4.0264],[1.1035],[1.2437],[1.1507],[0.966],[0.6889],[0.2722],[-0.0951],[-0.0576],[0.4597],[0.9771],[0.7597],[-0.4757],[-2.2528],[-3.7792],[-4.6285],[-4.9986],[-5.2222],[-5.3285],[-4.9917],[-3.8951],[-1.9993],[0.3132],[2.2424],[2.7771],[1.2757],[-1.759],[-4.6535],[0.5938],[0.259],[-0.1549],[-0.3743],[-0.3542],[-0.1993],[0.0451],[0.4861],[1.0451],[1.2993],[0.8104],[-0.4042],[-1.7632],[-2.7035],[-3.1583],[-3.4806],[-3.825],[-3.8847],[-3.1903],[-1.7424],[-0.1083],[1.0535],[1.4444],[1.0326],[-0.2021],[-2.1507],[-4.2333],[-0.3722],[-0.9271],[-1.316],[-1.2729],[-0.7944],[-0.1333],[0.491],[0.9521],[1.1597],[0.9715],[0.3542],[-0.4736],[-1.0854],[-1.3083],[-1.4021],[-1.7625],[-2.3181],[-2.4382],[-1.6007],[-0.0701],[1.1125],[1.0826],[-0.0493],[-1.3465],[-2.1049],[-2.5056],[-3.2],[-0.9681],[-1.4424],[-1.6708],[-1.4819],[-0.9069],[-0.1951],[0.3785],[0.65],[0.5472],[0.1486],[-0.3764],[-0.7639],[-0.8389],[-0.7181],[-0.7688],[-1.2833],[-2.0611],[-2.4181],[-1.8153],[-0.5486],[0.2715],[-0.3535],[-2.2347],[-4.0028],[-4.4153],[-3.616],[-2.9722],[-0.9854],[-1.2118],[-1.3465],[-1.3062],[-1.0854],[-0.7458],[-0.434],[-0.2993],[-0.4264],[-0.7465],[-1.1174],[-1.3729],[-1.459],[-1.5069],[-1.7979],[-2.4778],[-3.3618],[-3.9285],[-3.6618],[-2.6729],[-1.8479],[-2.2299],[-3.9611],[-5.8688],[-6.4729],[-5.4674],[-4.0715]]}]