html/data/WT_san09_ind_wt_9_3.json
[{"header":{"disciplineName":["Meteorological products"],"parameterCategory":[0],"parameterCategoryName":["Temperature"],"parameterNumberName":["Temperature"],"parameterNumber":[0],"parameterUnits":["K"],"refTime":["2017-03-17T0000:00.000Z"],"numberPoints":[621],"nx":[27],"ny":[23],"lo1":[-20],"la1":[70],"lo2":[45],"la2":[45],"dx":[2.5],"dy":[2.5]},"data":[[-4.127],[-3.5937],[-3.1419],[-2.7581],[-2.4307],[-2.147],[-1.87],[-1.6041],[-1.3174],[-1.0359],[-0.7522],[-0.4863],[-0.2589],[-0.0685],[0.0574],[0.13],[0.1537],[0.1411],[0.0944],[0.0359],[-0.0322],[-0.0974],[-0.1759],[-0.2744],[-0.3952],[-0.5463],[-0.7226],[-2.4352],[-2.0922],[-1.8122],[-1.573],[-1.3256],[-1.073],[-0.7922],[-0.4774],[-0.1493],[0.1848],[0.4863],[0.7426],[0.9211],[1.0189],[1.0352],[0.9685],[0.8693],[0.733],[0.6011],[0.4826],[0.39],[0.3211],[0.2619],[0.2033],[0.1226],[0.0278],[-0.0959],[-0.6944],[-0.5515],[-0.4285],[-0.2744],[-0.0685],[0.1907],[0.4863],[0.8078],[1.1285],[1.41],[1.6381],[1.7826],[1.8448],[1.8181],[1.7211],[1.5767],[1.4196],[1.27],[1.1433],[1.0544],[0.9974],[0.9596],[0.9137],[0.8641],[0.7893],[0.687],[0.5648],[0.767],[0.7937],[0.8804],[1.0359],[1.2522],[1.5233],[1.8219],[2.0967],[2.3426],[2.5226],[2.6374],[2.687],[2.6744],[2.6144],[2.5315],[2.4293],[2.3307],[2.2433],[2.1841],[2.1322],[2.0848],[2.0174],[1.9307],[1.813],[1.6737],[1.5196],[1.3796],[1.827],[1.8781],[1.9944],[2.1819],[2.4189],[2.6663],[2.9122],[3.113],[3.27],[3.3811],[3.4611],[3.5167],[3.5633],[3.5878],[3.593],[3.5767],[3.5248],[3.4596],[3.3804],[3.2693],[3.1463],[2.99],[2.813],[2.6307],[2.4648],[2.3404],[2.253],[2.8404],[2.947],[3.0819],[3.2285],[3.3937],[3.5552],[3.7078],[3.8211],[3.9337],[4.0419],[4.1715],[4.313],[4.4693],[4.5833],[4.6515],[4.6404],[4.5522],[4.4196],[4.2448],[4.0552],[3.853],[3.653],[3.4685],[3.313],[3.2307],[3.2181],[3.2656],[4.1848],[4.267],[4.2989],[4.2989],[4.3041],[4.3478],[4.4137],[4.507],[4.6233],[4.7633],[4.9389],[5.1456],[5.3374],[5.47],[5.4885],[5.413],[5.2589],[5.0856],[4.93],[4.7915],[4.67],[4.5656],[4.4804],[4.4344],[4.4485],[4.5137],[4.6219],[5.7359],[5.6826],[5.5441],[5.3789],[5.2707],[5.2374],[5.3019],[5.4167],[5.5589],[5.7263],[5.9152],[6.1189],[6.2811],[6.353],[6.3011],[6.1678],[6.03],[5.9441],[5.9293],[5.9663],[5.9996],[5.9996],[6.0041],[6.013],[6.0574],[6.133],[6.1907],[7.1026],[6.9396],[6.7322],[6.5426],[6.4396],[6.4352],[6.5263],[6.653],[6.7944],[6.9641],[7.1611],[7.3759],[7.5352],[7.5744],[7.4796],[7.31],[7.1804],[7.1604],[7.2256],[7.3026],[7.3152],[7.2522],[7.1915],[7.2196],[7.3263],[7.47],[7.6048],[8.1915],[8.07],[7.9841],[7.9707],[8.0033],[8.0774],[8.1559],[8.2307],[8.3159],[8.4589],[8.6863],[8.973],[9.2011],[9.25],[9.0944],[8.8241],[8.5796],[8.4493],[8.39],[8.2767],[8.0515],[7.813],[7.7196],[7.8841],[8.2344],[8.6248],[8.9411],[9.2122],[9.2774],[9.4656],[9.7056],[9.9159],[10.047],[10.0974],[10.0996],[10.0944],[10.1796],[10.4204],[10.7567],[11.0367],[11.0759],[10.813],[10.3626],[9.9441],[9.6722],[9.4893],[9.2544],[8.9456],[8.7478],[8.9159],[9.507],[10.2759],[10.8722],[11.1307],[10.3167],[10.5389],[10.9285],[11.3404],[11.6737],[11.8989],[12.0196],[12.0515],[12.0404],[12.0641],[12.21],[12.4693],[12.6819],[12.6485],[12.2656],[11.6952],[11.2322],[11.05],[11.0789],[11.1293],[11.1581],[11.4048],[12.147],[13.3559],[14.5685],[15.1989],[15.0381],[11.37],[11.607],[11.9552],[12.3619],[12.8085],[13.2848],[13.7078],[14.0063],[14.1226],[14.0863],[14.0344],[14.0589],[14.1004],[13.9552],[13.5048],[12.9263],[12.5656],[12.6633],[13.1344],[13.7078],[14.2611],[15.033],[16.3419],[18.0981],[19.7167],[20.47],[20.0826],[12.2589],[12.3122],[12.4767],[12.8826],[13.5863],[14.5107],[15.4641],[16.1796],[16.4774],[16.3663],[16.0752],[15.8307],[15.6567],[15.3863],[14.8715],[14.2515],[13.9167],[14.1337],[14.8204],[15.6256],[16.4048],[17.3804],[18.9033],[20.9485],[22.9411],[24.193],[24.4396],[12.9307],[12.8478],[12.9878],[13.6278],[14.8226],[16.3396],[17.7878],[18.7967],[19.1641],[18.9611],[18.4722],[18.0033],[17.63],[17.2048],[16.5611],[15.7981],[15.2648],[15.2448],[15.6752],[16.2381],[16.8189],[17.69],[19.2159],[21.3293],[23.5433],[25.3619],[26.6819],[13.6041],[13.6322],[14.0819],[15.2204],[16.9863],[18.9381],[20.5789],[21.5456],[21.8004],[21.5152],[20.9759],[20.3981],[19.8485],[19.2285],[18.4256],[17.5167],[16.7633],[16.407],[16.3922],[16.5515],[16.9152],[17.8433],[19.5515],[21.7767],[23.8907],[25.5663],[27.1167],[14.7004],[15.1211],[16.0278],[17.6019],[19.6144],[21.5663],[22.967],[23.65],[23.7433],[23.5085],[23.1159],[22.5878],[21.907],[21.087],[20.153],[19.2322],[18.49],[18.007],[17.7633],[17.7581],[18.2256],[19.5707],[21.8552],[24.413],[26.2159],[26.9107],[27.2381],[16.587],[17.4544],[18.6315],[20.1626],[21.8515],[23.327],[24.2863],[24.7041],[24.8196],[24.8507],[24.7722],[24.3826],[23.6041],[22.5781],[21.5567],[20.7204],[20.1211],[19.7359],[19.5419],[19.6433],[20.3722],[22.167],[25.0019],[27.9522],[29.6367],[29.4315],[28.17],[19.0426],[20.1493],[21.2293],[22.2537],[23.2248],[24.0841],[24.7307],[25.1559],[25.5041],[25.8781],[26.093],[25.8115],[24.9381],[23.7619],[22.6789],[21.873],[21.3293],[21.0285],[20.9952],[21.3219],[22.213],[23.9767],[26.6789],[29.6293],[31.4863],[31.3426],[29.6174],[21.0574],[22.1456],[22.9352],[23.3952],[23.7641],[24.267],[24.893],[25.5219],[26.1189],[26.6781],[26.9878],[26.7219],[25.83],[24.6611],[23.6478],[22.8974],[22.3374],[22.0307],[22.167],[22.7826],[23.7033],[24.9278],[26.6715],[28.8567],[30.727],[31.3144],[30.4522],[21.7041],[22.5752],[23.1233],[23.3367],[23.5337],[24.0352],[24.7974],[25.5574],[26.1856],[26.6959],[26.9596],[26.7396],[26.0159],[25.1693],[24.5278],[24.053],[23.5863],[23.2989],[23.5915],[24.4411],[25.3663],[25.9759],[26.5241],[27.5011],[28.8278],[29.8189],[29.9056],[20.9589],[21.5456],[21.9774],[22.2374],[22.5759],[23.187],[23.9619],[24.6196],[25.07],[25.4493],[25.7233],[25.7122],[25.4085],[25.1174],[25.0493],[25.0226],[24.8144],[24.6293],[24.9167],[25.7263],[26.5019],[26.7396],[26.6478],[26.7967],[27.4137],[28.0893],[28.2559],[19.6619],[19.9656],[20.2981],[20.6589],[21.1204],[21.713],[22.2967],[22.7063],[22.9833],[23.3011],[23.6774],[23.9767],[24.1448],[24.373],[24.7093],[24.97],[24.99],[24.91],[25.0448],[25.4048],[25.6952],[25.7448],[25.7722],[26.0567],[26.4996],[26.7233],[26.4241]]},{"header":{"disciplineName":["Meteorological products"],"parameterCategory":[2],"parameterCategoryName":["u-component of wind"],"parameterNumberName":["u-component of wind"],"parameterNumber":[2],"parameterUnits":["m s-1"],"refTime":["2017-03-17T0000:00.000Z"],"numberPoints":[621],"nx":[27],"ny":[23],"lo1":[-20],"la1":[70],"lo2":[45],"la2":[45],"dx":[2.5],"dy":[2.5]},"data":[[1.7844],[1.9896],[2.1696],[2.3244],[2.4711],[2.6363],[2.837],[3.0919],[3.4022],[3.7511],[4.103],[4.4326],[4.7074],[4.9052],[5.0281],[5.0889],[5.1111],[5.1119],[5.1074],[5.0904],[5.0652],[5.0237],[4.9407],[4.7985],[4.6074],[4.3726],[4.1044],[0.8741],[1.1978],[1.4963],[1.7763],[2.0526],[2.3867],[2.7837],[3.2719],[3.8296],[4.42],[4.9904],[5.4652],[5.8081],[5.9793],[5.9993],[5.9126],[5.7563],[5.5919],[5.4563],[5.3644],[5.3],[5.2437],[5.1726],[5.0548],[4.8881],[4.6889],[4.4496],[1.0096],[1.3689],[1.7326],[2.1007],[2.5],[2.9519],[3.477],[4.0637],[4.6926],[5.3081],[5.8356],[6.2067],[6.3874],[6.357],[6.1615],[5.8563],[5.52],[5.2156],[5.0015],[4.8807],[4.8437],[4.8459],[4.8659],[4.8652],[4.8467],[4.7978],[4.7496],[3.097],[3.3889],[3.7111],[4.0467],[4.4044],[4.7681],[5.1326],[5.4778],[5.783],[6.02],[6.163],[6.1844],[6.0822],[5.8637],[5.5741],[5.2733],[5.0104],[4.8326],[4.7407],[4.7237],[4.7556],[4.8074],[4.8519],[4.8963],[4.9326],[4.98],[5.0652],[6.3844],[6.4926],[6.62],[6.7733],[6.8933],[6.9452],[6.9007],[6.7415],[6.4911],[6.183],[5.8644],[5.5593],[5.2911],[5.083],[4.9496],[4.9148],[4.9548],[5.0741],[5.2156],[5.3481],[5.4311],[5.4348],[5.397],[5.3444],[5.3207],[5.3541],[5.4489],[9.117],[8.9852],[8.8637],[8.7281],[8.5237],[8.2141],[7.7637],[7.203],[6.5978],[6.0304],[5.5644],[5.2341],[5.0326],[4.9452],[4.9556],[5.0526],[5.2326],[5.4407],[5.6356],[5.7637],[5.7948],[5.7467],[5.6474],[5.5674],[5.5444],[5.6074],[5.7526],[10.4067],[10.0881],[9.7237],[9.3244],[8.8711],[8.3422],[7.7281],[7.1059],[6.5511],[6.1563],[5.9415],[5.8556],[5.8163],[5.7333],[5.6044],[5.4407],[5.3044],[5.22],[5.1637],[5.1111],[5.0437],[4.9756],[4.9519],[5.0081],[5.1563],[5.3852],[5.6926],[10.5696],[10.1067],[9.5985],[9.0807],[8.5504],[8.0104],[7.4719],[6.9956],[6.6652],[6.5519],[6.6215],[6.7667],[6.8148],[6.6333],[6.2341],[5.6963],[5.1696],[4.7378],[4.4059],[4.163],[3.9904],[3.9148],[3.9748],[4.1763],[4.4904],[4.8548],[5.2563],[9.9896],[9.42],[8.8704],[8.3822],[7.9741],[7.6141],[7.2519],[6.8881],[6.5896],[6.4415],[6.46],[6.5644],[6.5889],[6.4215],[6.057],[5.5896],[5.1496],[4.7837],[4.4733],[4.1733],[3.9022],[3.7385],[3.7622],[3.98],[4.2985],[4.6304],[4.9215],[8.6674],[8.0674],[7.5652],[7.2015],[6.9941],[6.88],[6.7281],[6.437],[6.02],[5.5778],[5.2511],[5.0815],[5.0341],[5.0193],[5.017],[5.0422],[5.1126],[5.1504],[5.0756],[4.823],[4.4807],[4.2185],[4.1748],[4.3689],[4.6741],[4.9378],[5.0919],[6.8704],[6.3489],[5.8956],[5.5704],[5.4696],[5.58],[5.7444],[5.7696],[5.5096],[5.023],[4.4889],[4.0889],[3.8956],[3.8963],[4.0393],[4.2978],[4.6052],[4.8519],[4.8941],[4.7015],[4.3926],[4.1726],[4.2067],[4.483],[4.8415],[5.143],[5.3244],[5.1259],[4.7333],[4.2852],[3.9059],[3.8363],[4.1733],[4.8378],[5.5178],[5.9185],[5.9274],[5.6304],[5.2222],[4.8267],[4.4852],[4.2059],[4.0185],[3.9237],[3.8637],[3.7867],[3.6422],[3.503],[3.4896],[3.6889],[4.0111],[4.3311],[4.5822],[4.8141],[3.5037],[3.2096],[2.8711],[2.6333],[2.7763],[3.483],[4.6652],[5.9844],[7.0556],[7.657],[7.7904],[7.5748],[7.0993],[6.4089],[5.583],[4.7489],[4.0563],[3.5719],[3.2837],[3.1578],[3.1704],[3.3289],[3.5452],[3.72],[3.7667],[3.7074],[3.7207],[1.8126],[1.7185],[1.8244],[2.1985],[2.9311],[4.0267],[5.3319],[6.5852],[7.54],[8.1267],[8.4081],[8.4422],[8.2341],[7.74],[7],[6.1719],[5.4104],[4.8119],[4.4015],[4.1548],[4.0563],[4.1341],[4.2941],[4.3837],[4.2681],[3.9074],[3.4644],[0.6481],[1.0267],[1.8874],[3.0793],[4.3519],[5.4415],[6.1541],[6.4185],[6.3696],[6.2511],[6.3],[6.5659],[6.9081],[7.1467],[7.2022],[7.0911],[6.857],[6.4985],[6.0067],[5.463],[5.0526],[4.977],[5.2593],[5.6896],[5.9363],[5.6726],[4.8496],[1.0889],[2.1244],[3.5252],[4.9704],[6.0407],[6.4163],[6.0222],[5.0741],[4.0007],[3.257],[3.1096],[3.5163],[4.2533],[5.0504],[5.7548],[6.3015],[6.6126],[6.5504],[6.1119],[5.4704],[5.0067],[5.0422],[5.6741],[6.643],[7.4333],[7.4926],[6.5474],[2.92],[4.283],[5.48],[6.1956],[6.2133],[5.4874],[4.2496],[2.8719],[1.76],[1.1689],[1.1267],[1.48],[2.0104],[2.5437],[3.06],[3.5689],[4.0044],[4.2541],[4.277],[4.22],[4.3696],[4.8844],[5.7148],[6.5874],[7.1511],[7.0674],[6.1593],[4.1096],[5.0763],[5.403],[4.9607],[3.8726],[2.5015],[1.3067],[0.5741],[0.343],[0.417],[0.5319],[0.5319],[0.3756],[0.1511],[-0.0141],[0.0385],[0.3911],[1.04],[1.9289],[3.0141],[4.1741],[5.1763],[5.657],[5.4444],[4.7141],[3.8259],[3.0193],[2.7067],[2.8519],[2.3459],[1.2785],[0.0015],[-1.0459],[-1.4822],[-1.263],[-0.6889],[-0.2689],[-0.3096],[-0.757],[-1.3615],[-1.9111],[-2.2815],[-2.3311],[-1.9044],[-0.8911],[0.6489],[2.4674],[4.1444],[5.1044],[4.8378],[3.3311],[1.243],[-0.3704],[-0.9222],[-1.1496],[-1.6096],[-2.3015],[-3.0185],[-3.537],[-3.6956],[-3.3926],[-2.7504],[-2.1415],[-1.9793],[-2.3467],[-2.8793],[-3.2022],[-3.1563],[-2.8911],[-2.4978],[-1.8615],[-0.8393],[0.5126],[1.9133],[2.9607],[3.2281],[2.3704],[0.4733],[-1.7541],[-3.2326],[-3.3504],[-5.7689],[-6.2763],[-6.5704],[-6.5007],[-6.1089],[-5.6037],[-5.0948],[-4.6644],[-4.4563],[-4.5948],[-4.94],[-5.083],[-4.6541],[-3.6948],[-2.6119],[-1.6919],[-0.9496],[-0.3],[0.2126],[0.397],[0.1881],[-0.3741],[-1.2548],[-2.3993],[-3.5156],[-4.0911],[-3.8674],[-9.4948],[-9.7444],[-9.6319],[-9.1037],[-8.3963],[-7.8785],[-7.6407],[-7.5659],[-7.5304],[-7.5156],[-7.4422],[-7.0696],[-6.1978],[-4.9215],[-3.5867],[-2.5089],[-1.7993],[-1.4644],[-1.5852],[-2.1904],[-3.0785],[-3.8481],[-4.2378],[-4.2652],[-4.1074],[-3.8793],[-3.617],[-11.2622],[-11.4178],[-11.3119],[-10.9267],[-10.5726],[-10.5156],[-10.703],[-10.8326],[-10.7407],[-10.4326],[-10.0148],[-9.4889],[-8.7881],[-7.8778],[-6.8526],[-5.8711],[-5.1259],[-4.7585],[-4.7926],[-5.1222],[-5.5156],[-5.6556],[-5.3578],[-4.7244],[-4.0193],[-3.5341],[-3.3133]]},{"header":{"disciplineName":["Meteorological products"],"parameterCategory":[2],"parameterCategoryName":["v-component of wind"],"parameterNumberName":["v-component of wind"],"parameterNumber":[3],"parameterUnits":["m s-1"],"refTime":["2017-03-17T0000:00.000Z"],"numberPoints":[621],"nx":[27],"ny":[23],"lo1":[-20],"la1":[70],"lo2":[45],"la2":[45],"dx":[2.5],"dy":[2.5]},"data":[[-0.6859],[-0.417],[-0.1407],[0.1207],[0.3815],[0.6296],[0.86],[1.0793],[1.2622],[1.4193],[1.5185],[1.583],[1.6089],[1.6074],[1.6],[1.583],[1.5652],[1.5304],[1.4667],[1.3578],[1.2089],[1.0081],[0.7822],[0.5474],[0.3348],[0.1474],[0.003],[0.297],[0.537],[0.7459],[0.9326],[1.1237],[1.3444],[1.5867],[1.8474],[2.0615],[2.2059],[2.2593],[2.2037],[2.0748],[1.9037],[1.7304],[1.5733],[1.4526],[1.357],[1.2415],[1.0993],[0.9],[0.6459],[0.3615],[0.0741],[-0.1807],[-0.3733],[-0.5074],[1.2133],[1.4778],[1.6881],[1.8963],[2.1185],[2.3874],[2.6711],[2.9311],[3.0919],[3.0985],[2.9356],[2.5985],[2.1578],[1.6859],[1.2541],[0.9319],[0.7259],[0.6267],[0.5911],[0.5533],[0.4763],[0.3356],[0.1496],[-0.0667],[-0.2696],[-0.4407],[-0.583],[1.7459],[2.1022],[2.4326],[2.7444],[3.06],[3.3644],[3.6326],[3.7822],[3.7763],[3.5719],[3.1474],[2.5578],[1.8756],[1.2178],[0.6563],[0.2711],[0.0644],[0.0237],[0.0785],[0.1741],[0.2474],[0.2659],[0.2281],[0.14],[0.0178],[-0.1252],[-0.2896],[1.9081],[2.3467],[2.7822],[3.1881],[3.5326],[3.7741],[3.8704],[3.8089],[3.5859],[3.1963],[2.683],[2.0933],[1.5],[0.9578],[0.5333],[0.2444],[0.1059],[0.0815],[0.1244],[0.2089],[0.2733],[0.3267],[0.3437],[0.3289],[0.2578],[0.143],[-0.0363],[1.8548],[2.2407],[2.6444],[2.9985],[3.2378],[3.3044],[3.183],[2.9148],[2.5341],[2.1296],[1.7385],[1.4081],[1.1326],[0.9081],[0.743],[0.6178],[0.5304],[0.463],[0.4081],[0.3615],[0.323],[0.3022],[0.2926],[0.2933],[0.2793],[0.2215],[0.1237],[1.5719],[1.7222],[1.9111],[2.103],[2.2207],[2.1896],[2.0052],[1.7059],[1.3926],[1.1356],[0.9726],[0.8852],[0.82],[0.7644],[0.6822],[0.5889],[0.5074],[0.417],[0.3407],[0.2733],[0.2281],[0.2119],[0.2267],[0.2696],[0.3444],[0.4326],[0.517],[0.9533],[0.7837],[0.7311],[0.8133],[0.9556],[1.0593],[1.0556],[0.9778],[0.8719],[0.8267],[0.8185],[0.7807],[0.6644],[0.4437],[0.1874],[-0.0356],[-0.1637],[-0.1993],[-0.1489],[-0.0511],[0.0652],[0.1956],[0.3319],[0.4867],[0.6867],[0.9407],[1.2444],[0.0874],[-0.2756],[-0.4222],[-0.2844],[0.0519],[0.4067],[0.6437],[0.7407],[0.7852],[0.8474],[0.9067],[0.8607],[0.6326],[0.2207],[-0.2444],[-0.6163],[-0.8052],[-0.8],[-0.6496],[-0.403],[-0.0941],[0.2267],[0.5511],[0.863],[1.1726],[1.5296],[1.9207],[-0.7652],[-1.0852],[-1.1185],[-0.7933],[-0.257],[0.2244],[0.4489],[0.4333],[0.3459],[0.3541],[0.4867],[0.597],[0.5378],[0.2622],[-0.1519],[-0.5437],[-0.8156],[-0.9274],[-0.8859],[-0.6756],[-0.2978],[0.2148],[0.7548],[1.257],[1.6689],[2.0156],[2.3133],[-1.417],[-1.5541],[-1.4044],[-0.9089],[-0.2541],[0.22],[0.2593],[-0.0822],[-0.5022],[-0.663],[-0.4637],[-0.0607],[0.277],[0.3652],[0.1993],[-0.1289],[-0.5089],[-0.8496],[-1.0385],[-0.9504],[-0.52],[0.1852],[0.9941],[1.7052],[2.2185],[2.54],[2.6881],[-1.8874],[-1.9185],[-1.6785],[-1.0563],[-0.2304],[0.3793],[0.4304],[-0.0778],[-0.7585],[-1.143],[-1.0467],[-0.6104],[-0.1348],[0.1067],[0.0267],[-0.3081],[-0.7748],[-1.2074],[-1.4163],[-1.2304],[-0.6304],[0.2822],[1.243],[2.0526],[2.6274],[2.9948],[3.1704],[-2.3067],[-2.3719],[-2.0815],[-1.2385],[-0.02],[1.0341],[1.42],[1.0541],[0.2807],[-0.3874],[-0.6889],[-0.6778],[-0.6126],[-0.7104],[-1.0252],[-1.4748],[-1.9044],[-2.1348],[-2.0148],[-1.4674],[-0.5859],[0.423],[1.3059],[1.9726],[2.4748],[2.9074],[3.2948],[-2.6919],[-2.703],[-2.1815],[-0.9207],[0.7985],[2.3067],[2.9919],[2.7193],[1.8467],[0.8778],[0.1081],[-0.48],[-1.0363],[-1.6644],[-2.3304],[-2.9007],[-3.2304],[-3.1681],[-2.6437],[-1.7104],[-0.5844],[0.4415],[1.1881],[1.6289],[1.9044],[2.2133],[2.6326],[-2.7778],[-2.4422],[-1.4081],[0.3185],[2.2793],[3.7237],[4.1407],[3.5644],[2.48],[1.4015],[0.5141],[-0.2719],[-1.1052],[-2.0059],[-2.8652],[-3.5504],[-3.9237],[-3.8489],[-3.2511],[-2.1978],[-0.8919],[0.3889],[1.3719],[1.877],[1.8889],[1.617],[1.4259],[-2.1689],[-1.2733],[0.2593],[2.1319],[3.7193],[4.4178],[4.0156],[2.9081],[1.7474],[0.9711],[0.5007],[0.0363],[-0.6467],[-1.5348],[-2.4711],[-3.3274],[-3.9896],[-4.2644],[-3.9681],[-3.0111],[-1.4481],[0.4563],[2.2207],[3.2081],[2.9556],[1.64],[0.1415],[-0.6933],[0.5622],[2.083],[3.457],[4.1548],[3.8689],[2.7644],[1.4778],[0.6681],[0.503],[0.6274],[0.5156],[-0.0719],[-1.0148],[-2.0881],[-3.1622],[-4.1],[-4.6941],[-4.6526],[-3.7052],[-1.8037],[0.7785],[3.3148],[4.7104],[4.0926],[1.6326],[-1.2222],[1.1541],[2.2252],[3.1015],[3.4933],[3.2474],[2.4089],[1.3148],[0.5059],[0.3444],[0.7089],[1.04],[0.8178],[-0.0541],[-1.2778],[-2.5148],[-3.5978],[-4.463],[-4.9059],[-4.6356],[-3.417],[-1.3015],[1.3593],[3.7978],[4.8874],[3.7481],[0.6489],[-2.7289],[2.4156],[2.9015],[2.8881],[2.4081],[1.7022],[1.0244],[0.5867],[0.5452],[0.8933],[1.3304],[1.3541],[0.6563],[-0.6222],[-2.0289],[-3.1948],[-3.9963],[-4.3919],[-4.2363],[-3.3474],[-1.7504],[0.2281],[2.1111],[3.3489],[3.3719],[1.7874],[-1.063],[-3.8126],[2.5141],[2.46],[1.92],[1.1815],[0.6526],[0.5519],[0.7896],[1.1874],[1.5489],[1.6348],[1.2281],[0.2533],[-1.0237],[-2.1933],[-2.983],[-3.3556],[-3.28],[-2.6096],[-1.2704],[0.4681],[1.9481],[2.6081],[2.2793],[1.1637],[-0.4393],[-2.2585],[-3.7511],[1.7807],[1.5459],[1.0689],[0.6533],[0.6119],[0.9281],[1.3326],[1.5556],[1.5385],[1.2578],[0.7222],[-0.0311],[-0.82],[-1.4333],[-1.7778],[-1.8741],[-1.6519],[-0.943],[0.2778],[1.6407],[2.4267],[2.0993],[0.7956],[-0.7437],[-1.8348],[-2.4037],[-2.8296],[1.0222],[0.9059],[0.783],[0.8141],[1.0541],[1.317],[1.3504],[1.0985],[0.7156],[0.3496],[0.0111],[-0.3044],[-0.5481],[-0.6896],[-0.7607],[-0.7948],[-0.6993],[-0.3319],[0.3163],[0.9363],[1.0259],[0.2793],[-1.0444],[-2.1815],[-2.5304],[-2.2822],[-2.2652],[0.6163],[0.677],[0.7889],[0.9667],[1.0859],[0.9467],[0.5],[-0.0519],[-0.4622],[-0.6667],[-0.783],[-0.8844],[-0.9141],[-0.8711],[-0.8489],[-0.9022],[-0.9526],[-0.8978],[-0.7815],[-0.8319],[-1.1881],[-1.8585],[-2.6193],[-3.0652],[-2.9704],[-2.617],[-2.6926]]}]