html/data/WT_san09_ind_wt_4_4.json
[{"header":{"disciplineName":["Meteorological products"],"parameterCategory":[0],"parameterCategoryName":["Temperature"],"parameterNumberName":["Temperature"],"parameterNumber":[0],"parameterUnits":["K"],"refTime":["2017-03-17T0000:00.000Z"],"numberPoints":[621],"nx":[27],"ny":[23],"lo1":[-20],"la1":[70],"lo2":[45],"la2":[45],"dx":[2.5],"dy":[2.5]},"data":[[-10.5432],[-10.0422],[-9.551],[-9.1053],[-8.7063],[-8.3811],[-8.1316],[-7.9597],[-7.8451],[-7.7704],[-7.7374],[-7.7209],[-7.7112],[-7.7131],[-7.7121],[-7.7442],[-7.7917],[-7.883],[-8.0005],[-8.1587],[-8.3549],[-8.5723],[-8.8199],[-9.0791],[-9.3607],[-9.6587],[-10.0112],[-8.2112],[-7.9102],[-7.617],[-7.3403],[-7.0937],[-6.8782],[-6.6995],[-6.5655],[-6.4801],[-6.4277],[-6.4083],[-6.4121],[-6.4432],[-6.4917],[-6.5432],[-6.6354],[-6.7374],[-6.8684],[-7.0296],[-7.2083],[-7.3976],[-7.584],[-7.7704],[-7.949],[-8.1451],[-8.3539],[-8.6044],[-5.9354],[-5.8665],[-5.8005],[-5.7092],[-5.5947],[-5.4607],[-5.3228],[-5.1869],[-5.0859],[-5.0296],[-5.0393],[-5.0898],[-5.1985],[-5.3306],[-5.4937],[-5.6597],[-5.8286],[-6.0092],[-6.185],[-6.3451],[-6.4811],[-6.5976],[-6.6859],[-6.7743],[-6.8782],[-7.0024],[-7.2053],[-4.1015],[-4.1383],[-4.1665],[-4.1782],[-4.1374],[-4.0529],[-3.9316],[-3.7976],[-3.6743],[-3.6199],[-3.6306],[-3.716],[-3.8811],[-4.0791],[-4.2937],[-4.5092],[-4.6937],[-4.8626],[-5.0053],[-5.1024],[-5.1684],[-5.1966],[-5.2053],[-5.2277],[-5.2869],[-5.417],[-5.617],[-2.7782],[-2.7248],[-2.717],[-2.7316],[-2.7471],[-2.7461],[-2.7053],[-2.617],[-2.5102],[-2.4413],[-2.4451],[-2.5228],[-2.6617],[-2.8316],[-3.0015],[-3.1549],[-3.283],[-3.3966],[-3.5141],[-3.5995],[-3.6451],[-3.6471],[-3.6393],[-3.6393],[-3.7063],[-3.8529],[-4.0995],[-1.6665],[-1.4684],[-1.3947],[-1.4354],[-1.5752],[-1.716],[-1.8112],[-1.8199],[-1.7432],[-1.6714],[-1.6374],[-1.6665],[-1.7325],[-1.7976],[-1.8345],[-1.8461],[-1.8587],[-1.9199],[-2.0286],[-2.1617],[-2.2714],[-2.3325],[-2.351],[-2.3859],[-2.484],[-2.6714],[-2.9277],[-0.5325],[-0.3228],[-0.2733],[-0.417],[-0.6966],[-1.0044],[-1.2296],[-1.2947],[-1.2354],[-1.1306],[-1.0529],[-1.0403],[-1.0374],[-1.0015],[-0.8976],[-0.7393],[-0.6053],[-0.5956],[-0.717],[-0.9083],[-1.1015],[-1.2199],[-1.285],[-1.351],[-1.4908],[-1.7325],[-2.015],[0.5549],[0.6238],[0.5529],[0.3102],[-0.0461],[-0.418],[-0.6694],[-0.7374],[-0.6432],[-0.4782],[-0.35],[-0.2927],[-0.2636],[-0.1539],[0.0655],[0.3549],[0.5898],[0.6626],[0.5286],[0.2714],[0.0364],[-0.0966],[-0.149],[-0.2121],[-0.3801],[-0.6752],[-0.9966],[1.5073],[1.4015],[1.2335],[0.9908],[0.683],[0.3752],[0.1636],[0.1248],[0.2743],[0.5053],[0.7092],[0.8442],[0.9257],[1.0723],[1.3306],[1.6549],[1.8956],[1.9092],[1.6947],[1.3597],[1.0917],[0.984],[0.9879],[0.9733],[0.8345],[0.5772],[0.3209],[2.3898],[2.1762],[2.0277],[1.9209],[1.7782],[1.6015],[1.4296],[1.3752],[1.4947],[1.751],[2.05],[2.2869],[2.4587],[2.6248],[2.8422],[3.0587],[3.1558],[3.0112],[2.6519],[2.2354],[1.949],[1.8908],[1.9762],[2.0539],[2.0112],[1.885],[1.8141],[3.3044],[3.0937],[3.0403],[3.1083],[3.1646],[3.1121],[2.9626],[2.8374],[2.8675],[3.0947],[3.416],[3.717],[3.9286],[4.0714],[4.1714],[4.2083],[4.1228],[3.8597],[3.4646],[3.1083],[2.9374],[3.0092],[3.2248],[3.3762],[3.4083],[3.3762],[3.4383],[4.2296],[4.0762],[4.0927],[4.2519],[4.417],[4.4723],[4.3956],[4.285],[4.2733],[4.4267],[4.6879],[4.9607],[5.1413],[5.2073],[5.184],[5.1015],[4.949],[4.75],[4.5442],[4.4617],[4.5908],[4.917],[5.283],[5.5112],[5.5403],[5.5044],[5.5286],[5.1684],[5.0752],[5.0549],[5.1422],[5.2976],[5.4772],[5.6286],[5.7286],[5.8131],[5.916],[6.0607],[6.2141],[6.3422],[6.3791],[6.3199],[6.2044],[6.0888],[6.0413],[6.0976],[6.3286],[6.7461],[7.3083],[7.8568],[8.2073],[8.3189],[8.3374],[8.4005],[6.1888],[6.1364],[6.0083],[5.9539],[6.118],[6.5422],[7.0908],[7.5432],[7.7888],[7.8228],[7.783],[7.8112],[7.9248],[8.0267],[8.0209],[7.9015],[7.7752],[7.7383],[7.8383],[8.0947],[8.5529],[9.1869],[9.9199],[10.5345],[10.9286],[11.2451],[11.6927],[7.3112],[7.2519],[7.1024],[7.1024],[7.5083],[8.3383],[9.3286],[10.085],[10.3481],[10.1937],[9.9248],[9.8345],[9.9587],[10.15],[10.1636],[9.9752],[9.7073],[9.5005],[9.4063],[9.4354],[9.6898],[10.2908],[11.2286],[12.2024],[12.9626],[13.5985],[14.4917],[8.3413],[8.351],[8.3888],[8.7519],[9.6481],[10.9626],[12.2597],[13.0762],[13.185],[12.7927],[12.35],[12.1927],[12.3257],[12.4714],[12.382],[12.018],[11.5782],[11.2432],[11.0218],[10.9044],[11.0228],[11.6675],[12.8694],[14.2083],[15.1345],[15.6005],[16.2752],[9.283],[9.4704],[9.9063],[10.7791],[12.1189],[13.6937],[15.0218],[15.6956],[15.6646],[15.2782],[14.9733],[14.9442],[15.05],[15.0121],[14.6578],[14.082],[13.5364],[13.2267],[13.116],[13.1248],[13.3403],[14.1131],[15.5937],[17.2549],[18.182],[18.0325],[17.6383],[10.4451],[10.983],[11.8189],[12.9714],[14.3762],[15.8015],[16.884],[17.3985],[17.4917],[17.5383],[17.7694],[18.0549],[18.1073],[17.784],[17.1519],[16.4131],[15.7966],[15.5015],[15.5325],[15.7277],[16.0558],[16.8481],[18.4024],[20.3121],[21.4646],[21.0539],[19.6354],[12.2267],[13.1723],[14.2451],[15.318],[16.3772],[17.3675],[18.1325],[18.6199],[19.0432],[19.7005],[20.5199],[21.0597],[20.9636],[20.3578],[19.5684],[18.8189],[18.1442],[17.6762],[17.5801],[17.7655],[18.0607],[18.5908],[19.8034],[21.7354],[23.4471],[23.7053],[22.3859],[14.685],[15.9277],[17.0354],[17.8403],[18.483],[19.1083],[19.6811],[20.1947],[20.8422],[21.8005],[22.7898],[23.2073],[22.8063],[22.0092],[21.3461],[20.8626],[20.2422],[19.5131],[19.1121],[19.2121],[19.451],[19.6131],[20.1616],[21.6422],[23.6947],[25.0131],[24.7558],[17.4578],[18.7296],[19.7228],[20.318],[20.751],[21.2723],[21.8209],[22.3102],[22.8558],[23.5976],[24.2694],[24.3102],[23.6228],[22.818],[22.5063],[22.4956],[22.1549],[21.3694],[20.8053],[20.9277],[21.3345],[21.4015],[21.3384],[21.9782],[23.5335],[25.1073],[25.6248],[19.9393],[20.9733],[21.7218],[22.1985],[22.6248],[23.1782],[23.7296],[24.1228],[24.3976],[24.75],[25.0364],[24.8587],[24.2024],[23.6354],[23.6917],[24.0956],[24.1102],[23.5354],[23.0549],[23.2636],[23.8879],[24.1636],[23.9393],[23.851],[24.3607],[25.0471],[25.1626],[21.4354],[22.1044],[22.5723],[22.9316],[23.3335],[23.8655],[24.3743],[24.685],[24.8393],[25.0131],[25.2044],[25.2063],[24.985],[24.8345],[25.0665],[25.5306],[25.7432],[25.5015],[25.1879],[25.2587],[25.7044],[26.0947],[26.1568],[26.0403],[25.8694],[25.4675],[24.5578]]},{"header":{"disciplineName":["Meteorological products"],"parameterCategory":[2],"parameterCategoryName":["u-component of wind"],"parameterNumberName":["u-component of wind"],"parameterNumber":[2],"parameterUnits":["m s-1"],"refTime":["2017-03-17T0000:00.000Z"],"numberPoints":[621],"nx":[27],"ny":[23],"lo1":[-20],"la1":[70],"lo2":[45],"la2":[45],"dx":[2.5],"dy":[2.5]},"data":[[3.1621],[3.4942],[3.7456],[3.9369],[4.0544],[4.1301],[4.1942],[4.2553],[4.3282],[4.4155],[4.5],[4.565],[4.601],[4.5961],[4.568],[4.5155],[4.4893],[4.4951],[4.5583],[4.6806],[4.8379],[5],[5.1379],[5.2155],[5.2204],[5.168],[5.0796],[2.7932],[3.2641],[3.6087],[3.8534],[4.0039],[4.0854],[4.1602],[4.2563],[4.4194],[4.6388],[4.8864],[5.1388],[5.3544],[5.4854],[5.5155],[5.4835],[5.4204],[5.365],[5.3689],[5.4524],[5.6058],[5.7913],[5.9689],[6.0835],[6.1243],[6.0874],[6.0194],[2.5388],[2.9563],[3.2816],[3.5068],[3.6379],[3.7039],[3.7495],[3.8233],[3.9777],[4.2359],[4.5757],[4.9544],[5.3194],[5.5961],[5.7612],[5.8155],[5.7981],[5.7699],[5.799],[5.9184],[6.1398],[6.4204],[6.7107],[6.9563],[7.1379],[7.2243],[7.267],[2.8913],[3.1],[3.2718],[3.4019],[3.4553],[3.4456],[3.3981],[3.3223],[3.3136],[3.4039],[3.6262],[3.9563],[4.3515],[4.7388],[5.0845],[5.3515],[5.5524],[5.7291],[5.9282],[6.1738],[6.4806],[6.8136],[7.1417],[7.4301],[7.6466],[7.8117],[7.9456],[3.8097],[3.6835],[3.5864],[3.5117],[3.4388],[3.334],[3.1612],[2.9592],[2.7728],[2.6709],[2.701],[2.8825],[3.2136],[3.6398],[4.1175],[4.6068],[5.067],[5.4981],[5.8903],[6.2408],[6.532],[6.7709],[6.9437],[7.065],[7.1641],[7.2689],[7.4029],[4.8602],[4.3854],[3.9592],[3.6243],[3.3699],[3.1592],[2.9816],[2.8184],[2.6903],[2.6223],[2.6544],[2.7835],[3.0194],[3.3398],[3.7291],[4.1738],[4.6524],[5.1097],[5.5068],[5.7951],[5.9563],[6.0117],[5.9767],[5.9243],[5.901],[5.9563],[6.1155],[5.7718],[5.1019],[4.4476],[3.8845],[3.466],[3.1903],[3.067],[3.0748],[3.1981],[3.4019],[3.634],[3.8272],[3.967],[4.0515],[4.1049],[4.1903],[4.3184],[4.467],[4.599],[4.6718],[4.6621],[4.601],[4.5311],[4.5049],[4.5709],[4.7447],[5.034],[6.5155],[5.8447],[5.1757],[4.5738],[4.1078],[3.8019],[3.6757],[3.7544],[3.9981],[4.334],[4.6709],[4.8922],[4.9311],[4.8058],[4.5738],[4.299],[4.0408],[3.7981],[3.5748],[3.3612],[3.2],[3.1359],[3.1981],[3.3816],[3.6612],[4.0058],[4.3971],[6.8437],[6.3058],[5.8039],[5.3748],[5.0243],[4.7388],[4.5544],[4.4709],[4.4748],[4.5583],[4.6456],[4.6903],[4.6466],[4.5252],[4.3524],[4.1379],[3.8641],[3.5252],[3.0981],[2.6864],[2.4136],[2.3641],[2.5612],[2.9068],[3.2913],[3.6282],[3.9505],[6.5495],[6.1214],[5.8272],[5.6233],[5.4515],[5.2602],[5.0243],[4.7272],[4.3796],[4.0126],[3.6767],[3.4155],[3.2738],[3.3039],[3.4553],[3.6456],[3.734],[3.5903],[3.2282],[2.7845],[2.4816],[2.4738],[2.7485],[3.1466],[3.4709],[3.6573],[3.767],[5.8311],[5.5311],[5.3621],[5.2515],[5.1534],[5.0427],[4.8816],[4.6417],[4.265],[3.7592],[3.2029],[2.7233],[2.4699],[2.4883],[2.766],[3.1767],[3.5204],[3.6233],[3.4602],[3.1621],[2.9728],[3.0408],[3.3757],[3.7932],[4.0748],[4.1835],[4.2117],[5.2155],[5.132],[5.0563],[4.9272],[4.7767],[4.6893],[4.7476],[4.8621],[4.9039],[4.7408],[4.3961],[3.9718],[3.6],[3.3709],[3.334],[3.4495],[3.633],[3.7602],[3.7728],[3.7049],[3.6709],[3.7961],[4.0816],[4.4291],[4.7165],[4.9117],[5.0903],[4.934],[5.1175],[5.2117],[5.1311],[4.9835],[4.9874],[5.2786],[5.768],[6.2689],[6.5825],[6.6233],[6.4699],[6.168],[5.7757],[5.3456],[4.9767],[4.765],[4.7417],[4.832],[4.9417],[4.9835],[4.9835],[4.9728],[5.0175],[5.1602],[5.4311],[5.8019],[4.8146],[5.1777],[5.4854],[5.633],[5.6903],[5.8621],[6.2641],[6.8252],[7.3757],[7.7621],[8.0087],[8.1738],[8.2447],[8.1359],[7.7971],[7.3107],[6.9049],[6.7233],[6.8],[6.932],[6.9204],[6.6786],[6.2864],[5.9204],[5.7835],[5.9534],[6.2825],[4.6728],[5.0165],[5.4641],[5.8786],[6.234],[6.5505],[6.8466],[7.1117],[7.2553],[7.3398],[7.5136],[7.9252],[8.5223],[9.0592],[9.2748],[9.1223],[8.7864],[8.5262],[8.4602],[8.4845],[8.4107],[8.1155],[7.6485],[7.2068],[6.9951],[7.0214],[7.1049],[4.3738],[4.6369],[5.132],[5.7388],[6.2641],[6.5641],[6.6155],[6.4893],[6.2534],[6.0874],[6.201],[6.7252],[7.6165],[8.567],[9.2184],[9.3845],[9.1505],[8.7971],[8.5272],[8.4078],[8.3485],[8.2757],[8.166],[8.1476],[8.2699],[8.4379],[8.3854],[3.8262],[4.168],[4.7854],[5.5583],[6.1515],[6.3476],[6.2019],[5.9175],[5.7184],[5.7087],[5.9262],[6.4039],[7.0825],[7.7699],[8.235],[8.3097],[8.0408],[7.6068],[7.233],[7.034],[7.0252],[7.1738],[7.468],[7.9223],[8.5058],[9.0146],[9.1583],[3.3437],[3.9272],[4.8107],[5.7874],[6.4728],[6.6612],[6.5068],[6.3718],[6.4932],[6.8058],[7.1126],[7.2806],[7.3262],[7.2767],[7.1243],[6.8621],[6.5184],[6.1524],[5.866],[5.7165],[5.7175],[5.8592],[6.1592],[6.6718],[7.3534],[8.0466],[8.4816],[3.6553],[4.4592],[5.4408],[6.4544],[7.1631],[7.4068],[7.3864],[7.4592],[7.7612],[8.0883],[8.1534],[7.8388],[7.2495],[6.5951],[6.0039],[5.5748],[5.2951],[5.1301],[5.0379],[5.0087],[5.0311],[5.0767],[5.165],[5.3757],[5.7427],[6.1864],[6.5621],[4.999],[5.6903],[6.3068],[6.8689],[7.2631],[7.432],[7.4942],[7.634],[7.8155],[7.8039],[7.4058],[6.665],[5.8039],[5.0544],[4.5408],[4.2893],[4.2136],[4.2058],[4.2136],[4.2757],[4.399],[4.532],[4.601],[4.6223],[4.6087],[4.5165],[4.3243],[5.965],[6.2417],[6.1282],[5.9068],[5.7379],[5.667],[5.7078],[5.8311],[5.8621],[5.5583],[4.901],[4.0689],[3.3369],[2.8621],[2.7194],[2.8311],[2.999],[3.0612],[3.0214],[3.0825],[3.3602],[3.7097],[3.9262],[3.9437],[3.7117],[3.1398],[2.2427],[4.3786],[4.2825],[3.6903],[2.999],[2.5369],[2.3485],[2.3748],[2.5058],[2.5359],[2.3136],[1.8602],[1.3379],[0.9301],[0.7563],[0.9078],[1.3408],[1.7534],[1.8951],[1.8398],[1.9369],[2.3398],[2.7621],[2.8835],[2.6699],[2.2408],[1.4932],[0.2767],[-0.2845],[-0.4359],[-0.8631],[-1.2379],[-1.3718],[-1.3282],[-1.2369],[-1.1495],[-1.0641],[-1.0039],[-0.9864],[-1.0107],[-1.0699],[-1.0583],[-0.7709],[-0.1835],[0.4097],[0.6728],[0.7427],[1.035],[1.6291],[1.9757],[1.633],[0.8282],[0.1146],[-0.4786],[-1.4117]]},{"header":{"disciplineName":["Meteorological products"],"parameterCategory":[2],"parameterCategoryName":["v-component of wind"],"parameterNumberName":["v-component of wind"],"parameterNumber":[3],"parameterUnits":["m s-1"],"refTime":["2017-03-17T0000:00.000Z"],"numberPoints":[621],"nx":[27],"ny":[23],"lo1":[-20],"la1":[70],"lo2":[45],"la2":[45],"dx":[2.5],"dy":[2.5]},"data":[[-0.666],[-0.5175],[-0.3631],[-0.2379],[-0.1738],[-0.1874],[-0.2718],[-0.4194],[-0.6175],[-0.834],[-1.0466],[-1.2175],[-1.3126],[-1.3165],[-1.2233],[-1.0466],[-0.8214],[-0.5922],[-0.4175],[-0.3408],[-0.3854],[-0.5553],[-0.8107],[-1.1097],[-1.3922],[-1.6039],[-1.7359],[0.6748],[0.6621],[0.5874],[0.4466],[0.2408],[0.0223],[-0.2049],[-0.4223],[-0.6126],[-0.7903],[-0.9379],[-1.0544],[-1.1223],[-1.1223],[-1.032],[-0.8466],[-0.6029],[-0.3301],[-0.1087],[-0.0107],[-0.0621],[-0.2806],[-0.6204],[-1.0029],[-1.3534],[-1.5816],[-1.6689],[1.8029],[1.6087],[1.3107],[0.9214],[0.5049],[0.1282],[-0.1689],[-0.3583],[-0.4563],[-0.499],[-0.5252],[-0.5748],[-0.6495],[-0.734],[-0.7709],[-0.7058],[-0.5505],[-0.3039],[-0.0495],[0.1388],[0.1932],[0.0699],[-0.2233],[-0.5971],[-0.9592],[-1.2282],[-1.3631],[2.2505],[2.0126],[1.6301],[1.1437],[0.6291],[0.1786],[-0.1301],[-0.2796],[-0.2388],[-0.0913],[0.0796],[0.1874],[0.1864],[0.0835],[-0.0583],[-0.166],[-0.1505],[-0.0087],[0.2262],[0.4631],[0.6068],[0.599],[0.4223],[0.1097],[-0.2447],[-0.5757],[-0.8214],[2.1233],[1.9515],[1.6408],[1.2039],[0.6932],[0.2049],[-0.1573],[-0.3],[-0.1883],[0.1204],[0.532],[0.9],[1.1282],[1.1806],[1.0854],[0.9447],[0.8437],[0.832],[0.8942],[1.0039],[1.0728],[1.0515],[0.8971],[0.6359],[0.2913],[-0.067],[-0.4097],[1.6049],[1.4864],[1.2835],[0.9612],[0.5175],[0.034],[-0.3602],[-0.5233],[-0.3942],[0.0262],[0.6117],[1.2126],[1.6932],[1.9825],[2.0835],[2.0427],[1.9214],[1.7777],[1.635],[1.4932],[1.3398],[1.1602],[0.9476],[0.701],[0.4155],[0.1155],[-0.201],[0.7214],[0.5019],[0.3369],[0.1495],[-0.101],[-0.4049],[-0.6456],[-0.7039],[-0.5029],[-0.0398],[0.5835],[1.2087],[1.7388],[2.1097],[2.3194],[2.3981],[2.3602],[2.2049],[1.9553],[1.6466],[1.334],[1.0573],[0.8408],[0.6709],[0.5039],[0.3194],[0.1155],[-0.4515],[-0.868],[-1.0136],[-0.9786],[-0.8796],[-0.8029],[-0.7107],[-0.5252],[-0.1767],[0.3194],[0.8524],[1.3126],[1.6272],[1.8175],[1.932],[2.0097],[2.0136],[1.9117],[1.6835],[1.4068],[1.1466],[0.9874],[0.933],[0.9126],[0.8932],[0.8155],[0.7214],[-1.5777],[-2.1398],[-2.1738],[-1.8165],[-1.2951],[-0.8223],[-0.465],[-0.1388],[0.2621],[0.7456],[1.2068],[1.535],[1.6699],[1.6641],[1.6175],[1.5553],[1.4699],[1.2981],[1.0728],[0.8854],[0.8408],[0.9689],[1.1845],[1.3515],[1.3942],[1.3398],[1.2612],[-2.3816],[-2.932],[-2.7796],[-2.1],[-1.2689],[-0.6311],[-0.3126],[-0.165],[0.0379],[0.4262],[0.9447],[1.4107],[1.7068],[1.8019],[1.7553],[1.5951],[1.3107],[0.9019],[0.5155],[0.3505],[0.5146],[0.968],[1.4379],[1.7068],[1.6903],[1.5408],[1.4563],[-2.8748],[-3.3476],[-3.0524],[-2.1932],[-1.235],[-0.634],[-0.5476],[-0.7689],[-0.9058],[-0.6534],[-0.0097],[0.7816],[1.4767],[1.9117],[2.0845],[1.9456],[1.5],[0.8447],[0.235],[0.0223],[0.3767],[1.1019],[1.7748],[2.0427],[1.8845],[1.6184],[1.5495],[-3.1146],[-3.5272],[-3.2699],[-2.4515],[-1.4874],[-0.8573],[-0.8194],[-1.2117],[-1.5835],[-1.4864],[-0.8447],[0.1155],[1.0534],[1.7243],[2.0718],[2.0379],[1.5893],[0.832],[0.1359],[-0.0583],[0.4544],[1.3951],[2.1913],[2.4408],[2.2165],[1.9233],[1.9408],[-2.9874],[-3.3971],[-3.3495],[-2.7388],[-1.767],[-0.8951],[-0.5602],[-0.7961],[-1.2243],[-1.3408],[-0.9097],[-0.1233],[0.6825],[1.2738],[1.5845],[1.6136],[1.265],[0.6039],[-0.0194],[-0.1437],[0.4563],[1.4748],[2.3117],[2.599],[2.466],[2.3728],[2.5748],[-2.4903],[-2.9078],[-3.1223],[-2.766],[-1.7922],[-0.6136],[0.1447],[0.1447],[-0.3417],[-0.7068],[-0.5641],[-0.0184],[0.5573],[0.899],[1.0204],[0.9786],[0.7029],[0.1903],[-0.333],[-0.4175],[0.132],[1.0718],[1.8689],[2.2456],[2.3777],[2.6282],[3.0379],[-1.999],[-2.3592],[-2.7049],[-2.5282],[-1.5951],[-0.2757],[0.666],[0.7039],[0.0816],[-0.4379],[-0.3476],[0.235],[0.7922],[0.967],[0.8175],[0.5437],[0.1922],[-0.268],[-0.7243],[-0.8252],[-0.3806],[0.4301],[1.2078],[1.7417],[2.201],[2.7427],[3.1971],[-1.7786],[-1.968],[-2.233],[-2.1029],[-1.3039],[-0.135],[0.6437],[0.5709],[-0.065],[-0.4524],[-0.0602],[0.8379],[1.5165],[1.5184],[1.0039],[0.367],[-0.1718],[-0.6621],[-1.0748],[-1.1796],[-0.7864],[0.0097],[0.9039],[1.7243],[2.4612],[3.0767],[3.2699],[-1.5874],[-1.4757],[-1.4825],[-1.3437],[-0.8417],[-0.1262],[0.3087],[0.1913],[-0.1553],[-0.067],[0.7816],[1.9068],[2.4951],[2.1485],[1.1922],[0.2282],[-0.4592],[-0.9534],[-1.3534],[-1.4874],[-1.1136],[-0.2107],[0.9845],[2.1981],[3.2019],[3.7223],[3.4524],[-1.0126],[-0.5437],[-0.2748],[-0.1816],[-0.1262],[-0.032],[0.001],[-0.0417],[0.0806],[0.7262],[1.8272],[2.8],[2.9942],[2.2524],[1.0689],[0.0534],[-0.6],[-1.0942],[-1.5825],[-1.867],[-1.5835],[-0.5447],[1.0243],[2.7049],[3.9942],[4.4388],[3.7631],[-0.0155],[0.668],[1.0621],[1.0495],[0.7194],[0.2816],[-0.0398],[-0.0612],[0.3621],[1.2155],[2.166],[2.7087],[2.5175],[1.7058],[0.7524],[0.0126],[-0.5039],[-1.0553],[-1.7291],[-2.2291],[-2.0233],[-0.865],[1.034],[3.0709],[4.5573],[4.9796],[4.135],[1.1612],[1.6903],[1.9748],[1.8951],[1.5039],[0.9408],[0.4583],[0.3068],[0.5864],[1.1282],[1.5951],[1.7068],[1.4612],[1.0204],[0.599],[0.2252],[-0.233],[-0.9068],[-1.701],[-2.2301],[-1.9689],[-0.6728],[1.3786],[3.467],[4.8689],[5.1476],[4.2738],[2.3893],[2.3883],[2.2854],[2.2019],[2.0932],[1.8573],[1.4806],[1.1175],[0.9184],[0.8709],[0.8146],[0.7214],[0.6971],[0.7874],[0.8524],[0.6456],[0.1029],[-0.6369],[-1.3398],[-1.6883],[-1.3087],[-0.032],[1.8738],[3.6825],[4.7039],[4.6563],[3.7282],[3.4951],[2.8049],[2.1893],[1.9864],[2.168],[2.3456],[2.166],[1.6505],[1.0495],[0.5573],[0.2699],[0.2204],[0.5097],[0.9922],[1.2971],[1.1039],[0.5107],[-0.133],[-0.6243],[-0.866],[-0.6835],[0.1816],[1.6553],[3.0883],[3.7437],[3.4039],[2.4019],[3.8777],[2.734],[1.6767],[1.1922],[1.3029],[1.5398],[1.4194],[0.865],[0.1932],[-0.2903],[-0.434],[-0.2437],[0.2971],[0.9835],[1.4029],[1.3155],[0.868],[0.4184],[0.0505],[-0.3777],[-0.7689],[-0.5825],[0.4291],[1.7068],[2.333],[1.9078],[0.8466]]}]