html/data/WT_san09_ind_wt_4_3.json
[{"header":{"disciplineName":["Meteorological products"],"parameterCategory":[0],"parameterCategoryName":["Temperature"],"parameterNumberName":["Temperature"],"parameterNumber":[0],"parameterUnits":["K"],"refTime":["2017-03-17T0000:00.000Z"],"numberPoints":[621],"nx":[27],"ny":[23],"lo1":[-20],"la1":[70],"lo2":[45],"la2":[45],"dx":[2.5],"dy":[2.5]},"data":[[-11.1369],[-10.5995],[-10.0547],[-9.5304],[-9.0472],[-8.6238],[-8.2706],[-7.979],[-7.764],[-7.5911],[-7.4724],[-7.378],[-7.321],[-7.278],[-7.2808],[-7.3079],[-7.3995],[-7.5491],[-7.7584],[-8.0276],[-8.3341],[-8.6734],[-9.0201],[-9.3706],[-9.7089],[-10.0416],[-10.393],[-8.3164],[-7.993],[-7.6902],[-7.4014],[-7.1435],[-6.9051],[-6.6939],[-6.5164],[-6.3883],[-6.2921],[-6.222],[-6.1836],[-6.165],[-6.1724],[-6.2136],[-6.2911],[-6.4173],[-6.6107],[-6.8752],[-7.1827],[-7.5136],[-7.8547],[-8.1631],[-8.4304],[-8.6565],[-8.8556],[-9.0528],[-5.5706],[-5.4958],[-5.4519],[-5.4079],[-5.3519],[-5.2696],[-5.1799],[-5.0743],[-4.9986],[-4.9547],[-4.9556],[-5.0005],[-5.0818],[-5.1827],[-5.3107],[-5.4696],[-5.6668],[-5.9061],[-6.1902],[-6.5061],[-6.8079],[-7.0836],[-7.2967],[-7.4266],[-7.493],[-7.5107],[-7.5379],[-3.6192],[-3.6696],[-3.765],[-3.85],[-3.9014],[-3.8977],[-3.8416],[-3.7575],[-3.6855],[-3.65],[-3.6883],[-3.7855],[-3.9416],[-4.1154],[-4.3033],[-4.5005],[-4.7098],[-4.9425],[-5.1967],[-5.4519],[-5.6762],[-5.8509],[-5.9463],[-5.9603],[-5.9145],[-5.8313],[-5.7519],[-2.5257],[-2.5201],[-2.579],[-2.6715],[-2.765],[-2.8033],[-2.7808],[-2.7098],[-2.6201],[-2.5603],[-2.5668],[-2.6444],[-2.7836],[-2.9481],[-3.1229],[-3.2986],[-3.4734],[-3.6603],[-3.8612],[-4.0388],[-4.1631],[-4.2294],[-4.2294],[-4.164],[-4.0818],[-3.9818],[-3.8967],[-1.6519],[-1.5136],[-1.4902],[-1.5855],[-1.7304],[-1.8659],[-1.9304],[-1.9014],[-1.807],[-1.7098],[-1.6565],[-1.6696],[-1.7425],[-1.8407],[-1.9491],[-2.079],[-2.2276],[-2.3883],[-2.5444],[-2.6547],[-2.6724],[-2.6154],[-2.5126],[-2.4079],[-2.3285],[-2.2911],[-2.2687],[-0.4659],[-0.3014],[-0.3023],[-0.4678],[-0.7435],[-1.0136],[-1.1911],[-1.2201],[-1.1453],[-1.0266],[-0.9276],[-0.8827],[-0.893],[-0.921],[-0.9893],[-1.0687],[-1.1958],[-1.3565],[-1.4799],[-1.5079],[-1.4098],[-1.2023],[-0.9659],[-0.8098],[-0.7836],[-0.8537],[-0.9416],[0.864],[0.8864],[0.7565],[0.4696],[0.0846],[-0.2762],[-0.5192],[-0.5967],[-0.5294],[-0.4005],[-0.2771],[-0.2033],[-0.1706],[-0.1509],[-0.1435],[-0.165],[-0.2407],[-0.3687],[-0.4547],[-0.4145],[-0.193],[0.1612],[0.5042],[0.6986],[0.665],[0.479],[0.2734],[1.9061],[1.7519],[1.5126],[1.2014],[0.8332],[0.4902],[0.236],[0.1294],[0.1771],[0.3229],[0.4846],[0.6117],[0.7089],[0.7986],[0.8864],[0.9519],[0.9257],[0.8444],[0.765],[0.8164],[1.0752],[1.4818],[1.8678],[2.0631],[2.0248],[1.822],[1.6491],[2.6229],[2.3902],[2.1995],[2.0266],[1.8229],[1.564],[1.3061],[1.1463],[1.1416],[1.3014],[1.5425],[1.7696],[1.936],[2.0678],[2.1836],[2.2734],[2.3005],[2.2257],[2.136],[2.1388],[2.3416],[2.6958],[3.0565],[3.2668],[3.2752],[3.1958],[3.207],[3.2911],[3.121],[3.1089],[3.1762],[3.1715],[2.9893],[2.6874],[2.422],[2.3575],[2.5416],[2.8724],[3.1771],[3.3575],[3.4248],[3.4491],[3.4874],[3.5248],[3.5248],[3.4977],[3.5435],[3.7407],[4.0902],[4.4528],[4.6808],[4.75],[4.778],[4.9285],[4.0659],[4.0173],[4.1659],[4.379],[4.4678],[4.3182],[3.9949],[3.6986],[3.6341],[3.8603],[4.2519],[4.5836],[4.6893],[4.607],[4.4724],[4.4285],[4.5294],[4.707],[4.9257],[5.1799],[5.5584],[6.0397],[6.4986],[6.8023],[6.8846],[6.8949],[6.9827],[4.9136],[4.95],[5.0893],[5.2425],[5.3098],[5.2369],[5.0584],[4.9266],[4.9921],[5.279],[5.6575],[5.9276],[5.9575],[5.7706],[5.5444],[5.4827],[5.6687],[6.05],[6.5182],[7.022],[7.593],[8.2584],[8.9192],[9.3967],[9.5846],[9.593],[9.6107],[5.8435],[5.8612],[5.8509],[5.8715],[5.9855],[6.1752],[6.4061],[6.6472],[6.907],[7.1519],[7.379],[7.5229],[7.507],[7.3565],[7.164],[7.1023],[7.2687],[7.6584],[8.1565],[8.6584],[9.2257],[9.9752],[10.8388],[11.6322],[12.136],[12.3893],[12.6678],[6.8565],[6.8042],[6.7257],[6.807],[7.2388],[7.9715],[8.7911],[9.4276],[9.7379],[9.7659],[9.678],[9.5939],[9.5584],[9.4939],[9.365],[9.235],[9.2444],[9.435],[9.7294],[10.0229],[10.4154],[11.1201],[12.1762],[13.322],[14.2023],[14.7893],[15.4509],[7.8706],[7.8416],[7.9238],[8.4023],[9.4192],[10.7883],[12.0855],[12.8939],[13.0678],[12.7855],[12.3612],[12.0827],[11.9921],[11.9453],[11.7874],[11.5294],[11.3453],[11.3659],[11.5463],[11.7407],[12.0322],[12.7173],[13.9378],[15.3687],[16.4154],[16.9117],[17.4182],[8.8416],[9.0061],[9.4874],[10.5051],[12.0407],[13.7631],[15.1696],[15.8864],[15.8995],[15.5145],[15.0949],[14.8332],[14.7107],[14.5659],[14.2921],[13.9107],[13.6154],[13.6266],[13.9042],[14.2491],[14.6145],[15.3463],[16.6939],[18.3126],[19.3341],[19.293],[18.8715],[10.0033],[10.5537],[11.4668],[12.8005],[14.4229],[16.0136],[17.1621],[17.6836],[17.7743],[17.7425],[17.7762],[17.8126],[17.6967],[17.4182],[16.9977],[16.5332],[16.1855],[16.165],[16.5051],[16.9612],[17.3724],[18.022],[19.336],[21.1051],[22.279],[21.9958],[20.6378],[11.8061],[12.793],[13.9734],[15.2463],[16.5145],[17.6397],[18.4313],[18.893],[19.2696],[19.8173],[20.4463],[20.7808],[20.6304],[20.1696],[19.6734],[19.2304],[18.8098],[18.5509],[18.6378],[18.9547],[19.2098],[19.5593],[20.535],[22.2967],[23.9444],[24.2313],[22.9491],[14.3808],[15.6818],[16.8986],[17.8855],[18.6939],[19.4117],[20.0238],[20.5453],[21.1547],[22.0061],[22.8463],[23.1771],[22.8182],[22.1911],[21.7528],[21.4864],[21.0621],[20.5051],[20.1911],[20.2668],[20.4126],[20.4472],[20.8696],[22.222],[24.1061],[25.2621],[24.9117],[17.3332],[18.6762],[19.7734],[20.4958],[21.0164],[21.5687],[22.179],[22.7388],[23.2864],[23.9444],[24.5276],[24.5743],[23.9902],[23.307],[23.0818],[23.1547],[22.9509],[22.3061],[21.793],[21.8519],[22.1715],[22.2332],[22.1808],[22.722],[24.0322],[25.2818],[25.5687],[19.9173],[21.0528],[21.9294],[22.4724],[22.8696],[23.364],[23.965],[24.435],[24.7397],[25.0294],[25.2799],[25.1827],[24.6575],[24.1696],[24.2173],[24.6397],[24.7603],[24.3126],[23.8631],[24.0182],[24.621],[24.9734],[24.8154],[24.6369],[24.8341],[25.1528],[25.0182],[21.4164],[22.2126],[22.8631],[23.2668],[23.5537],[23.9126],[24.3575],[24.7042],[24.879],[25.0126],[25.2238],[25.3565],[25.2827],[25.2192],[25.4855],[26.0079],[26.335],[26.1668],[25.8322],[25.8463],[26.3089],[26.7836],[26.8659],[26.5762],[26.0874],[25.3836],[24.3257]]},{"header":{"disciplineName":["Meteorological products"],"parameterCategory":[2],"parameterCategoryName":["u-component of wind"],"parameterNumberName":["u-component of wind"],"parameterNumber":[2],"parameterUnits":["m s-1"],"refTime":["2017-03-17T0000:00.000Z"],"numberPoints":[621],"nx":[27],"ny":[23],"lo1":[-20],"la1":[70],"lo2":[45],"la2":[45],"dx":[2.5],"dy":[2.5]},"data":[[2.9215],[3.1636],[3.3626],[3.5028],[3.5963],[3.6551],[3.7037],[3.757],[3.8178],[3.8935],[3.9804],[4.0598],[4.1243],[4.1664],[4.2009],[4.2364],[4.3047],[4.4159],[4.586],[4.8215],[5.0869],[5.3664],[5.5981],[5.7832],[5.885],[5.9206],[5.9028],[3.0879],[3.4654],[3.7318],[3.872],[3.9187],[3.8944],[3.8617],[3.8607],[3.9168],[4.0458],[4.2421],[4.4439],[4.6318],[4.7495],[4.785],[4.7477],[4.6701],[4.5879],[4.557],[4.5888],[4.6925],[4.8477],[5.0271],[5.1925],[5.3393],[5.4636],[5.5897],[4.172],[4.4991],[4.6925],[4.7243],[4.6495],[4.4953],[4.3505],[4.2626],[4.2748],[4.4121],[4.6318],[4.8944],[5.1299],[5.2626],[5.2636],[5.1262],[4.8991],[4.6336],[4.4103],[4.2729],[4.2598],[4.3654],[4.5561],[4.815],[5.0935],[5.4028],[5.7458],[5.7869],[5.8626],[5.815],[5.6523],[5.4009],[5.0935],[4.786],[4.5308],[4.3692],[4.3112],[4.3439],[4.4327],[4.5159],[4.5486],[4.4907],[4.3505],[4.1598],[3.9673],[3.8458],[3.8262],[3.9327],[4.1757],[4.5112],[4.9112],[5.3542],[5.8346],[6.3327],[6.929],[6.6421],[6.2794],[5.8804],[5.4477],[5.0224],[4.6168],[4.2458],[3.9103],[3.6243],[3.385],[3.1832],[3.0346],[2.9187],[2.8477],[2.8215],[2.8692],[3],[3.2224],[3.5364],[3.9308],[4.372],[4.8243],[5.2832],[5.7523],[6.2458],[6.757],[7.1028],[6.5075],[5.886],[5.2617],[4.6935],[4.2131],[3.815],[3.4822],[3.1822],[2.8813],[2.5832],[2.2916],[2.0402],[1.8729],[1.8187],[1.8888],[2.0925],[2.4196],[2.8636],[3.3888],[3.9252],[4.4374],[4.886],[5.2757],[5.6467],[6.0486],[6.5084],[6.7841],[6.0822],[5.3318],[4.586],[3.9234],[3.3935],[3.015],[2.785],[2.6505],[2.543],[2.4383],[2.3093],[2.1991],[2.1168],[2.0888],[2.1131],[2.1897],[2.328],[2.5645],[2.8925],[3.2944],[3.714],[4.1084],[4.4617],[4.8065],[5.1944],[5.6542],[6.5196],[5.8972],[5.2084],[4.5],[3.8252],[3.2523],[2.8364],[2.5841],[2.4776],[2.4626],[2.5093],[2.5935],[2.6963],[2.8065],[2.8776],[2.8542],[2.6963],[2.4495],[2.2234],[2.1187],[2.2065],[2.4766],[2.8626],[3.2822],[3.7009],[4.128],[4.5935],[6.1514],[5.6495],[5.1645],[4.6766],[4.1785],[3.6813],[3.2336],[2.8486],[2.5589],[2.3776],[2.3093],[2.3701],[2.572],[2.871],[3.1617],[3.2888],[3.171],[2.8],[2.3224],[1.9383],[1.7925],[1.9327],[2.2776],[2.686],[3.0551],[3.3636],[3.6421],[5.3579],[4.9607],[4.6897],[4.4925],[4.2935],[4.0243],[3.6804],[3.2692],[2.8505],[2.4589],[2.1505],[2.0075],[2.1019],[2.429],[2.8813],[3.3028],[3.5065],[3.4374],[3.1561],[2.8421],[2.6664],[2.7028],[2.885],[3.0813],[3.171],[3.1355],[3.0598],[4.4037],[4.1],[3.971],[3.9636],[3.9916],[3.9617],[3.8607],[3.6832],[3.443],[3.143],[2.8364],[2.571],[2.4505],[2.557],[2.885],[3.3505],[3.7991],[4.1009],[4.2093],[4.1776],[4.1075],[4.0654],[4.0308],[3.9364],[3.7252],[3.4178],[3.0869],[3.686],[3.5673],[3.5318],[3.5729],[3.6692],[3.8084],[3.9981],[4.2271],[4.4607],[4.6047],[4.5981],[4.4187],[4.1486],[3.9047],[3.8215],[3.9664],[4.2925],[4.6766],[4.9879],[5.1402],[5.1374],[5.0075],[4.7944],[4.5598],[4.3103],[4.072],[3.886],[3.1421],[3.2542],[3.3617],[3.4794],[3.6729],[4.0336],[4.571],[5.229],[5.9],[6.4346],[6.7187],[6.6953],[6.4224],[6.0009],[5.6187],[5.4243],[5.4636],[5.6645],[5.8785],[5.9551],[5.8336],[5.5626],[5.2505],[5.0215],[4.9374],[5.0103],[5.1421],[2.6168],[2.8953],[3.1813],[3.5243],[4.0411],[4.7832],[5.6888],[6.6131],[7.3841],[7.9084],[8.1701],[8.2103],[8.0953],[7.8794],[7.6262],[7.4439],[7.385],[7.3935],[7.3888],[7.229],[6.886],[6.4458],[6.0523],[5.8477],[5.9009],[6.1271],[6.3822],[2.3682],[2.7112],[3.1636],[3.8168],[4.7131],[5.7869],[6.8533],[7.7121],[8.2252],[8.4224],[8.4626],[8.5327],[8.7028],[8.928],[9.1028],[9.1935],[9.2075],[9.1411],[8.9579],[8.6178],[8.1393],[7.6374],[7.2467],[7.0673],[7.1318],[7.3065],[7.3785],[2.672],[3.1009],[3.7458],[4.6327],[5.6701],[6.6626],[7.4355],[7.8607],[7.971],[7.9224],[7.9458],[8.2056],[8.7019],[9.2748],[9.6944],[9.8757],[9.8327],[9.6551],[9.372],[9.0047],[8.5953],[8.2206],[7.9579],[7.8879],[7.9953],[8.1449],[8.0925],[3.2636],[3.9551],[4.8813],[5.9131],[6.7991],[7.2963],[7.3879],[7.2617],[7.1215],[7.1533],[7.4561],[8.0262],[8.7178],[9.285],[9.5196],[9.4178],[9.1065],[8.7224],[8.357],[8.0402],[7.7645],[7.557],[7.4589],[7.4944],[7.7168],[8.0327],[8.1869],[3.9327],[4.9841],[6.1738],[7.2308],[7.8037],[7.7439],[7.271],[6.8121],[6.6925],[6.9841],[7.5626],[8.2243],[8.7514],[8.972],[8.8224],[8.3692],[7.8112],[7.2832],[6.8336],[6.4766],[6.2234],[6.071],[6.0009],[6.0579],[6.3047],[6.757],[7.2224],[5.1],[6.2776],[7.3692],[8.1159],[8.2953],[7.8935],[7.2607],[6.8617],[6.9411],[7.3589],[7.8486],[8.1495],[8.1776],[7.9589],[7.5421],[7.0579],[6.5692],[6.0766],[5.543],[5.0449],[4.6972],[4.5533],[4.5047],[4.5449],[4.6841],[4.9701],[5.343],[6.7757],[7.6393],[8.0682],[8.0561],[7.7019],[7.1458],[6.6692],[6.5308],[6.7598],[7.086],[7.1897],[6.9374],[6.4551],[5.9495],[5.5776],[5.3794],[5.2168],[4.8869],[4.3271],[3.729],[3.3664],[3.3308],[3.4879],[3.6187],[3.6439],[3.5243],[3.3131],[7.3804],[7.6514],[7.2206],[6.4121],[5.6234],[5.0383],[4.7327],[4.7224],[4.9178],[5.0523],[4.8981],[4.3879],[3.7589],[3.2869],[3.1477],[3.3121],[3.4944],[3.3776],[2.9159],[2.4121],[2.2271],[2.4121],[2.7439],[2.9748],[2.9206],[2.457],[1.6037],[4.9439],[4.7981],[3.985],[3.0047],[2.2944],[1.9047],[1.6626],[1.5336],[1.5271],[1.5636],[1.4822],[1.2112],[0.8757],[0.6897],[0.8336],[1.2664],[1.6748],[1.7682],[1.5262],[1.3439],[1.4738],[1.7832],[1.9449],[1.8748],[1.6271],[1.0542],[-0.0262],[-0.3467],[-0.5234],[-0.9794],[-1.3308],[-1.3785],[-1.3579],[-1.5579],[-1.9131],[-2.1533],[-2.114],[-1.9121],[-1.7056],[-1.5449],[-1.3514],[-0.9813],[-0.4206],[0.072],[0.2664],[0.2589],[0.4645],[0.9598],[1.2748],[0.9449],[0.1935],[-0.4551],[-0.9607],[-1.7888]]},{"header":{"disciplineName":["Meteorological products"],"parameterCategory":[2],"parameterCategoryName":["v-component of wind"],"parameterNumberName":["v-component of wind"],"parameterNumber":[3],"parameterUnits":["m s-1"],"refTime":["2017-03-17T0000:00.000Z"],"numberPoints":[621],"nx":[27],"ny":[23],"lo1":[-20],"la1":[70],"lo2":[45],"la2":[45],"dx":[2.5],"dy":[2.5]},"data":[[-0.4626],[-0.0701],[0.3907],[0.8346],[1.2224],[1.5],[1.6421],[1.6411],[1.5131],[1.2869],[1.0093],[0.7159],[0.4598],[0.2701],[0.1785],[0.1579],[0.1953],[0.2486],[0.2542],[0.1776],[-0.0196],[-0.3327],[-0.7327],[-1.1748],[-1.6224],[-2.0028],[-2.3075],[0.5701],[0.8477],[1.115],[1.3402],[1.5093],[1.5972],[1.6196],[1.5579],[1.4411],[1.2664],[1.0523],[0.8308],[0.6355],[0.4972],[0.4206],[0.4196],[0.472],[0.5374],[0.5514],[0.4776],[0.2729],[-0.0523],[-0.457],[-0.8869],[-1.2832],[-1.5757],[-1.7533],[1.586],[1.6449],[1.6477],[1.6065],[1.5393],[1.4654],[1.4103],[1.3626],[1.314],[1.2439],[1.1318],[0.9701],[0.7701],[0.5589],[0.3785],[0.2589],[0.2065],[0.214],[0.2439],[0.2458],[0.1813],[0.0533],[-0.1374],[-0.3421],[-0.5093],[-0.5981],[-0.6084],[1.9346],[1.7682],[1.5626],[1.3393],[1.1495],[1.0262],[0.9841],[1.0168],[1.0794],[1.1355],[1.1243],[1.0196],[0.8093],[0.5336],[0.2458],[0.0112],[-0.1355],[-0.1654],[-0.085],[0.0514],[0.1991],[0.3346],[0.4467],[0.5421],[0.6243],[0.7206],[0.7794],[1.5009],[1.1804],[0.857],[0.5879],[0.4028],[0.3327],[0.3916],[0.5131],[0.6701],[0.7935],[0.8607],[0.8168],[0.6888],[0.4822],[0.2523],[0.0738],[-0.0224],[0.0121],[0.157],[0.3897],[0.6654],[0.9402],[1.1991],[1.429],[1.6318],[1.7607],[1.7972],[0.6636],[0.2028],[-0.1981],[-0.472],[-0.571],[-0.5065],[-0.3168],[-0.0907],[0.1159],[0.2748],[0.3542],[0.3869],[0.3766],[0.3617],[0.3449],[0.3991],[0.5112],[0.7196],[0.9888],[1.2748],[1.5252],[1.7439],[1.9271],[2.0785],[2.2234],[2.3234],[2.3159],[-0.2645],[-0.9206],[-1.4327],[-1.7131],[-1.6953],[-1.429],[-1.0224],[-0.614],[-0.3121],[-0.1402],[-0.0598],[-0.0168],[0.0383],[0.1561],[0.3299],[0.5804],[0.9252],[1.3505],[1.8075],[2.2178],[2.5037],[2.6402],[2.6551],[2.6505],[2.6841],[2.743],[2.7607],[-1.2579],[-2.0804],[-2.6841],[-2.9224],[-2.7364],[-2.2],[-1.5178],[-0.8907],[-0.4514],[-0.228],[-0.1495],[-0.1065],[-0.0505],[0.0589],[0.2121],[0.4533],[0.8364],[1.3776],[2.0336],[2.6804],[3.1701],[3.3972],[3.3991],[3.2972],[3.2364],[3.2813],[3.371],[-2.2495],[-3.1262],[-3.6785],[-3.7561],[-3.343],[-2.5869],[-1.7346],[-1.0103],[-0.5336],[-0.2673],[-0.1121],[0.0215],[0.1523],[0.2495],[0.2991],[0.3355],[0.5084],[0.9421],[1.657],[2.5262],[3.3103],[3.7935],[3.9037],[3.7794],[3.6374],[3.6318],[3.7477],[-3.0832],[-3.8495],[-4.185],[-4.0178],[-3.4299],[-2.6477],[-1.9093],[-1.3523],[-0.985],[-0.7084],[-0.3981],[2.827e-08],[0.4047],[0.6804],[0.7234],[0.5888],[0.4766],[0.6346],[1.2075],[2.1262],[3.0935],[3.7897],[4.029],[3.8766],[3.6084],[3.4879],[3.5888],[-3.6065],[-4.1729],[-4.2514],[-3.8804],[-3.272],[-2.6664],[-2.2234],[-1.9561],[-1.7551],[-1.4505],[-0.9551],[-0.2701],[0.4607],[1.0028],[1.215],[1.1037],[0.8645],[0.8037],[1.1514],[1.9299],[2.8813],[3.6318],[3.8991],[3.7065],[3.3206],[3.0981],[3.1822],[-3.7794],[-4.1393],[-4.0523],[-3.6318],[-3.1131],[-2.6944],[-2.4364],[-2.2832],[-2.085],[-1.7346],[-1.1766],[-0.4626],[0.2981],[0.9411],[1.3084],[1.3879],[1.2673],[1.1841],[1.385],[1.9664],[2.7505],[3.4252],[3.6907],[3.5065],[3.1299],[2.9168],[3.0467],[-3.6393],[-3.8374],[-3.6907],[-3.3234],[-2.8794],[-2.4794],[-2.1252],[-1.7925],[-1.4654],[-1.1421],[-0.8028],[-0.4121],[0.0364],[0.5159],[0.9486],[1.2224],[1.3439],[1.3757],[1.5131],[1.8925],[2.472],[3.028],[3.2944],[3.228],[3.0299],[2.9832],[3.2065],[-3.3449],[-3.3757],[-3.1907],[-2.8364],[-2.3673],[-1.8019],[-1.1963],[-0.6645],[-0.3346],[-0.2654],[-0.3318],[-0.3673],[-0.2252],[0.1178],[0.5692],[0.9925],[1.2636],[1.3458],[1.3748],[1.5346],[1.8963],[2.3411],[2.6598],[2.7804],[2.8505],[3.0327],[3.3224],[-3.0748],[-2.8832],[-2.5411],[-2.0897],[-1.4925],[-0.7748],[-0.0505],[0.4075],[0.429],[0.085],[-0.3168],[-0.4785],[-0.3103],[0.1075],[0.6103],[1.0467],[1.3037],[1.3065],[1.1477],[1.0729],[1.2589],[1.6729],[2.1009],[2.4215],[2.6822],[2.9888],[3.2187],[-2.829],[-2.2935],[-1.6505],[-0.9879],[-0.329],[0.3318],[0.8355],[0.9299],[0.5224],[-0.1065],[-0.4935],[-0.4121],[0.0234],[0.528],[0.915],[1.1953],[1.3364],[1.2514],[0.9505],[0.6804],[0.7551],[1.228],[1.8813],[2.429],[2.8019],[3.0336],[3.0206],[-2.357],[-1.3822],[-0.3523],[0.4636],[0.972],[1.2449],[1.2542],[0.9187],[0.3047],[-0.2065],[-0.2374],[0.2234],[0.7579],[1],[0.9813],[0.972],[1.0636],[1.0243],[0.686],[0.2495],[0.1991],[0.7813],[1.7804],[2.7],[3.2271],[3.2925],[2.8981],[-1.4738],[-0.1056],[1.1794],[1.9439],[2.072],[1.7439],[1.2009],[0.5925],[0.1318],[0.0822],[0.5206],[1.1393],[1.4065],[1.1093],[0.6019],[0.3953],[0.5598],[0.6364],[0.2495],[-0.3972],[-0.6075],[0.1009],[1.515],[2.9411],[3.7729],[3.7682],[3.0271],[-0.2299],[1.2112],[2.4168],[2.9075],[2.6206],[1.8299],[0.9551],[0.3383],[0.1953],[0.5495],[1.1776],[1.6121],[1.4514],[0.7907],[0.1617],[0.0224],[0.2495],[0.2729],[-0.2907],[-1.1009],[-1.3551],[-0.4701],[1.3243],[3.1991],[4.3234],[4.3542],[3.415],[1.2121],[2.2383],[2.9514],[3.1028],[2.6477],[1.8411],[1.0551],[0.6178],[0.6598],[1.0383],[1.3776],[1.3402],[0.9121],[0.3907],[0.1589],[0.2626],[0.3533],[0.0206],[-0.7467],[-1.4822],[-1.4673],[-0.3159],[1.6495],[3.5897],[4.715],[4.6841],[3.6888],[2.7037],[2.9495],[2.9477],[2.7664],[2.4664],[2.0822],[1.6972],[1.4748],[1.4645],[1.486],[1.2402],[0.7196],[0.2748],[0.2757],[0.6785],[0.9738],[0.7336],[-0.0411],[-0.8963],[-1.2766],[-0.8514],[0.4168],[2.1785],[3.7589],[4.5131],[4.2495],[3.214],[3.9178],[3.3607],[2.6626],[2.228],[2.1336],[2.1813],[2.1449],[2.015],[1.828],[1.485],[0.8664],[0.1897],[-0.0131],[0.5477],[1.4112],[1.7439],[1.1841],[0.1804],[-0.5439],[-0.6439],[-0.1813],[0.743],[1.9645],[3.0822],[3.5215],[3.0336],[1.9346],[4.1888],[3.1542],[2.0299],[1.3336],[1.1963],[1.3346],[1.3551],[1.1477],[0.8271],[0.4458],[-0.0019],[-0.3178],[-0.0682],[0.8299],[1.8037],[2.0318],[1.4009],[0.5383],[0.0364],[-0.1346],[-0.2075],[-0.0327],[0.6972],[1.7346],[2.2664],[1.7776],[0.5654]]}]