html/data/WT_san09_ind_wt_12_9.json
[{"header":{"disciplineName":["Meteorological products"],"parameterCategory":[0],"parameterCategoryName":["Temperature"],"parameterNumberName":["Temperature"],"parameterNumber":[0],"parameterUnits":["K"],"refTime":["2017-03-17T0000:00.000Z"],"numberPoints":[621],"nx":[27],"ny":[23],"lo1":[-20],"la1":[70],"lo2":[45],"la2":[45],"dx":[2.5],"dy":[2.5]},"data":[[-13.1509],[-12.147],[-11.2076],[-10.3634],[-9.6262],[-9.0266],[-8.5556],[-8.218],[-8.0024],[-7.9006],[-7.8833],[-7.9396],[-8.0426],[-8.1734],[-8.3162],[-8.4591],[-8.5981],[-8.7275],[-8.8591],[-8.9968],[-9.1496],[-9.3318],[-9.5587],[-9.8383],[-10.1803],[-10.5885],[-11.0504],[-9.5422],[-8.937],[-8.4154],[-7.966],[-7.5777],[-7.2487],[-6.9786],[-6.7708],[-6.6301],[-6.5613],[-6.5686],[-6.6413],[-6.7842],[-6.9725],[-7.2054],[-7.4708],[-7.7465],[-8.0335],[-8.3175],[-8.6006],[-8.8699],[-9.1366],[-9.3981],[-9.6708],[-9.9712],[-10.3106],[-10.6968],[-6.418],[-6.2773],[-6.176],[-6.0773],[-5.9552],[-5.8119],[-5.6617],[-5.5232],[-5.424],[-5.3881],[-5.4223],[-5.5353],[-5.7301],[-5.9963],[-6.3149],[-6.6799],[-7.0673],[-7.4807],[-7.892],[-8.2916],[-8.6768],[-9.0301],[-9.3357],[-9.618],[-9.8755],[-10.14],[-10.4335],[-4.4565],[-4.5175],[-4.5591],[-4.55],[-4.4959],[-4.4132],[-4.3301],[-4.2833],[-4.2933],[-4.3695],[-4.5193],[-4.7318],[-5.0011],[-5.3097],[-5.6327],[-5.9742],[-6.3305],[-6.7032],[-7.095],[-7.5045],[-7.9201],[-8.3301],[-8.7084],[-9.0439],[-9.3543],[-9.6366],[-9.9331],[-3.3794],[-3.311],[-3.2162],[-3.1006],[-3.0011],[-2.9513],[-2.9747],[-3.0729],[-3.2478],[-3.4768],[-3.7491],[-4.0448],[-4.3439],[-4.6413],[-4.9102],[-5.179],[-5.4379],[-5.7106],[-6.0387],[-6.418],[-6.85],[-7.3063],[-7.7552],[-8.1703],[-8.5465],[-8.8946],[-9.2474],[-2.4301],[-2.1548],[-1.918],[-1.7452],[-1.6803],[-1.7214],[-1.8608],[-2.079],[-2.3258],[-2.592],[-2.853],[-3.1119],[-3.3682],[-3.6335],[-3.9037],[-4.1794],[-4.4652],[-4.7903],[-5.1703],[-5.618],[-6.1223],[-6.6379],[-7.1271],[-7.5405],[-7.8833],[-8.1851],[-8.4959],[-1.189],[-0.9193],[-0.7457],[-0.6864],[-0.7535],[-0.9041],[-1.1015],[-1.3106],[-1.4994],[-1.6634],[-1.8167],[-1.995],[-2.2193],[-2.5028],[-2.8517],[-3.2526],[-3.6825],[-4.1517],[-4.6652],[-5.2167],[-5.8028],[-6.3582],[-6.821],[-7.1435],[-7.3327],[-7.4647],[-7.6292],[0.1894],[0.2955],[0.2985],[0.1981],[0.0366],[-0.1474],[-0.3206],[-0.4725],[-0.611],[-0.7604],[-0.9353],[-1.1725],[-1.4794],[-1.8556],[-2.2877],[-2.7591],[-3.2357],[-3.7045],[-4.1855],[-4.6911],[-5.2223],[-5.7405],[-6.1582],[-6.4193],[-6.5093],[-6.5145],[-6.566],[1.511],[1.505],[1.4323],[1.3028],[1.1496],[1.0006],[0.8509],[0.6626],[0.4141],[0.0833],[-0.3136],[-0.753],[-1.2063],[-1.6578],[-2.1041],[-2.5141],[-2.8673],[-3.1543],[-3.4041],[-3.6639],[-3.9968],[-4.3911],[-4.7794],[-5.0677],[-5.2071],[-5.2522],[-5.311],[2.7777],[2.7842],[2.7539],[2.6647],[2.5418],[2.3725],[2.1565],[1.8517],[1.4452],[0.9405],[0.392],[-0.1474],[-0.6392],[-1.0838],[-1.4807],[-1.8392],[-2.1314],[-2.331],[-2.4327],[-2.4946],[-2.6158],[-2.8305],[-3.124],[-3.424],[-3.6491],[-3.776],[-3.8669],[4.0335],[4.0444],[4.0067],[3.8985],[3.6946],[3.4184],[3.0916],[2.7253],[2.3249],[1.9188],[1.5201],[1.1478],[0.7968],[0.4292],[0.0123],[-0.4591],[-0.9201],[-1.3093],[-1.5444],[-1.6297],[-1.6422],[-1.6729],[-1.7851],[-1.95],[-2.1032],[-2.1955],[-2.2478],[5.1392],[5.0712],[4.9587],[4.7539],[4.4517],[4.0742],[3.6786],[3.347],[3.1223],[2.9981],[2.9145],[2.8006],[2.605],[2.2747],[1.7842],[1.1569],[0.4725],[-0.1509],[-0.5937],[-0.7994],[-0.7976],[-0.7071],[-0.6271],[-0.6132],[-0.6323],[-0.618],[-0.5578],[5.9794],[5.8387],[5.6898],[5.5006],[5.2271],[4.8526],[4.4457],[4.1396],[4.0093],[4.0288],[4.0812],[4.0587],[3.8764],[3.5262],[3.0357],[2.4513],[1.8318],[1.2738],[0.8613],[0.6539],[0.6509],[0.7608],[0.8652],[0.8877],[0.866],[0.9024],[1.0591],[6.6379],[6.5076],[6.4431],[6.4223],[6.3253],[6.04],[5.6258],[5.237],[4.9963],[4.9006],[4.8379],[4.6985],[4.4595],[4.1522],[3.8214],[3.4963],[3.2006],[2.9656],[2.8006],[2.7249],[2.7275],[2.7868],[2.8058],[2.7084],[2.5327],[2.4777],[2.7232],[7.2881],[7.1803],[7.2465],[7.4279],[7.5119],[7.3145],[6.8621],[6.3604],[5.9643],[5.6998],[5.4703],[5.2361],[5.0275],[4.8742],[4.7768],[4.6894],[4.6145],[4.5872],[4.5946],[4.6193],[4.6729],[4.7734],[4.8552],[4.7838],[4.5487],[4.3846],[4.6781],[7.9409],[7.86],[8.0149],[8.3223],[8.4842],[8.3119],[7.8647],[7.3643],[6.9868],[6.7037],[6.4258],[6.163],[6.0253],[6.0314],[6.0907],[6.0548],[5.9353],[5.8535],[5.8734],[5.9543],[6.1097],[6.424],[6.8509],[7.1331],[7.0461],[6.7613],[6.8673],[8.5656],[8.5877],[8.8604],[9.2201],[9.382],[9.2175],[8.8461],[8.5154],[8.3227],[8.1652],[7.8777],[7.5297],[7.3119],[7.3219],[7.4024],[7.3323],[7.1197],[6.9816],[7.0561],[7.2699],[7.5716],[8.0976],[8.9236],[9.7232],[9.9206],[9.4491],[9.0063],[9.3418],[9.6097],[10.0582],[10.4465],[10.5842],[10.4305],[10.1812],[10.0465],[10.0699],[10.0409],[9.7448],[9.2115],[8.7509],[8.5903],[8.624],[8.5764],[8.4067],[8.3864],[8.6816],[9.1331],[9.5348],[10.0764],[11.0496],[12.2271],[12.7885],[12.2301],[11.1175],[10.6245],[11.192],[11.7682],[12.1357],[12.1955],[12.0556],[11.9032],[11.8634],[11.9777],[12.0552],[11.8154],[11.2045],[10.5253],[10.1652],[10.1327],[10.1301],[10.008],[10.0613],[10.5383],[11.2136],[11.6942],[12.0781],[12.9115],[14.2483],[15.2435],[14.9569],[13.5716],[12.5613],[13.3106],[13.8768],[14.0942],[14.0552],[13.9249],[13.8011],[13.747],[13.8041],[13.9396],[13.8639],[13.36],[12.6361],[12.176],[12.1331],[12.1522],[11.953],[11.7968],[12.1496],[12.9262],[13.5764],[13.9357],[14.5686],[15.8595],[17.1734],[17.3838],[16.2335],[14.8474],[15.6102],[16.0496],[16.0963],[15.969],[15.8747],[15.7859],[15.6353],[15.5539],[15.6422],[15.6881],[15.3361],[14.6682],[14.2323],[14.3093],[14.4816],[14.224],[13.7405],[13.74],[14.4816],[15.4258],[16.0643],[16.6396],[17.6253],[18.7418],[19.0682],[18.1474],[16.9158],[17.5937],[17.9236],[17.8937],[17.7539],[17.7154],[17.6764],[17.4972],[17.2942],[17.2643],[17.2669],[16.9288],[16.3089],[15.9829],[16.321],[16.8699],[16.863],[16.2868],[15.9548],[16.5067],[17.6669],[18.7175],[19.3907],[19.8937],[20.1929],[19.8483],[18.6452],[18.2569],[18.8301],[19.1491],[19.1825],[19.1032],[19.0916],[19.1045],[19.0076],[18.8418],[18.7565],[18.6621],[18.3028],[17.7552],[17.5786],[18.1426],[19.0665],[19.5084],[19.1738],[18.6872],[18.863],[19.8578],[21.111],[21.9959],[22.1859],[21.592],[20.2175],[18.3275]]},{"header":{"disciplineName":["Meteorological products"],"parameterCategory":[2],"parameterCategoryName":["u-component of wind"],"parameterNumberName":["u-component of wind"],"parameterNumber":[2],"parameterUnits":["m s-1"],"refTime":["2017-03-17T0000:00.000Z"],"numberPoints":[621],"nx":[27],"ny":[23],"lo1":[-20],"la1":[70],"lo2":[45],"la2":[45],"dx":[2.5],"dy":[2.5]},"data":[[4.2078],[4.6805],[5.0429],[5.3069],[5.4996],[5.6468],[5.7831],[5.9268],[6.0922],[6.2597],[6.4303],[6.5732],[6.6675],[6.7108],[6.6814],[6.5996],[6.4706],[6.3052],[6.1247],[5.9346],[5.7511],[5.5788],[5.4221],[5.2896],[5.1883],[5.1078],[5.0615],[4.6528],[5.3831],[5.9299],[6.3152],[6.5805],[6.7823],[6.9706],[7.1779],[7.4264],[7.6857],[7.9251],[8.0922],[8.1697],[8.1195],[7.9511],[7.6801],[7.3346],[6.9481],[6.5792],[6.2221],[5.919],[5.6792],[5.513],[5.426],[5.4147],[5.4758],[5.5944],[5.2182],[5.9433],[6.4935],[6.8848],[7.1706],[7.3952],[7.626],[7.8814],[8.1667],[8.4468],[8.6784],[8.8017],[8.7848],[8.6108],[8.2996],[7.887],[7.4273],[6.9723],[6.5537],[6.2121],[5.9515],[5.7905],[5.7364],[5.7844],[5.929],[6.1476],[6.4208],[6.3874],[6.8641],[7.2316],[7.5039],[7.6931],[7.8307],[7.9342],[8.0381],[8.1364],[8.2143],[8.2411],[8.1749],[8.0186],[7.7719],[7.4706],[7.1736],[6.9108],[6.7043],[6.5736],[6.4944],[6.474],[6.4948],[6.5732],[6.71],[6.9056],[7.1489],[7.3987],[8.1719],[8.3277],[8.4649],[8.5472],[8.5589],[8.4784],[8.3052],[8.0805],[7.8251],[7.5524],[7.2727],[6.997],[6.7364],[6.5264],[6.3996],[6.3957],[6.5108],[6.7117],[6.9541],[7.1801],[7.3628],[7.4892],[7.5931],[7.6909],[7.8039],[7.9238],[8.0381],[9.8541],[9.7649],[9.6892],[9.5788],[9.3814],[9.0597],[8.6307],[8.1312],[7.6251],[7.1732],[6.7818],[6.4784],[6.2541],[6.1338],[6.1472],[6.3],[6.5797],[6.9307],[7.2688],[7.5312],[7.6879],[7.7541],[7.7892],[7.8277],[7.8931],[7.9766],[8.0567],[10.8333],[10.5468],[10.2636],[9.9455],[9.5537],[9.0732],[8.5359],[8],[7.5416],[7.2095],[7.0035],[6.8779],[6.8052],[6.7472],[6.7229],[6.7429],[6.8134],[6.9082],[6.9827],[7.0065],[6.984],[6.9693],[7.0017],[7.1134],[7.2931],[7.4939],[7.6948],[11.1225],[10.6571],[10.1736],[9.6814],[9.1771],[8.6719],[8.1797],[7.7433],[7.4255],[7.2494],[7.2104],[7.2433],[7.2641],[7.2216],[7.0939],[6.9117],[6.7],[6.4965],[6.2987],[6.1463],[6.071],[6.1299],[6.326],[6.629],[6.9433],[7.2182],[7.4303],[10.9429],[10.3771],[9.81],[9.2853],[8.8251],[8.4048],[7.9939],[7.5848],[7.1991],[6.8792],[6.6524],[6.532],[6.4706],[6.4147],[6.3299],[6.2009],[6.0537],[5.8926],[5.7758],[5.7506],[5.8823],[6.1926],[6.6333],[7.0775],[7.3896],[7.5026],[7.4602],[10.2545],[9.7147],[9.2117],[8.7892],[8.4429],[8.1329],[7.7684],[7.2853],[6.671],[5.9814],[5.3455],[4.8645],[4.603],[4.5416],[4.6299],[4.8082],[5.0156],[5.2173],[5.439],[5.7152],[6.1277],[6.6771],[7.2775],[7.7615],[7.9593],[7.8416],[7.5065],[8.9636],[8.5139],[8.0831],[7.7056],[7.3693],[7.0749],[6.7299],[6.2758],[5.6433],[4.8913],[4.1251],[3.4939],[3.1117],[3.0169],[3.1935],[3.5628],[4.0242],[4.4957],[4.9342],[5.3641],[5.8563],[6.4264],[7.0143],[7.4498],[7.6139],[7.4961],[7.2208],[7.2554],[6.8537],[6.4281],[5.9749],[5.5364],[5.1801],[4.9056],[4.7048],[4.4948],[4.2268],[3.887],[3.5277],[3.2139],[3.0316],[3.0481],[3.2632],[3.639],[4.0537],[4.429],[4.7433],[5.0407],[5.3887],[5.7827],[6.145],[6.3974],[6.5229],[6.6329],[5.4584],[5.0935],[4.7255],[4.332],[3.9506],[3.6922],[3.6238],[3.7688],[4.074],[4.4238],[4.6814],[4.7498],[4.6255],[4.3823],[4.1641],[4.1056],[4.2273],[4.4472],[4.6273],[4.7022],[4.7069],[4.7429],[4.8866],[5.1424],[5.4532],[5.8039],[6.2056],[3.7913],[3.539],[3.4268],[3.4173],[3.4978],[3.6511],[3.8848],[4.1978],[4.5874],[5.055],[5.5186],[5.8537],[5.9654],[5.8706],[5.6991],[5.613],[5.6636],[5.7723],[5.819],[5.7147],[5.5],[5.3173],[5.2792],[5.4338],[5.7208],[6.0571],[6.3684],[2.4264],[2.3429],[2.5528],[3.0541],[3.7364],[4.4134],[4.8732],[5.0355],[5.0212],[5.0723],[5.3481],[5.8013],[6.2658],[6.6208],[6.8658],[7.0719],[7.2584],[7.3675],[7.3299],[7.139],[6.8602],[6.6216],[6.5359],[6.658],[6.9273],[7.1788],[7.2346],[1.6342],[1.6727],[2.0247],[2.7091],[3.6281],[4.4861],[4.9329],[4.8139],[4.374],[4.0667],[4.2476],[4.9199],[5.8156],[6.6688],[7.3364],[7.8195],[8.1156],[8.2078],[8.1126],[7.9156],[7.7251],[7.5935],[7.5866],[7.7641],[8.1043],[8.4411],[8.4775],[1.5797],[1.726],[1.9918],[2.4463],[3.0688],[3.6385],[3.8632],[3.6268],[3.1918],[3.0385],[3.4835],[4.4303],[5.5325],[6.4481],[7.0944],[7.5139],[7.7377],[7.7732],[7.6779],[7.5948],[7.619],[7.7299],[7.8913],[8.1632],[8.6307],[9.1818],[9.5013],[2.1797],[2.4818],[2.6801],[2.8329],[2.9939],[3.1307],[3.142],[3.0424],[3.0238],[3.3567],[4.1117],[5.0593],[5.8203],[6.2203],[6.3537],[6.4312],[6.5074],[6.5281],[6.4892],[6.5338],[6.7701],[7.1398],[7.5182],[7.9182],[8.4602],[9.1355],[9.6442],[3.171],[3.597],[3.8199],[3.8714],[3.81],[3.7234],[3.7147],[3.8827],[4.29],[4.9377],[5.6719],[6.2039],[6.2965],[5.9887],[5.5926],[5.4087],[5.445],[5.4974],[5.4476],[5.4338],[5.6407],[6.0935],[6.632],[7.1667],[7.7203],[8.242],[8.5325],[4.1126],[4.429],[4.5913],[4.6195],[4.5411],[4.4684],[4.5758],[4.9571],[5.5411],[6.1476],[6.5619],[6.6203],[6.2671],[5.6701],[5.1792],[5.0294],[5.1424],[5.2082],[5.0307],[4.7372],[4.6286],[4.8442],[5.3091],[5.8636],[6.3238],[6.5264],[6.2874],[4.213],[4.239],[4.1684],[4.0801],[3.9719],[3.9502],[4.1407],[4.5797],[5.1078],[5.5126],[5.6732],[5.5892],[5.3169],[4.9827],[4.7641],[4.7935],[4.9823],[5.0446],[4.7987],[4.316],[3.8736],[3.684],[3.7762],[4.0494],[4.268],[4.1519],[3.5013],[2.7],[2.5667],[2.3706],[2.1814],[2.0446],[2.0147],[2.1935],[2.5515],[2.9329],[3.1766],[3.2948],[3.3784],[3.4662],[3.5117],[3.5294],[3.6312],[3.8165],[3.9532],[3.8788],[3.5827],[3.1654],[2.7299],[2.3649],[2.1216],[1.932],[1.5688],[0.8442],[-0.3749],[-0.3433],[-0.3619],[-0.4082],[-0.439],[-0.413],[-0.2758],[-0.0589],[0.1476],[0.2974],[0.4619],[0.7264],[1.0359],[1.2139],[1.2303],[1.2506],[1.4126],[1.6619],[1.8753],[1.9883],[1.9506],[1.6723],[1.1442],[0.5091],[-0.0792],[-0.6481],[-1.3091]]},{"header":{"disciplineName":["Meteorological products"],"parameterCategory":[2],"parameterCategoryName":["v-component of wind"],"parameterNumberName":["v-component of wind"],"parameterNumber":[3],"parameterUnits":["m s-1"],"refTime":["2017-03-17T0000:00.000Z"],"numberPoints":[621],"nx":[27],"ny":[23],"lo1":[-20],"la1":[70],"lo2":[45],"la2":[45],"dx":[2.5],"dy":[2.5]},"data":[[0.6658],[1.0052],[1.3203],[1.5693],[1.732],[1.7926],[1.739],[1.5706],[1.3078],[0.9697],[0.5896],[0.1935],[-0.1823],[-0.519],[-0.8035],[-1.0312],[-1.2216],[-1.39],[-1.5459],[-1.7061],[-1.8567],[-1.9853],[-2.0697],[-2.0896],[-2.0346],[-1.9026],[-1.7165],[2.5931],[2.6134],[2.5632],[2.4545],[2.3117],[2.1407],[1.9429],[1.7026],[1.4013],[1.0303],[0.6004],[0.1342],[-0.3238],[-0.7416],[-1.0905],[-1.3688],[-1.5823],[-1.7623],[-1.9281],[-2.0879],[-2.2251],[-2.3286],[-2.355],[-2.2831],[-2.1065],[-1.8433],[-1.5221],[4.3727],[4.0714],[3.6684],[3.2515],[2.8792],[2.5697],[2.3117],[2.0563],[1.7268],[1.281],[0.7074],[0.0459],[-0.6442],[-1.2727],[-1.7896],[-2.1593],[-2.3965],[-2.5351],[-2.6134],[-2.6563],[-2.6481],[-2.5697],[-2.3857],[-2.0844],[-1.6814],[-1.2195],[-0.7714],[5.3251],[4.8532],[4.2766],[3.7],[3.2091],[2.8433],[2.5697],[2.2974],[1.9424],[1.4212],[0.7126],[-0.1268],[-0.9887],[-1.7606],[-2.3377],[-2.71],[-2.8883],[-2.942],[-2.9247],[-2.8645],[-2.7398],[-2.5152],[-2.1424],[-1.6338],[-1.0329],[-0.432],[0.0818],[5.5186],[5.0558],[4.4476],[3.7935],[3.2],[2.7091],[2.3247],[1.9792],[1.5723],[1.0316],[0.3286],[-0.4719],[-1.2623],[-1.8905],[-2.2805],[-2.4463],[-2.4615],[-2.4338],[-2.432],[-2.4502],[-2.4169],[-2.2351],[-1.8481],[-1.2671],[-0.5766],[0.0749],[0.5784],[5.2866],[4.8887],[4.3004],[3.5797],[2.8264],[2.1251],[1.5442],[1.0684],[0.6411],[0.1714],[-0.368],[-0.945],[-1.4567],[-1.768],[-1.8338],[-1.7],[-1.5264],[-1.4558],[-1.5736],[-1.8108],[-2.0143],[-1.9978],[-1.6701],[-1.0723],[-0.3455],[0.3247],[0.8],[4.6545],[4.2684],[3.7017],[2.9528],[2.1091],[1.2853],[0.597],[0.0922],[-0.2593],[-0.5541],[-0.8801],[-1.2463],[-1.5714],[-1.7095],[-1.6087],[-1.332],[-1.0498],[-0.9814],[-1.1762],[-1.5545],[-1.8636],[-1.8766],[-1.4931],[-0.8078],[-0.026],[0.6442],[1.0775],[3.5571],[3.1039],[2.5684],[1.9251],[1.1996],[0.4662],[-0.1407],[-0.5342],[-0.71],[-0.784],[-0.9117],[-1.1753],[-1.5186],[-1.7675],[-1.7896],[-1.597],[-1.3524],[-1.2628],[-1.4169],[-1.7],[-1.8662],[-1.6762],[-1.0931],[-0.2823],[0.5113],[1.0896],[1.4221],[2.2961],[1.7329],[1.2749],[0.8485],[0.3684],[-0.1771],[-0.6896],[-1.0143],[-1.0861],[-0.9766],[-0.8978],[-1.0069],[-1.3312],[-1.7017],[-1.9264],[-1.903],[-1.7455],[-1.6333],[-1.6641],[-1.7372],[-1.6268],[-1.1675],[-0.4082],[0.4069],[1.026],[1.345],[1.4723],[1.2905],[0.6654],[0.3065],[0.087],[-0.1965],[-0.6823],[-1.2974],[-1.8069],[-1.9974],[-1.826],[-1.481],[-1.2338],[-1.2364],[-1.4229],[-1.597],[-1.6208],[-1.5113],[-1.4095],[-1.3753],[-1.3078],[-1.0139],[-0.4108],[0.3494],[0.971],[1.2489],[1.216],[1.1095],[0.61],[-0.0147],[-0.3091],[-0.4156],[-0.6203],[-1.1398],[-1.9528],[-2.7636],[-3.2247],[-3.1286],[-2.5948],[-1.9273],[-1.4134],[-1.1498],[-1.0242],[-0.9165],[-0.7935],[-0.7195],[-0.7035],[-0.6242],[-0.3013],[0.2788],[0.9165],[1.2771],[1.2333],[0.9329],[0.7056],[0.0286],[-0.5996],[-0.9056],[-0.9913],[-1.1277],[-1.555],[-2.3091],[-3.1788],[-3.8022],[-3.9],[-3.4407],[-2.6468],[-1.8182],[-1.1697],[-0.7234],[-0.4195],[-0.2139],[-0.1251],[-0.1238],[-0.0619],[0.2238],[0.729],[1.226],[1.4173],[1.2424],[0.9173],[0.729],[-0.5234],[-1.1481],[-1.5139],[-1.6359],[-1.6701],[-1.7996],[-2.1597],[-2.7095],[-3.2801],[-3.6165],[-3.5442],[-3.032],[-2.2732],[-1.4961],[-0.8519],[-0.3684],[-0.0537],[0.1061],[0.1701],[0.2636],[0.5368],[0.9831],[1.3909],[1.5329],[1.4216],[1.2571],[1.2442],[-0.8494],[-1.3918],[-1.7498],[-1.9013],[-1.8818],[-1.7762],[-1.7286],[-1.9065],[-2.3442],[-2.8991],[-3.2524],[-3.142],[-2.5857],[-1.7952],[-1.0623],[-0.5026],[-0.1312],[0.0978],[0.229],[0.3658],[0.6294],[1.0442],[1.439],[1.639],[1.6645],[1.7039],[1.8563],[-0.9316],[-1.2009],[-1.3697],[-1.4684],[-1.5169],[-1.4922],[-1.4515],[-1.5641],[-1.9693],[-2.5853],[-3.0675],[-3.0532],[-2.4896],[-1.6779],[-0.968],[-0.513],[-0.2528],[-0.0814],[0.0165],[0.1208],[0.3498],[0.7723],[1.2727],[1.6511],[1.8584],[2.0268],[2.2022],[-0.9827],[-0.842],[-0.6537],[-0.597],[-0.7857],[-1.1169],[-1.4762],[-1.8381],[-2.2602],[-2.687],[-2.8615],[-2.5532],[-1.8156],[-1.0411],[-0.5667],[-0.4403],[-0.4424],[-0.4381],[-0.4433],[-0.4558],[-0.3156],[0.1671],[0.9152],[1.6364],[2.09],[2.2818],[2.2909],[-1.0147],[-0.5346],[-0.0537],[0.1264],[-0.1805],[-0.887],[-1.6797],[-2.2926],[-2.6095],[-2.6208],[-2.271],[-1.5749],[-0.7706],[-0.2355],[-0.1749],[-0.4299],[-0.6615],[-0.7502],[-0.8216],[-0.9593],[-0.919],[-0.3658],[0.7013],[1.8468],[2.5844],[2.7541],[2.4784],[-0.7169],[-0.1355],[0.3442],[0.4476],[-0.0039],[-0.9134],[-1.8922],[-2.5208],[-2.5905],[-2.1671],[-1.4368],[-0.6242],[-0.0039],[0.1957],[-0.0459],[-0.4468],[-0.6887],[-0.7437],[-0.8264],[-1.0134],[-0.9905],[-0.3216],[1.0082],[2.4602],[3.3861],[3.49],[2.9264],[0.1247],[0.5455],[0.7121],[0.5186],[-0.097],[-1.0359],[-1.9381],[-2.3948],[-2.2303],[-1.6065],[-0.868],[-0.2848],[0.0225],[0.055],[-0.1104],[-0.3091],[-0.4238],[-0.4848],[-0.6069],[-0.7472],[-0.5489],[0.3346],[1.8216],[3.3069],[4.1264],[4.045],[3.2472],[1.2351],[1.3147],[1.0658],[0.5615],[-0.1498],[-0.9641],[-1.6558],[-1.929],[-1.6853],[-1.1416],[-0.6909],[-0.4991],[-0.4385],[-0.2983],[-0.0645],[0.087],[0.0087],[-0.2775],[-0.5584],[-0.5619],[-0.0104],[1.1853],[2.7152],[3.9351],[4.3251],[3.8403],[2.8165],[2.0593],[1.7472],[1.1723],[0.5247],[-0.0853],[-0.6494],[-1.0987],[-1.2658],[-1.0762],[-0.7411],[-0.5905],[-0.6887],[-0.7186],[-0.3528],[0.2823],[0.6736],[0.4736],[-0.132],[-0.6022],[-0.4732],[0.3758],[1.7437],[3.1489],[3.9835],[3.8398],[2.8602],[1.5524],[2.2779],[1.6156],[0.884],[0.2948],[-0.0905],[-0.3827],[-0.639],[-0.7701],[-0.6701],[-0.455],[-0.3974],[-0.5346],[-0.5078],[0.0126],[0.826],[1.2883],[0.9978],[0.2584],[-0.2481],[-0.1091],[0.6394],[1.7437],[2.8333],[3.3913],[2.9844],[1.69],[0.1472],[1.9818],[1.1641],[0.4299],[-0.0606],[-0.2996],[-0.4433],[-0.6147],[-0.7515],[-0.7126],[-0.4905],[-0.2918],[-0.2147],[-0.0251],[0.5407],[1.303],[1.719],[1.4957],[0.9403],[0.5671],[0.5511],[0.7619],[1.1931],[1.8506],[2.3671],[2.0788],[0.8216],[-0.7792]]}]