html/data/WT_san09_ind_wt_11_4.json
[{"header":{"disciplineName":["Meteorological products"],"parameterCategory":[0],"parameterCategoryName":["Temperature"],"parameterNumberName":["Temperature"],"parameterNumber":[0],"parameterUnits":["K"],"refTime":["2017-03-17T0000:00.000Z"],"numberPoints":[621],"nx":[27],"ny":[23],"lo1":[-20],"la1":[70],"lo2":[45],"la2":[45],"dx":[2.5],"dy":[2.5]},"data":[[-9.9676],[-9.2451],[-8.6225],[-8.1169],[-7.7261],[-7.4232],[-7.207],[-7.0451],[-6.9261],[-6.8458],[-6.7873],[-6.7704],[-6.7754],[-6.8169],[-6.8859],[-6.993],[-7.1394],[-7.3113],[-7.5141],[-7.7352],[-7.9803],[-8.2423],[-8.5148],[-8.8183],[-9.1451],[-9.5134],[-9.9148],[-6.9042],[-6.4887],[-6.1958],[-5.9838],[-5.8275],[-5.7007],[-5.5894],[-5.4908],[-5.3937],[-5.3366],[-5.3148],[-5.3423],[-5.4387],[-5.6],[-5.8134],[-6.081],[-6.3944],[-6.7289],[-7.0824],[-7.4423],[-7.7852],[-8.1042],[-8.3908],[-8.6556],[-8.9042],[-9.1683],[-9.4613],[-4.4754],[-4.4373],[-4.4479],[-4.4613],[-4.4324],[-4.3486],[-4.2303],[-4.0972],[-3.9838],[-3.9401],[-3.9838],[-4.1218],[-4.3634],[-4.6866],[-5.0641],[-5.4803],[-5.9092],[-6.3585],[-6.8014],[-7.2387],[-7.6549],[-8.0401],[-8.3627],[-8.6289],[-8.8507],[-9.0437],[-9.2415],[-3.0535],[-3.1817],[-3.2824],[-3.3049],[-3.2408],[-3.1028],[-2.9197],[-2.757],[-2.6782],[-2.7134],[-2.8873],[-3.1894],[-3.5951],[-4.0479],[-4.5014],[-4.9359],[-5.3366],[-5.7282],[-6.1282],[-6.5444],[-6.9754],[-7.4028],[-7.7972],[-8.1415],[-8.4162],[-8.6437],[-8.8528],[-2.1662],[-2.1894],[-2.1451],[-2.038],[-1.8831],[-1.7007],[-1.538],[-1.4246],[-1.4261],[-1.5775],[-1.8746],[-2.3014],[-2.8007],[-3.2958],[-3.738],[-4.1204],[-4.4444],[-4.7542],[-5.1049],[-5.5141],[-5.9754],[-6.457],[-6.9134],[-7.307],[-7.6225],[-7.8923],[-8.1162],[-1.1021],[-0.9254],[-0.7415],[-0.5775],[-0.4345],[-0.3296],[-0.2599],[-0.2387],[-0.2979],[-0.4887],[-0.8007],[-1.2085],[-1.6746],[-2.1387],[-2.5542],[-2.9254],[-3.2831],[-3.6824],[-4.1549],[-4.6979],[-5.2739],[-5.8113],[-6.2521],[-6.5746],[-6.7923],[-6.95],[-7.1099],[0.3035],[0.507],[0.6549],[0.7239],[0.7338],[0.7063],[0.6648],[0.6176],[0.5451],[0.3908],[0.1507],[-0.1711],[-0.5472],[-0.9261],[-1.3049],[-1.7085],[-2.1761],[-2.7486],[-3.4246],[-4.162],[-4.8549],[-5.4141],[-5.7535],[-5.9014],[-5.9169],[-5.8908],[-5.9211],[1.7493],[1.819],[1.8211],[1.757],[1.6599],[1.5359],[1.4155],[1.2965],[1.1521],[0.962],[0.7021],[0.3972],[0.0697],[-0.2444],[-0.557],[-0.9204],[-1.3768],[-1.9641],[-2.6669],[-3.4085],[-4.0683],[-4.538],[-4.7704],[-4.793],[-4.6951],[-4.5915],[-4.5739],[3.0535],[2.9958],[2.9261],[2.8387],[2.7317],[2.5852],[2.3958],[2.1535],[1.838],[1.4803],[1.0908],[0.7077],[0.3592],[0.0577],[-0.2014],[-0.4599],[-0.7754],[-1.1859],[-1.6669],[-2.1655],[-2.5915],[-2.8796],[-3.0035],[-3.0218],[-2.9986],[-2.9937],[-3.0521],[4.3042],[4.2239],[4.1789],[4.1493],[4.0782],[3.9063],[3.612],[3.2204],[2.7606],[2.3148],[1.8873],[1.5056],[1.1592],[0.8465],[0.5577],[0.2634],[-0.0141],[-0.2873],[-0.5507],[-0.7528],[-0.8669],[-0.9028],[-0.8937],[-0.9063],[-0.9746],[-1.1134],[-1.269],[5.5507],[5.4859],[5.469],[5.4373],[5.3232],[5.0585],[4.657],[4.1951],[3.7775],[3.4634],[3.2514],[3.0725],[2.8437],[2.4972],[2.0606],[1.5894],[1.1528],[0.7993],[0.5866],[0.5465],[0.6592],[0.8845],[1.1169],[1.2444],[1.2296],[1.0824],[0.8951],[6.6754],[6.5866],[6.5183],[6.4141],[6.1944],[5.8331],[5.3761],[4.95],[4.6915],[4.6324],[4.7218],[4.8035],[4.7289],[4.4134],[3.8775],[3.2648],[2.6852],[2.262],[2.0324],[2.0246],[2.2486],[2.6366],[3.0725],[3.4204],[3.5887],[3.5704],[3.4423],[7.5852],[7.4514],[7.3268],[7.1775],[6.9331],[6.588],[6.1761],[5.831],[5.6641],[5.6979],[5.8754],[6.0423],[6.057],[5.8415],[5.4261],[4.9359],[4.4944],[4.2049],[4.0683],[4.0894],[4.2937],[4.6754],[5.1577],[5.5908],[5.8803],[6.0331],[6.1042],[8.3289],[8.2028],[8.1099],[8.0345],[7.9331],[7.7423],[7.4711],[7.1958],[6.9859],[6.8739],[6.8627],[6.9056],[6.9345],[6.8852],[6.7232],[6.5359],[6.3887],[6.3408],[6.3577],[6.4056],[6.5352],[6.8021],[7.1775],[7.5289],[7.7908],[8.0704],[8.4979],[9.012],[8.9282],[8.9458],[9.0718],[9.2197],[9.2704],[9.1711],[8.9563],[8.6789],[8.3718],[8.119],[7.9979],[8.0232],[8.1134],[8.1613],[8.1225],[8.0944],[8.119],[8.1831],[8.2282],[8.3218],[8.5782],[8.9634],[9.2937],[9.462],[9.7063],[10.3951],[9.6401],[9.6366],[9.8239],[10.1887],[10.5634],[10.7915],[10.8239],[10.6979],[10.4535],[10.1176],[9.7873],[9.5873],[9.5972],[9.7169],[9.7627],[9.6373],[9.4613],[9.3662],[9.3761],[9.4331],[9.6077],[10.0739],[10.7803],[11.3634],[11.5049],[11.4521],[11.9063],[10.2444],[10.3937],[10.7923],[11.3387],[11.8239],[12.1021],[12.1894],[12.1782],[12.1056],[11.95],[11.7338],[11.5408],[11.4585],[11.4585],[11.35],[11.0507],[10.6915],[10.5049],[10.5246],[10.6563],[10.9634],[11.7007],[12.8732],[13.9577],[14.2479],[13.743],[13.3655],[11.0782],[11.4746],[12.0585],[12.6415],[13.057],[13.2817],[13.3859],[13.5106],[13.7],[13.8585],[13.8634],[13.6894],[13.4423],[13.2],[12.9007],[12.4746],[12.0521],[11.8852],[12.0289],[12.3148],[12.681],[13.4648],[14.8754],[16.4246],[17.0965],[16.3916],[15.1282],[12.4394],[13.1028],[13.7592],[14.2148],[14.4444],[14.5662],[14.7035],[14.9563],[15.3528],[15.7894],[16.0225],[15.8606],[15.3986],[14.8901],[14.4373],[13.9634],[13.5021],[13.3099],[13.5606],[14.012],[14.4317],[15.0296],[16.2831],[17.9972],[19.1338],[18.7732],[17.2472],[14.3401],[15.1908],[15.8063],[16.0556],[16.0923],[16.1662],[16.3563],[16.6401],[17.0444],[17.5352],[17.8345],[17.6225],[16.9641],[16.2718],[15.7951],[15.3817],[14.8641],[14.5204],[14.7246],[15.3901],[16.0345],[16.5486],[17.4176],[18.8613],[20.2028],[20.3916],[19.2542],[16.3852],[17.3014],[17.8613],[17.9894],[17.9507],[18.057],[18.2803],[18.4556],[18.612],[18.8697],[19.0085],[18.6528],[17.8465],[17.1465],[16.893],[16.7915],[16.3901],[15.8838],[15.9542],[16.7979],[17.8479],[18.5627],[19.1204],[19.9676],[20.9296],[21.2106],[20.443],[18.0232],[18.8852],[19.4359],[19.5901],[19.6268],[19.8106],[20.0155],[20.031],[19.9021],[19.8394],[19.738],[19.2556],[18.4465],[17.9246],[18.0831],[18.5099],[18.4866],[18.0155],[17.907],[18.6965],[19.9697],[20.9648],[21.457],[21.731],[21.8908],[21.5754],[20.5965],[18.8641],[19.5725],[20.1204],[20.4099],[20.5746],[20.7838],[20.943],[20.8944],[20.6965],[20.5401],[20.3923],[19.9859],[19.3901],[19.1556],[19.6486],[20.4775],[20.8732],[20.6296],[20.3606],[20.719],[21.6824],[22.6838],[23.2958],[23.407],[22.9739],[21.9141],[20.3486]]},{"header":{"disciplineName":["Meteorological products"],"parameterCategory":[2],"parameterCategoryName":["u-component of wind"],"parameterNumberName":["u-component of wind"],"parameterNumber":[2],"parameterUnits":["m s-1"],"refTime":["2017-03-17T0000:00.000Z"],"numberPoints":[621],"nx":[27],"ny":[23],"lo1":[-20],"la1":[70],"lo2":[45],"la2":[45],"dx":[2.5],"dy":[2.5]},"data":[[3.2211],[3.4577],[3.6423],[3.7915],[3.9218],[4.0521],[4.2014],[4.3866],[4.6148],[4.862],[5.1232],[5.3746],[5.5965],[5.7599],[5.8577],[5.8993],[5.8754],[5.8049],[5.6873],[5.5556],[5.3923],[5.2254],[5.0472],[4.8817],[4.7261],[4.5965],[4.4887],[3.2937],[3.7014],[3.9768],[4.1634],[4.2873],[4.393],[4.5289],[4.7317],[4.9958],[5.3211],[5.669],[5.9887],[6.2542],[6.4225],[6.4683],[6.4099],[6.2521],[6.0359],[5.7789],[5.5155],[5.2768],[5.0669],[4.9028],[4.7873],[4.7317],[4.7338],[4.7838],[4.1972],[4.657],[4.9775],[5.181],[5.2972],[5.3937],[5.5134],[5.6845],[5.9155],[6.193],[6.4796],[6.7092],[6.85],[6.862],[6.7465],[6.5176],[6.2099],[5.8662],[5.5359],[5.243],[5.019],[4.8824],[4.831],[4.8725],[4.9937],[5.1739],[5.4077],[5.9669],[6.3444],[6.6042],[6.7627],[6.8451],[6.8845],[6.8859],[6.8845],[6.8908],[6.8796],[6.8655],[6.807],[6.6789],[6.4817],[6.2415],[5.9803],[5.7232],[5.5056],[5.3366],[5.2296],[5.1824],[5.2014],[5.2725],[5.4127],[5.612],[5.8486],[6.1035],[8.0683],[8.2458],[8.3655],[8.4394],[8.4479],[8.3549],[8.1746],[7.8979],[7.5563],[7.1803],[6.7866],[6.4056],[6.0507],[5.7366],[5.4965],[5.3634],[5.3472],[5.4148],[5.5458],[5.6831],[5.7972],[5.8838],[5.9514],[6.0359],[6.1599],[6.3035],[6.4634],[9.5704],[9.5275],[9.493],[9.45],[9.3423],[9.1246],[8.7725],[8.2915],[7.7528],[7.1979],[6.6824],[6.2211],[5.8352],[5.5415],[5.3577],[5.319],[5.4268],[5.6331],[5.8599],[6.0338],[6.119],[6.1232],[6.0937],[6.0923],[6.1521],[6.2775],[6.4444],[10.0789],[9.857],[9.6697],[9.4796],[9.2444],[8.9155],[8.4845],[7.9866],[7.4958],[7.0697],[6.7387],[6.4915],[6.2683],[6.0711],[5.8923],[5.7796],[5.7542],[5.793],[5.8317],[5.8289],[5.7514],[5.6732],[5.643],[5.7254],[5.9275],[6.2106],[6.5261],[10.0394],[9.6746],[9.3183],[8.969],[8.607],[8.2042],[7.7662],[7.3275],[6.9549],[6.7127],[6.6127],[6.5908],[6.5507],[6.4563],[6.2754],[6.0732],[5.8859],[5.7366],[5.6],[5.4662],[5.3577],[5.3697],[5.5563],[5.9099],[6.3486],[6.7697],[7.1049],[9.8739],[9.3359],[8.8169],[8.338],[7.907],[7.5042],[7.0817],[6.6472],[6.2387],[5.9275],[5.7465],[5.7021],[5.7028],[5.6937],[5.6486],[5.5915],[5.5549],[5.5345],[5.519],[5.5155],[5.6085],[5.8901],[6.388],[7.0007],[7.5458],[7.8507],[7.8768],[9.2542],[8.5725],[7.9254],[7.3852],[6.9542],[6.6007],[6.2352],[5.788],[5.2373],[4.6789],[4.2261],[3.9662],[3.8979],[3.9803],[4.1754],[4.4606],[4.8134],[5.1704],[5.4908],[5.7718],[6.1056],[6.6077],[7.2901],[8],[8.4697],[8.5366],[8.2035],[7.8141],[7.0746],[6.3873],[5.8141],[5.3894],[5.1134],[4.8746],[4.5577],[4.0852],[3.5246],[3.0232],[2.7007],[2.6232],[2.7577],[3.0761],[3.5465],[4.1232],[4.7204],[5.243],[5.657],[6.0535],[6.5535],[7.1789],[7.7923],[8.1704],[8.1711],[7.8535],[5.9063],[5.2831],[4.6634],[4.0958],[3.6944],[3.5106],[3.5007],[3.5394],[3.5028],[3.3782],[3.2352],[3.1606],[3.181],[3.2775],[3.4472],[3.7359],[4.1542],[4.6359],[5.0796],[5.3972],[5.6387],[5.9113],[6.2732],[6.662],[6.9592],[7.1007],[7.1662],[4.3141],[3.9338],[3.5268],[3.1352],[2.8958],[2.9218],[3.2239],[3.6521],[4.0852],[4.45],[4.7521],[5],[5.138],[5.1514],[5.0951],[5.0711],[5.1824],[5.4028],[5.6324],[5.7472],[5.7592],[5.7303],[5.7669],[5.8859],[6.0521],[6.2683],[6.6035],[3.2775],[3.1894],[3.1225],[3.1289],[3.3049],[3.6979],[4.2479],[4.8169],[5.3056],[5.7282],[6.1246],[6.4761],[6.7155],[6.8007],[6.7852],[6.7606],[6.7958],[6.857],[6.862],[6.7528],[6.5345],[6.2894],[6.1211],[6.0768],[6.1528],[6.2965],[6.5099],[2.4627],[2.6352],[2.9268],[3.3845],[4.0204],[4.7359],[5.3232],[5.6514],[5.7556],[5.8415],[6.0634],[6.4225],[6.8204],[7.2],[7.5577],[7.8754],[8.0746],[8.0627],[7.8289],[7.4289],[7.0197],[6.6944],[6.5592],[6.6366],[6.8831],[7.0965],[7.0824],[1.7268],[2.1092],[2.6303],[3.3197],[4.119],[4.8127],[5.1465],[5.069],[4.8162],[4.7239],[4.9676],[5.4824],[6.0986],[6.731],[7.3627],[7.8993],[8.1606],[7.9986],[7.5141],[6.9401],[6.4852],[6.262],[6.3275],[6.7289],[7.3908],[7.9894],[8.1007],[1.4246],[1.9761],[2.5704],[3.1775],[3.7486],[4.0761],[4.0232],[3.7211],[3.5155],[3.7162],[4.3296],[5.0754],[5.688],[6.1352],[6.5042],[6.7718],[6.7796],[6.4246],[5.8901],[5.4796],[5.3246],[5.4127],[5.6901],[6.2725],[7.1979],[8.1669],[8.638],[1.8415],[2.4951],[3.0479],[3.4718],[3.7021],[3.6634],[3.3845],[3.1408],[3.2718],[3.8979],[4.7606],[5.4042],[5.5817],[5.3915],[5.1127],[4.8479],[4.5317],[4.138],[3.8768],[3.9528],[4.3599],[4.8359],[5.2296],[5.6824],[6.3944],[7.2373],[7.7507],[2.7042],[3.3028],[3.7577],[4.0577],[4.1451],[4.0042],[3.7613],[3.7085],[4.0535],[4.7014],[5.2535],[5.307],[4.8275],[4.0894],[3.4338],[2.9711],[2.6415],[2.4275],[2.4866],[2.9739],[3.7451],[4.4352],[4.8197],[5.0014],[5.1951],[5.4113],[5.4204],[3.2817],[3.6592],[3.9352],[4.1408],[4.2373],[4.1923],[4.1169],[4.1993],[4.4866],[4.7261],[4.5887],[3.9711],[3.1197],[2.3979],[2.0176],[1.9239],[1.9317],[1.9556],[2.1007],[2.4817],[3.0401],[3.5472],[3.8077],[3.8303],[3.6493],[3.2317],[2.5289],[2.8035],[2.9289],[2.9817],[3.0486],[3.1127],[3.1345],[3.1768],[3.3387],[3.5169],[3.4155],[2.8535],[1.9951],[1.2796],[1.0092],[1.1965],[1.6176],[1.9944],[2.1768],[2.1803],[2.1049],[2.0662],[2.0845],[2.1056],[2.0479],[1.7451],[1.0437],[-0.0535],[0.8937],[0.8944],[0.8063],[0.7408],[0.7514],[0.7993],[0.9169],[1.1535],[1.3979],[1.3789],[0.9718],[0.4176],[0.0951],[0.1908],[0.6099],[1.162],[1.6634],[1.9345],[1.8859],[1.5606],[1.1458],[0.7789],[0.5063],[0.2465],[-0.1655],[-0.9085],[-1.9817],[-2.1211],[-2.1049],[-2.1789],[-2.207],[-2.119],[-1.9662],[-1.7676],[-1.4627],[-1.0873],[-0.8225],[-0.7585],[-0.7718],[-0.7021],[-0.5655],[-0.3838],[-0.119],[0.2577],[0.6042],[0.7394],[0.6225],[0.3761],[0.0613],[-0.3683],[-0.912],[-1.5423],[-2.262],[-3.1127]]},{"header":{"disciplineName":["Meteorological products"],"parameterCategory":[2],"parameterCategoryName":["v-component of wind"],"parameterNumberName":["v-component of wind"],"parameterNumber":[3],"parameterUnits":["m s-1"],"refTime":["2017-03-17T0000:00.000Z"],"numberPoints":[621],"nx":[27],"ny":[23],"lo1":[-20],"la1":[70],"lo2":[45],"la2":[45],"dx":[2.5],"dy":[2.5]},"data":[[0.0528],[0.5261],[1.0056],[1.4394],[1.7789],[2],[2.0803],[2.0296],[1.8472],[1.5676],[1.1986],[0.7972],[0.3817],[0.0028],[-0.3282],[-0.6042],[-0.8197],[-0.9972],[-1.1486],[-1.2754],[-1.3887],[-1.4789],[-1.5401],[-1.5542],[-1.5099],[-1.4113],[-1.2725],[1.019],[1.2704],[1.5014],[1.7127],[1.8915],[2.0317],[2.1246],[2.1542],[2.0866],[1.9162],[1.6246],[1.2486],[0.8148],[0.3528],[-0.0915],[-0.4887],[-0.8239],[-1.1021],[-1.3324],[-1.5289],[-1.6894],[-1.8042],[-1.8634],[-1.8289],[-1.707],[-1.5028],[-1.2324],[2.031],[1.9782],[1.912],[1.8676],[1.8923],[1.9852],[2.131],[2.2739],[2.3408],[2.2648],[2.007],[1.5732],[0.9923],[0.3486],[-0.2817],[-0.8486],[-1.2894],[-1.6049],[-1.8148],[-1.931],[-1.9796],[-1.9486],[-1.8394],[-1.6479],[-1.3704],[-1.0331],[-0.6775],[2.7641],[2.4951],[2.2183],[2.0141],[1.931],[1.9845],[2.1444],[2.3296],[2.4408],[2.3831],[2.0944],[1.5704],[0.8563],[0.0676],[-0.6838],[-1.307],[-1.7493],[-2.0056],[-2.1042],[-2.0908],[-1.981],[-1.7901],[-1.5197],[-1.169],[-0.7627],[-0.3507],[0.012],[3.1],[2.743],[2.4106],[2.1472],[1.9761],[1.9106],[1.9331],[1.9944],[2.0211],[1.9099],[1.6056],[1.0923],[0.4275],[-0.2852],[-0.9324],[-1.4113],[-1.7106],[-1.843],[-1.8669],[-1.819],[-1.7028],[-1.519],[-1.2246],[-0.8423],[-0.3852],[0.0458],[0.4],[3.0282],[2.6838],[2.3641],[2.0754],[1.7873],[1.5077],[1.2704],[1.0993],[0.9613],[0.8204],[0.5901],[0.2387],[-0.2099],[-0.6655],[-1.0444],[-1.2704],[-1.35],[-1.3634],[-1.3725],[-1.4092],[-1.4282],[-1.3585],[-1.1317],[-0.7563],[-0.2824],[0.1915],[0.5782],[2.5838],[2.2176],[1.9239],[1.6162],[1.2472],[0.7944],[0.3423],[-0.019],[-0.2261],[-0.3106],[-0.3789],[-0.5225],[-0.7782],[-1.0549],[-1.2676],[-1.3261],[-1.2697],[-1.2042],[-1.2035],[-1.2866],[-1.3542],[-1.2838],[-1.0049],[-0.5415],[0.019],[0.538],[0.9415],[1.8472],[1.4366],[1.1507],[0.8993],[0.5521],[0.0873],[-0.407],[-0.7789],[-0.9268],[-0.869],[-0.7493],[-0.7556],[-0.9514],[-1.2641],[-1.5345],[-1.6444],[-1.6035],[-1.5],[-1.4528],[-1.4408],[-1.3493],[-1.05],[-0.5211],[0.1408],[0.7585],[1.2134],[1.4937],[1.0077],[0.5415],[0.2873],[0.1458],[-0.05],[-0.3958],[-0.8141],[-1.1493],[-1.2317],[-1.0415],[-0.7542],[-0.6113],[-0.7627],[-1.1303],[-1.5155],[-1.7366],[-1.7634],[-1.6908],[-1.5958],[-1.4451],[-1.1148],[-0.4951],[0.3246],[1.1049],[1.607],[1.7754],[1.7148],[0.1683],[-0.3106],[-0.5239],[-0.5479],[-0.5761],[-0.7852],[-1.1824],[-1.5873],[-1.743],[-1.5408],[-1.1092],[-0.7254],[-0.6155],[-0.7965],[-1.069],[-1.2394],[-1.2648],[-1.2275],[-1.1831],[-1.0077],[-0.5387],[0.2803],[1.2366],[1.9401],[2.1331],[1.8394],[1.3521],[-0.6894],[-1.1592],[-1.3387],[-1.2958],[-1.2204],[-1.3296],[-1.7113],[-2.2225],[-2.5585],[-2.4613],[-1.9472],[-1.2859],[-0.7817],[-0.5549],[-0.493],[-0.443],[-0.3577],[-0.3218],[-0.3535],[-0.269],[0.1796],[1.0239],[1.9521],[2.4852],[2.3289],[1.6366],[0.8549],[-1.5246],[-1.9535],[-2.1373],[-2.0944],[-1.9183],[-1.8514],[-2.0528],[-2.5113],[-2.9338],[-2.993],[-2.5479],[-1.7894],[-1.0556],[-0.5458],[-0.2204],[0.0556],[0.2972],[0.4077],[0.3662],[0.3789],[0.75],[1.531],[2.3782],[2.7725],[2.4415],[1.6246],[0.8275],[-2.1549],[-2.5183],[-2.7042],[-2.6514],[-2.3359],[-1.9408],[-1.7535],[-1.9387],[-2.3338],[-2.5711],[-2.3711],[-1.793],[-1.1387],[-0.6472],[-0.307],[0.0282],[0.3873],[0.6352],[0.6838],[0.7077],[1.0218],[1.7134],[2.469],[2.8028],[2.5246],[1.881],[1.3359],[-2.4535],[-2.6923],[-2.7908],[-2.6437],[-2.1585],[-1.4641],[-0.9338],[-0.8908],[-1.2852],[-1.7162],[-1.7859],[-1.4359],[-0.9542],[-0.6183],[-0.4246],[-0.1754],[0.1845],[0.5085],[0.6345],[0.6754],[0.931],[1.5458],[2.2535],[2.619],[2.4803],[2.1211],[1.8845],[-2.4894],[-2.5303],[-2.4197],[-2.1021],[-1.493],[-0.7303],[-0.1972],[-0.2162],[-0.7373],[-1.2768],[-1.3789],[-1.0014],[-0.512],[-0.2634],[-0.2352],[-0.1775],[0.0303],[0.2324],[0.25],[0.1972],[0.4155],[1.0782],[1.9275],[2.4803],[2.5197],[2.3],[2.1507],[-2.3169],[-2.1648],[-1.8246],[-1.3549],[-0.7718],[-0.2225],[-2.3821e-08],[-0.2852],[-0.8648],[-1.231],[-1.0225],[-0.3775],[0.207],[0.3655],[0.1704],[-0.0528],[-0.1415],[-0.243],[-0.4986],[-0.7268],[-0.4796],[0.4634],[1.7648],[2.7542],[3.0345],[2.7451],[2.3],[-1.8923],[-1.6268],[-1.212],[-0.7746],[-0.3972],[-0.1944],[-0.312],[-0.7127],[-1.0535],[-0.9282],[-0.2394],[0.5979],[1.0289],[0.8451],[0.3099],[-0.1782],[-0.5092],[-0.8923],[-1.412],[-1.7683],[-1.3761],[-0.0014],[1.9296],[3.5141],[4.0873],[3.6514],[2.669],[-1.0951],[-0.8444],[-0.5746],[-0.4085],[-0.3606],[-0.4817],[-0.7563],[-0.9887],[-0.8423],[-0.1458],[0.8423],[1.5021],[1.4014],[0.6951],[-0.1127],[-0.6451],[-0.9669],[-1.4021],[-1.9845],[-2.2831],[-1.6894],[0.0373],[2.3915],[4.3768],[5.1697],[4.6211],[3.2099],[0.0169],[0.1556],[0.1366],[-0.0451],[-0.3366],[-0.6592],[-0.9176],[-0.893],[-0.357],[0.6197],[1.5014],[1.6577],[0.9761],[-0.0282],[-0.7472],[-1.0063],[-1.1331],[-1.4746],[-1.8972],[-1.9465],[-1.1077],[0.7028],[2.9908],[4.8704],[5.5718],[4.9345],[3.3782],[1.1127],[1.0711],[0.807],[0.3923],[-0.043],[-0.4],[-0.5944],[-0.4739],[0.0894],[0.8958],[1.3655],[1.0472],[0.1324],[-0.6683],[-0.8972],[-0.7732],[-0.8077],[-1.1444],[-1.3972],[-1.0775],[-0.0007],[1.6859],[3.5035],[4.8162],[5.0655],[4.2007],[2.638],[1.7683],[1.5204],[1.1331],[0.7063],[0.3535],[0.1049],[-0.0338],[0.012],[0.3113],[0.7077],[0.7655],[0.2754],[-0.388],[-0.5958],[-0.2331],[0.0986],[-0.1345],[-0.6972],[-0.8838],[-0.2937],[0.9028],[2.3148],[3.5901],[4.2866],[3.9965],[2.7451],[1.0965],[1.781],[1.3437],[0.9366],[0.6394],[0.4465],[0.3338],[0.2394],[0.1732],[0.2],[0.2718],[0.1697],[-0.1535],[-0.3204],[0.0915],[0.8282],[1.1331],[0.6035],[-0.2134],[-0.4542],[0.1127],[1.0711],[2.0746],[2.9768],[3.4331],[2.8944],[1.3127],[-0.5458],[1.3775],[0.8655],[0.5014],[0.2901],[0.1542],[0.0479],[-0.0514],[-0.1465],[-0.2028],[-0.2077],[-0.2148],[-0.219],[0.0401],[0.7641],[1.5768],[1.7817],[1.1408],[0.3085],[0.0077],[0.2423],[0.5986],[1.0437],[1.7528],[2.35],[1.9408],[0.2648],[-1.7317]]}]