html/data/WT_san09_ind_wt_9_2.json
[{"header":{"disciplineName":["Meteorological products"],"parameterCategory":[0],"parameterCategoryName":["Temperature"],"parameterNumberName":["Temperature"],"parameterNumber":[0],"parameterUnits":["K"],"refTime":["2017-03-17T0000:00.000Z"],"numberPoints":[621],"nx":[27],"ny":[23],"lo1":[-20],"la1":[70],"lo2":[45],"la2":[45],"dx":[2.5],"dy":[2.5]},"data":[[-3.7619],[-3.0179],[-2.383],[-1.8583],[-1.4317],[-1.083],[-0.7766],[-0.5106],[-0.2454],[0.0106],[0.25],[0.4803],[0.6656],[0.8032],[0.8867],[0.9096],[0.8711],[0.7674],[0.6408],[0.4885],[0.3289],[0.161],[0.0023],[-0.1564],[-0.3243],[-0.4885],[-0.672],[-1.8803],[-1.383],[-0.9885],[-0.6748],[-0.4005],[-0.1417],[0.1225],[0.4151],[0.7106],[1.0216],[1.2959],[1.5206],[1.672],[1.7344],[1.717],[1.605],[1.4436],[1.2335],[1.0142],[0.7968],[0.6069],[0.4399],[0.3032],[0.1858],[0.0858],[-0.0133],[-0.1261],[0.1115],[0.3225],[0.4757],[0.6106],[0.7638],[0.9546],[1.195],[1.4592],[1.7381],[1.9876],[2.1812],[2.2995],[2.328],[2.2674],[2.1326],[1.9528],[1.7445],[1.5436],[1.3665],[1.2124],[1.094],[1.0005],[0.9216],[0.85],[0.7674],[0.672],[0.5555],[1.6014],[1.6849],[1.7463],[1.8472],[1.9995],[2.1858],[2.4087],[2.6289],[2.817],[2.95],[3.0096],[2.995],[2.9179],[2.7977],[2.6372],[2.4739],[2.3261],[2.2096],[2.1271],[2.0711],[2.0307],[1.9894],[1.9252],[1.8372],[1.7124],[1.5647],[1.3959],[2.4216],[2.5812],[2.7583],[2.9555],[3.1683],[3.394],[3.595],[3.7601],[3.8628],[3.9078],[3.8986],[3.8454],[3.7583],[3.65],[3.5252],[3.3913],[3.2537],[3.1307],[3.0344],[2.9564],[2.8931],[2.8307],[2.7472],[2.6454],[2.5335],[2.4014],[2.2647],[3.1261],[3.4656],[3.7683],[4.0307],[4.2711],[4.4775],[4.6518],[4.7711],[4.8463],[4.8739],[4.8821],[4.8757],[4.839],[4.7693],[4.6362],[4.4518],[4.2106],[3.9601],[3.7307],[3.5417],[3.4261],[3.3555],[3.328],[3.3225],[3.3252],[3.317],[3.3087],[4.2821],[4.6638],[4.9491],[5.1564],[5.3206],[5.4729],[5.6023],[5.7188],[5.8032],[5.8546],[5.8849],[5.9041],[5.8913],[5.8014],[5.6161],[5.3472],[5.0197],[4.6995],[4.4528],[4.2931],[4.2381],[4.2794],[4.3821],[4.5161],[4.6537],[4.7491],[4.7913],[5.7436],[6.0069],[6.1583],[6.2427],[6.3307],[6.4482],[6.595],[6.7225],[6.8115],[6.8417],[6.839],[6.8069],[6.7335],[6.594],[6.372],[6.105],[5.8417],[5.6647],[5.594],[5.6372],[5.75],[5.9096],[6.105],[6.3078],[6.4858],[6.5849],[6.5702],[7.0427],[7.1555],[7.2326],[7.3069],[7.4362],[7.6179],[7.8078],[7.9381],[7.9775],[7.9326],[7.8537],[7.7693],[7.672],[7.5225],[7.3106],[7.0821],[6.9317],[6.9151],[7.0069],[7.1583],[7.3005],[7.4298],[7.6005],[7.8069],[8.0225],[8.1628],[8.1729],[8.0307],[8.1509],[8.3216],[8.5601],[8.8381],[9.1161],[9.3179],[9.3968],[9.3601],[9.2619],[9.1748],[9.1436],[9.1161],[9.0252],[8.8106],[8.5491],[8.3472],[8.2665],[8.2757],[8.283],[8.2298],[8.2078],[8.339],[8.6784],[9.1124],[9.4537],[9.6096],[9.0041],[9.2381],[9.6115],[10.0454],[10.45],[10.7638],[10.9472],[10.9904],[10.9234],[10.8298],[10.806],[10.9005],[11.0032],[10.9821],[10.7408],[10.3463],[9.9665],[9.7014],[9.5482],[9.4005],[9.2307],[9.2142],[9.5509],[10.2555],[11.0665],[11.6106],[11.7307],[10.1234],[10.4417],[10.905],[11.3849],[11.806],[12.1307],[12.3656],[12.4977],[12.5326],[12.4995],[12.4995],[12.617],[12.7583],[12.7509],[12.4766],[12.0106],[11.5812],[11.3702],[11.3619],[11.4252],[11.5078],[11.828],[12.6197],[13.8436],[15.0252],[15.6087],[15.3454],[11.2133],[11.4546],[11.7977],[12.1757],[12.5876],[13.0573],[13.5693],[14.005],[14.2555],[14.2638],[14.1436],[14.0803],[14.0628],[13.9821],[13.695],[13.2858],[13.0362],[13.1564],[13.6115],[14.1555],[14.6922],[15.4417],[16.672],[18.328],[19.8491],[20.5271],[20.0683],[12.1005],[12.139],[12.3005],[12.6491],[13.2619],[14.1179],[15.1096],[15.9702],[16.4427],[16.4179],[16.0693],[15.6739],[15.3959],[15.1601],[14.8179],[14.4372],[14.3188],[14.6867],[15.4427],[16.261],[16.995],[17.8628],[19.2509],[21.1583],[23.0463],[24.2161],[24.361],[12.8133],[12.7564],[12.9491],[13.5766],[14.6702],[16.0922],[17.561],[18.7032],[19.2427],[19.1225],[18.5601],[17.9179],[17.395],[16.9518],[16.4509],[15.9417],[15.6885],[15.8968],[16.4757],[17.0794],[17.5995],[18.3417],[19.7096],[21.7491],[23.9243],[25.6803],[26.8528],[13.6482],[13.7665],[14.305],[15.4399],[17.105],[18.9702],[20.6188],[21.7197],[22.117],[21.9005],[21.2995],[20.6096],[19.9555],[19.3032],[18.5849],[17.8601],[17.3472],[17.2151],[17.3445],[17.5445],[17.8307],[18.5959],[20.1693],[22.3564],[24.5151],[26.1876],[27.5821],[15.0151],[15.5463],[16.506],[18.0096],[19.9096],[21.8023],[23.239],[24.0142],[24.1858],[23.9775],[23.5683],[23.017],[22.3271],[21.4913],[20.5794],[19.7518],[19.1546],[18.8573],[18.7564],[18.7702],[19.1408],[20.3188],[22.439],[24.9206],[26.7665],[27.4904],[27.7206],[17.1665],[18.095],[19.217],[20.6234],[22.1995],[23.6665],[24.6977],[25.1592],[25.2408],[25.1894],[25.072],[24.7289],[24.006],[23.0005],[21.9647],[21.1757],[20.7023],[20.4995],[20.4528],[20.5931],[21.2472],[22.8647],[25.4711],[28.2463],[29.872],[29.6757],[28.4032],[19.7078],[20.8032],[21.7812],[22.6775],[23.606],[24.5252],[25.2463],[25.6362],[25.8151],[25.9839],[26.1151],[25.9023],[25.1445],[24.0161],[22.9353],[22.1977],[21.8362],[21.7445],[21.8546],[22.205],[23.0151],[24.6087],[27.0739],[29.7381],[31.4069],[31.2206],[29.5683],[21.5867],[22.6261],[23.3261],[23.7445],[24.1427],[24.7362],[25.4014],[25.9142],[26.261],[26.5766],[26.8041],[26.6399],[25.9115],[24.8491],[23.8895],[23.2317],[22.8766],[22.7693],[22.9867],[23.5326],[24.3261],[25.405],[26.9592],[28.8757],[30.4876],[30.9913],[30.2445],[21.9592],[22.7894],[23.3243],[23.5619],[23.8317],[24.3748],[25.0986],[25.6977],[26.0986],[26.4271],[26.6647],[26.5922],[26.094],[25.3922],[24.8069],[24.3986],[24.0546],[23.8931],[24.183],[24.9096],[25.6757],[26.195],[26.6408],[27.4142],[28.5161],[29.4069],[29.5959],[20.9702],[21.5573],[22.0115],[22.3206],[22.6683],[23.2307],[23.8867],[24.3995],[24.7381],[25.0509],[25.3564],[25.4876],[25.4041],[25.2674],[25.2133],[25.1408],[24.9372],[24.795],[25.0858],[25.8298],[26.5142],[26.7252],[26.594],[26.6105],[27.0436],[27.6261],[27.8693],[19.5683],[19.906],[20.2555],[20.6096],[21.0014],[21.4592],[21.8922],[22.2234],[22.4995],[22.839],[23.2528],[23.6353],[23.9601],[24.2959],[24.6133],[24.7491],[24.6683],[24.6298],[24.8665],[25.3124],[25.6307],[25.6913],[25.6867],[25.8555],[26.128],[26.2711],[26.0078]]},{"header":{"disciplineName":["Meteorological products"],"parameterCategory":[2],"parameterCategoryName":["u-component of wind"],"parameterNumberName":["u-component of wind"],"parameterNumber":[2],"parameterUnits":["m s-1"],"refTime":["2017-03-17T0000:00.000Z"],"numberPoints":[621],"nx":[27],"ny":[23],"lo1":[-20],"la1":[70],"lo2":[45],"la2":[45],"dx":[2.5],"dy":[2.5]},"data":[[0.7954],[1.089],[1.3633],[1.6028],[1.8376],[2.078],[2.3394],[2.6358],[2.9743],[3.3266],[3.6716],[3.9725],[4.1927],[4.322],[4.345],[4.2826],[4.167],[4.0138],[3.8706],[3.7413],[3.6413],[3.556],[3.4881],[3.422],[3.3459],[3.2633],[3.1807],[1.3037],[1.8927],[2.3936],[2.7963],[3.1183],[3.3945],[3.6505],[3.9422],[4.2716],[4.6257],[4.9651],[5.2257],[5.3688],[5.3661],[5.2147],[4.9422],[4.6101],[4.2578],[3.9541],[3.7128],[3.5477],[3.445],[3.3972],[3.3569],[3.3193],[3.2835],[3.2505],[2.0422],[2.8083],[3.4835],[4.0431],[4.4578],[4.778],[5.0349],[5.2835],[5.5394],[5.7945],[6.0092],[6.1239],[6.0963],[5.8945],[5.5477],[5.0908],[4.6092],[4.167],[3.8239],[3.5963],[3.4917],[3.4835],[3.5486],[3.6358],[3.7367],[3.8257],[3.8972],[3.3193],[4.0523],[4.767],[5.3725],[5.8394],[6.1505],[6.3431],[6.4394],[6.4734],[6.4679],[6.3835],[6.2028],[5.9138],[5.5046],[5.0367],[4.5633],[4.1505],[3.8413],[3.6596],[3.6083],[3.6587],[3.7972],[3.9881],[4.1982],[4.4064],[4.5881],[4.7394],[5.1532],[5.6917],[6.2541],[6.7826],[7.1706],[7.378],[7.4147],[7.2817],[7.0477],[6.7174],[6.3037],[5.8339],[5.3174],[4.8055],[4.3706],[4.0587],[3.9009],[3.8844],[3.9624],[4.0954],[4.2486],[4.4147],[4.5982],[4.7881],[4.9945],[5.1835],[5.3367],[7.0064],[7.2349],[7.5257],[7.7972],[7.9817],[8.0009],[7.8606],[7.5697],[7.1752],[6.7128],[6.189],[5.6312],[5.0697],[4.5835],[4.2486],[4.1037],[4.1514],[4.3257],[4.5367],[4.7138],[4.8229],[4.8862],[4.9505],[5.0606],[5.2239],[5.4156],[5.622],[8.3404],[8.2101],[8.1303],[8.0523],[7.9431],[7.7633],[7.5046],[7.1991],[6.867],[6.5202],[6.1596],[5.7523],[5.3275],[4.9284],[4.633],[4.4936],[4.5138],[4.6257],[4.7404],[4.8028],[4.7899],[4.755],[4.7761],[4.8963],[5.1138],[5.4101],[5.7339],[9.0642],[8.545],[8.0569],[7.645],[7.2991],[7.0275],[6.7578],[6.5073],[6.2917],[6.1248],[5.9743],[5.8046],[5.5798],[5.3037],[5.0284],[4.8101],[4.6844],[4.611],[4.5422],[4.4468],[4.3596],[4.3431],[4.4541],[4.6963],[5.0431],[5.4257],[5.8257],[9.1835],[8.3064],[7.4991],[6.8771],[6.4807],[6.2349],[6.0468],[5.8477],[5.6128],[5.4073],[5.2688],[5.1872],[5.1339],[5.0624],[4.9697],[4.8706],[4.7706],[4.655],[4.5193],[4.3596],[4.2606],[4.3028],[4.5138],[4.8679],[5.256],[5.6028],[5.8908],[8.6028],[7.5688],[6.6349],[5.9413],[5.5716],[5.4404],[5.3761],[5.2009],[4.8771],[4.4661],[4.111],[3.9358],[3.9459],[4.0991],[4.3028],[4.5211],[4.6817],[4.7569],[4.7055],[4.5807],[4.4899],[4.5422],[4.7725],[5.1193],[5.4468],[5.6606],[5.7716],[7.4642],[6.5624],[5.6495],[4.9055],[4.5073],[4.4505],[4.556],[4.5807],[4.3688],[3.945],[3.4725],[3.1569],[3.0789],[3.2165],[3.5037],[3.8477],[4.1835],[4.4037],[4.4725],[4.4138],[4.3321],[4.3486],[4.5248],[4.789],[5.0257],[5.1468],[5.1899],[6.1679],[5.5275],[4.7165],[3.9312],[3.456],[3.455],[3.8514],[4.3606],[4.6743],[4.6798],[4.4422],[4.1257],[3.8514],[3.6651],[3.5807],[3.5963],[3.6881],[3.8009],[3.844],[3.7862],[3.6972],[3.6661],[3.7569],[3.9257],[4.0569],[4.1073],[4.1606],[4.8284],[4.4174],[3.8514],[3.2468],[2.9165],[3.1248],[3.855],[4.8532],[5.7624],[6.3404],[6.5477],[6.4468],[6.1055],[5.6083],[5.0321],[4.5275],[4.1771],[3.9927],[3.855],[3.6954],[3.5128],[3.4037],[3.4239],[3.5266],[3.5798],[3.5165],[3.4101],[3.3908],[3.311],[3.2798],[3.2908],[3.4752],[3.955],[4.7422],[5.667],[6.5183],[7.1688],[7.6211],[7.8312],[7.7706],[7.4211],[6.8394],[6.2349],[5.7358],[5.3734],[5.0404],[4.6606],[4.2881],[4.0743],[4.1239],[4.3532],[4.5046],[4.356],[3.9],[2.4413],[2.9239],[3.6789],[4.4771],[5.1459],[5.6073],[5.8394],[5.8422],[5.7661],[5.7899],[6.0697],[6.5596],[7.0239],[7.2697],[7.2468],[7.0725],[6.8633],[6.6202],[6.2358],[5.7046],[5.2009],[4.9954],[5.2596],[5.8505],[6.3596],[6.3202],[5.5349],[2.8927],[3.9752],[5.2073],[6.2734],[6.8587],[6.7789],[6.0394],[4.878],[3.7092],[3.0046],[3.0156],[3.6211],[4.4569],[5.1422],[5.5752],[5.8138],[5.967],[5.9936],[5.8275],[5.4982],[5.2376],[5.3138],[5.8624],[6.7303],[7.4835],[7.5761],[6.7202],[4.4954],[5.6156],[6.522],[6.989],[6.845],[6.0312],[4.6615],[3.0651],[1.6853],[0.9138],[0.8917],[1.4174],[2.0807],[2.5468],[2.7789],[2.9174],[3.1321],[3.4138],[3.7257],[4.0615],[4.5165],[5.0972],[5.745],[6.2872],[6.5761],[6.4394],[5.6972],[5.2651],[5.7092],[5.6431],[5.1165],[4.2193],[3.111],[1.9862],[1.0495],[0.4596],[0.267],[0.3899],[0.6165],[0.7083],[0.5578],[0.245],[0.0248],[0.1101],[0.5972],[1.4468],[2.5853],[3.8284],[4.8055],[5.1239],[4.7083],[3.8679],[3.0569],[2.5174],[3.3615],[2.967],[2.1174],[1.056],[0.0275],[-0.7183],[-1.0422],[-0.9174],[-0.544],[-0.2028],[-0.0954],[-0.2394],[-0.5541],[-0.9431],[-1.3009],[-1.4881],[-1.3193],[-0.6963],[0.3862],[1.7972],[3.2037],[4.0578],[3.8367],[2.4789],[0.6404],[-0.7055],[-1.0385],[-1.0532],[-1.7165],[-2.578],[-3.3633],[-3.8826],[-4.0248],[-3.7239],[-3.044],[-2.2936],[-1.8661],[-1.9202],[-2.2083],[-2.3606],[-2.2037],[-1.8679],[-1.4596],[-0.9789],[-0.3725],[0.389],[1.2073],[1.8807],[2.0596],[1.3972],[-0.1257],[-1.9349],[-3.1404],[-3.2661],[-6.1679],[-6.4945],[-6.7899],[-6.9037],[-6.8431],[-6.645],[-6.2817],[-5.6945],[-5.0486],[-4.678],[-4.667],[-4.6872],[-4.2789],[-3.3312],[-2.1752],[-1.1835],[-0.4844],[-0.0606],[0.0807],[-0.1037],[-0.5413],[-1.1211],[-1.8138],[-2.6431],[-3.4725],[-3.9826],[-4.0083],[-10.0761],[-10.0725],[-9.9495],[-9.645],[-9.3183],[-9.1596],[-9.0936],[-8.8578],[-8.3651],[-7.8404],[-7.4523],[-7],[-6.1578],[-4.9018],[-3.5569],[-2.4826],[-1.8119],[-1.5495],[-1.7771],[-2.4954],[-3.4477],[-4.1917],[-4.4661],[-4.3541],[-4.1413],[-4.0147],[-4.0523],[-11.5963],[-11.733],[-11.6862],[-11.4128],[-11.1661],[-11.2156],[-11.5083],[-11.6422],[-11.3587],[-10.7587],[-10.0927],[-9.3945],[-8.5651],[-7.6],[-6.6385],[-5.8101],[-5.1936],[-4.8578],[-4.9073],[-5.3128],[-5.7743],[-5.9018],[-5.5266],[-4.8303],[-4.1633],[-3.8064],[-3.7578]]},{"header":{"disciplineName":["Meteorological products"],"parameterCategory":[2],"parameterCategoryName":["v-component of wind"],"parameterNumberName":["v-component of wind"],"parameterNumber":[3],"parameterUnits":["m s-1"],"refTime":["2017-03-17T0000:00.000Z"],"numberPoints":[621],"nx":[27],"ny":[23],"lo1":[-20],"la1":[70],"lo2":[45],"la2":[45],"dx":[2.5],"dy":[2.5]},"data":[[-0.2606],[0.3211],[0.9908],[1.6908],[2.3862],[3.0339],[3.5835],[3.978],[4.2119],[4.2376],[4.0596],[3.7294],[3.2431],[2.6945],[2.1046],[1.5523],[1.0266],[0.567],[0.1761],[-0.1706],[-0.4615],[-0.7248],[-0.9266],[-1.0807],[-1.1697],[-1.1991],[-1.1789],[0.9422],[1.4211],[1.9156],[2.4394],[2.9706],[3.4927],[3.9752],[4.344],[4.5624],[4.5569],[4.3183],[3.8651],[3.2275],[2.4991],[1.7615],[1.0807],[0.4972],[0.0312],[-0.3211],[-0.5936],[-0.8202],[-1.0055],[-1.144],[-1.2422],[-1.2853],[-1.2725],[-1.2147],[2.4716],[2.7872],[3.0376],[3.2752],[3.5303],[3.8303],[4.1596],[4.4385],[4.5927],[4.5266],[4.1862],[3.5771],[2.7541],[1.8376],[0.9431],[0.1725],[-0.4294],[-0.8239],[-1.0477],[-1.1569],[-1.189],[-1.1771],[-1.1477],[-1.1193],[-1.0688],[-1.0174],[-0.9761],[3.7899],[4.0514],[4.1495],[4.1367],[4.1165],[4.1486],[4.2422],[4.3459],[4.3541],[4.1688],[3.7046],[2.9789],[2.0532],[1.0587],[0.1248],[-0.6202],[-1.1514],[-1.4294],[-1.4917],[-1.4],[-1.2147],[-0.9963],[-0.7917],[-0.6275],[-0.5294],[-0.5101],[-0.5633],[4.6615],[5.0193],[5.0862],[4.9138],[4.6294],[4.3394],[4.1211],[3.945],[3.7284],[3.3761],[2.8303],[2.1009],[1.2468],[0.3963],[-0.356],[-0.9422],[-1.3156],[-1.467],[-1.4459],[-1.2569],[-0.9596],[-0.6183],[-0.2982],[-0.0752],[0.0046],[-0.0789],[-0.3037],[5.1156],[5.5844],[5.645],[5.3284],[4.7771],[4.1679],[3.6073],[3.1239],[2.6853],[2.2],[1.6266],[0.9982],[0.3706],[-0.1908],[-0.6266],[-0.9394],[-1.1376],[-1.2275],[-1.2],[-1.0202],[-0.7183],[-0.3128],[0.0596],[0.3083],[0.3596],[0.189],[-0.1431],[5.1147],[5.5881],[5.5606],[5.1],[4.3651],[3.556],[2.8138],[2.2],[1.6615],[1.1174],[0.555],[0.0211],[-0.4266],[-0.7284],[-0.9018],[-1.0046],[-1.0853],[-1.144],[-1.1349],[-0.9661],[-0.6257],[-0.1505],[0.3183],[0.633],[0.7083],[0.5734],[0.2844],[4.4954],[4.8468],[4.7578],[4.2844],[3.5954],[2.8624],[2.2092],[1.6495],[1.1321],[0.6083],[0.0495],[-0.4734],[-0.8862],[-1.1183],[-1.2046],[-1.2321],[-1.2752],[-1.3183],[-1.2835],[-1.0468],[-0.5835],[0.0229],[0.6128],[1.0312],[1.2],[1.1817],[1.0596],[3.222],[3.4982],[3.5],[3.2761],[2.9046],[2.4688],[2.0119],[1.5248],[1.0147],[0.4615],[-0.1174],[-0.6239],[-1.0092],[-1.2193],[-1.3055],[-1.3606],[-1.4349],[-1.4826],[-1.4009],[-1.0734],[-0.4706],[0.2688],[0.9532],[1.4376],[1.678],[1.7642],[1.7514],[1.6697],[1.9725],[2.2211],[2.4037],[2.4697],[2.3321],[1.955],[1.3578],[0.6596],[-0.0037],[-0.5284],[-0.8642],[-1.0083],[-1.0422],[-1.0569],[-1.1339],[-1.2789],[-1.3835],[-1.3037],[-0.9239],[-0.2505],[0.5431],[1.2569],[1.7624],[2.0413],[2.155],[2.1615],[0.3284],[0.6532],[1.1037],[1.6486],[2.1101],[2.2211],[1.8138],[0.9743],[-0.0165],[-0.8385],[-1.267],[-1.2752],[-1.0376],[-0.7743],[-0.655],[-0.7495],[-0.978],[-1.1385],[-1.0578],[-0.645],[0.0413],[0.8128],[1.5156],[2.0248],[2.3679],[2.5495],[2.545],[-0.6073],[-0.4046],[0.0624],[0.8358],[1.6817],[2.1606],[1.9257],[0.9927],[-0.2349],[-1.2532],[-1.6927],[-1.5606],[-1.1064],[-0.7046],[-0.5706],[-0.7284],[-0.9899],[-1.1138],[-0.933],[-0.433],[0.2624],[0.9917],[1.6174],[2.1413],[2.5761],[2.9101],[3.0477],[-1.2807],[-1.2752],[-0.9128],[0.0514],[1.3945],[2.478],[2.7275],[1.9789],[0.6321],[-0.6651],[-1.4083],[-1.5248],[-1.2844],[-1.0734],[-1.1183],[-1.3661],[-1.5908],[-1.5477],[-1.1569],[-0.5156],[0.1899],[0.8505],[1.4138],[1.9174],[2.4055],[2.8541],[3.1688],[-1.7587],[-1.8275],[-1.4202],[-0.2009],[1.6202],[3.2789],[3.9872],[3.4376],[1.9899],[0.3817],[-0.7917],[-1.3477],[-1.5239],[-1.6651],[-1.956],[-2.2936],[-2.444],[-2.2523],[-1.7468],[-1.0459],[-0.3156],[0.4119],[1.0917],[1.6642],[2.055],[2.2771],[2.4349],[-1.7578],[-1.5798],[-0.9495],[0.4459],[2.3734],[4.0651],[4.7367],[4.1064],[2.5798],[0.8945],[-0.3624],[-1.078],[-1.4917],[-1.8862],[-2.3761],[-2.8156],[-3.011],[-2.8908],[-2.5165],[-1.945],[-1.1239],[0.0037],[1.2468],[2.1606],[2.3055],[1.7596],[1.0817],[-0.922],[-0.3413],[0.4936],[1.7239],[3.1358],[4.1404],[4.2055],[3.2991],[1.9156],[0.6615],[-0.1193],[-0.5514],[-0.9596],[-1.5349],[-2.2303],[-2.8431],[-3.2147],[-3.3569],[-3.311],[-2.9073],[-1.8578],[-0.0083],[2.1615],[3.5936],[3.4018],[1.6954],[-0.3064],[0.5917],[1.378],[2.0697],[2.7202],[3.1982],[3.2128],[2.6128],[1.622],[0.7385],[0.3092],[0.2431],[0.1202],[-0.3927],[-1.2817],[-2.2303],[-2.9752],[-3.4394],[-3.7284],[-3.8073],[-3.3835],[-1.9963],[0.4706],[3.2624],[4.9339],[4.2881],[1.5541],[-1.5321],[2.055],[2.5789],[2.767],[2.6817],[2.3688],[1.767],[0.989],[0.3092],[0.1018],[0.378],[0.6743],[0.444],[-0.4991],[-1.7835],[-2.8817],[-3.5156],[-3.7725],[-3.8193],[-3.6055],[-2.8294],[-1.1817],[1.2596],[3.711],[4.8587],[3.7101],[0.6092],[-2.6165],[2.7174],[2.6725],[2.2743],[1.7174],[1.1688],[0.6661],[0.2477],[0.0927],[0.322],[0.7807],[0.9009],[0.2046],[-1.1963],[-2.6578],[-3.5624],[-3.8202],[-3.6679],[-3.2826],[-2.5312],[-1.2725],[0.4128],[2.1119],[3.255],[3.2468],[1.7422],[-0.833],[-3.2119],[2.4239],[1.9193],[1.2367],[0.6697],[0.4385],[0.4606],[0.5532],[0.6706],[0.8881],[1.078],[0.8128],[-0.1807],[-1.6174],[-2.7817],[-3.2303],[-3.1165],[-2.7716],[-2.1972],[-1.1156],[0.4275],[1.8798],[2.5413],[2.1908],[1.1119],[-0.2991],[-1.7404],[-2.9138],[1.7028],[1.0936],[0.4725],[0.2037],[0.4257],[0.8954],[1.1936],[1.2046],[1.1],[0.9367],[0.5165],[-0.3229],[-1.2872],[-1.8835],[-1.9367],[-1.7578],[-1.6101],[-1.245],[-0.2798],[1.1101],[2.0826],[1.8835],[0.655],[-0.7183],[-1.5229],[-1.8018],[-2.1431],[1.1275],[0.6771],[0.2394],[0.2064],[0.6422],[1.1734],[1.3404],[1.0642],[0.6596],[0.3413],[0.0266],[-0.4018],[-0.8],[-0.945],[-0.8908],[-0.9376],[-1.1266],[-1.078],[-0.4835],[0.3743],[0.6853],[1.162e-09],[-1.2596],[-2.1615],[-2.1954],[-1.7963],[-1.8853],[0.7899],[0.467],[0.1046],[0.0881],[0.4385],[0.7862],[0.755],[0.3404],[-0.1147],[-0.3954],[-0.6037],[-0.7945],[-0.9055],[-0.8872],[-0.9358],[-1.2486],[-1.6303],[-1.6972],[-1.367],[-1.0807],[-1.3358],[-2.1303],[-2.8963],[-3.0817],[-2.678],[-2.2752],[-2.5174]]}]