html/data/WT_san09_ind_wt_11_3.json
[{"header":{"disciplineName":["Meteorological products"],"parameterCategory":[0],"parameterCategoryName":["Temperature"],"parameterNumberName":["Temperature"],"parameterNumber":[0],"parameterUnits":["K"],"refTime":["2017-03-17T0000:00.000Z"],"numberPoints":[621],"nx":[27],"ny":[23],"lo1":[-20],"la1":[70],"lo2":[45],"la2":[45],"dx":[2.5],"dy":[2.5]},"data":[[-8.9707],[-8.063],[-7.3174],[-6.713],[-6.2924],[-6.013],[-5.8446],[-5.7554],[-5.7283],[-5.7391],[-5.7674],[-5.8228],[-5.8978],[-6.013],[-6.1728],[-6.3815],[-6.6446],[-6.9587],[-7.3033],[-7.6717],[-8.0467],[-8.412],[-8.7598],[-9.1065],[-9.4565],[-9.825],[-10.2239],[-5.8315],[-5.2793],[-4.8891],[-4.6283],[-4.4848],[-4.4043],[-4.3641],[-4.3522],[-4.3543],[-4.3565],[-4.375],[-4.4207],[-4.5087],[-4.6587],[-4.8859],[-5.1946],[-5.5826],[-6.038],[-6.5272],[-7.0174],[-7.4957],[-7.9141],[-8.2815],[-8.5957],[-8.8859],[-9.1935],[-9.5402],[-3.4891],[-3.35],[-3.2935],[-3.262],[-3.2391],[-3.2098],[-3.1772],[-3.1457],[-3.1413],[-3.1587],[-3.2304],[-3.3326],[-3.5098],[-3.7457],[-4.0424],[-4.4163],[-4.85],[-5.3435],[-5.8674],[-6.388],[-6.8696],[-7.3033],[-7.6522],[-7.9337],[-8.1891],[-8.4554],[-8.7717],[-2.3174],[-2.3565],[-2.362],[-2.3],[-2.2076],[-2.0924],[-2],[-1.962],[-2.0185],[-2.1652],[-2.4022],[-2.6913],[-3.0141],[-3.3467],[-3.6793],[-4.0054],[-4.3413],[-4.7163],[-5.1098],[-5.5424],[-5.9728],[-6.3848],[-6.7533],[-7.0652],[-7.3674],[-7.6587],[-8.0022],[-1.7902],[-1.6848],[-1.5098],[-1.2772],[-1.0424],[-0.8663],[-0.7826],[-0.8228],[-1.0011],[-1.3217],[-1.7283],[-2.1783],[-2.6283],[-3.0315],[-3.3576],[-3.6196],[-3.838],[-4.0804],[-4.3717],[-4.7228],[-5.1228],[-5.5435],[-5.95],[-6.3315],[-6.6783],[-7.0185],[-7.362],[-1.1228],[-0.7913],[-0.4522],[-0.1543],[0.0717],[0.1826],[0.1804],[0.0489],[-0.1859],[-0.525],[-0.9489],[-1.413],[-1.8793],[-2.2935],[-2.6467],[-2.937],[-3.2],[-3.4826],[-3.8217],[-4.2391],[-4.6913],[-5.1446],[-5.5533],[-5.9065],[-6.2087],[-6.4815],[-6.7489],[-0.038],[0.337],[0.6359],[0.8033],[0.8728],[0.8478],[0.7533],[0.6109],[0.4283],[0.1935],[-0.1054],[-0.4707],[-0.8674],[-1.2804],[-1.6815],[-2.0696],[-2.475],[-2.9152],[-3.412],[-3.937],[-4.4424],[-4.8663],[-5.1924],[-5.3946],[-5.5489],[-5.6815],[-5.8391],[1.2109],[1.4717],[1.6174],[1.6587],[1.6196],[1.5217],[1.3978],[1.2533],[1.0957],[0.8902],[0.6283],[0.3011],[-0.0783],[-0.4783],[-0.8957],[-1.3087],[-1.7565],[-2.25],[-2.7685],[-3.2891],[-3.7413],[-4.0598],[-4.2478],[-4.3109],[-4.3152],[-4.3641],[-4.4772],[2.4141],[2.6],[2.7228],[2.7848],[2.7946],[2.7446],[2.6076],[2.3924],[2.0957],[1.738],[1.337],[0.9315],[0.538],[0.1554],[-0.1978],[-0.5609],[-0.925],[-1.3196],[-1.7152],[-2.0826],[-2.3739],[-2.5489],[-2.6272],[-2.6348],[-2.6391],[-2.687],[-2.7957],[3.6315],[3.862],[4.0674],[4.2489],[4.3554],[4.3315],[4.1543],[3.8087],[3.3565],[2.8663],[2.3924],[1.9891],[1.6533],[1.3293],[0.9978],[0.6402],[0.2652],[-0.1065],[-0.4261],[-0.65],[-0.762],[-0.7761],[-0.737],[-0.7163],[-0.7565],[-0.8565],[-0.9696],[4.9304],[5.1989],[5.4435],[5.6272],[5.7033],[5.6065],[5.362],[4.9707],[4.5424],[4.1598],[3.8772],[3.7022],[3.538],[3.3],[2.9098],[2.3967],[1.8196],[1.2891],[0.9163],[0.7446],[0.7793],[0.962],[1.1739],[1.3033],[1.2989],[1.1902],[1.0739],[6.1674],[6.4022],[6.5652],[6.6163],[6.5467],[6.3663],[6.0902],[5.7826],[5.5359],[5.4152],[5.437],[5.537],[5.5696],[5.4065],[4.9522],[4.2967],[3.562],[2.925],[2.4989],[2.3511],[2.5022],[2.8402],[3.25],[3.5446],[3.6348],[3.5772],[3.4598],[7.1707],[7.3587],[7.4337],[7.4054],[7.2902],[7.1141],[6.8924],[6.7098],[6.5804],[6.5772],[6.6848],[6.8543],[6.9457],[6.8293],[6.4576],[5.8913],[5.2946],[4.8065],[4.5207],[4.4457],[4.6141],[4.9924],[5.4315],[5.7935],[5.9707],[6.0326],[6.0609],[7.9533],[8.1163],[8.2304],[8.2989],[8.3152],[8.2761],[8.175],[8.025],[7.8587],[7.7207],[7.6663],[7.7011],[7.7467],[7.7065],[7.5174],[7.2022],[6.9098],[6.7098],[6.6076],[6.5902],[6.6935],[6.9598],[7.3293],[7.6554],[7.8663],[8.1065],[8.5315],[8.6826],[8.8348],[9.0391],[9.2826],[9.5207],[9.6489],[9.6185],[9.4598],[9.2174],[8.9446],[8.7348],[8.6554],[8.6924],[8.7293],[8.6674],[8.5022],[8.3413],[8.2478],[8.1848],[8.1326],[8.1717],[8.4348],[8.8717],[9.262],[9.4913],[9.8043],[10.5793],[9.4685],[9.5946],[9.8696],[10.2783],[10.638],[10.8163],[10.7935],[10.6533],[10.4576],[10.2728],[10.1174],[10.0717],[10.1337],[10.2043],[10.1359],[9.9033],[9.6293],[9.4207],[9.2837],[9.1815],[9.2793],[9.7685],[10.6022],[11.3217],[11.5739],[11.6207],[12.2022],[10.3446],[10.5207],[10.9076],[11.3793],[11.7348],[11.8478],[11.7837],[11.7033],[11.7109],[11.7696],[11.8185],[11.8348],[11.8435],[11.838],[11.6783],[11.3293],[10.9326],[10.6391],[10.4815],[10.4326],[10.662],[11.4565],[12.8022],[14.0402],[14.4207],[13.9641],[13.6402],[11.3804],[11.8141],[12.3457],[12.8174],[13.0696],[13.0935],[13.0076],[13.0435],[13.2772],[13.6011],[13.7946],[13.7478],[13.5674],[13.338],[13.075],[12.6935],[12.2935],[12.05],[12.0304],[12.1402],[12.4402],[13.2859],[14.8543],[16.537],[17.2565],[16.5652],[15.3065],[12.8609],[13.6043],[14.2391],[14.6272],[14.7402],[14.7152],[14.6978],[14.837],[15.2065],[15.6707],[15.9174],[15.7391],[15.2576],[14.763],[14.3728],[13.9783],[13.5641],[13.35],[13.4804],[13.8087],[14.1522],[14.7783],[16.0978],[17.9043],[19.113],[18.8174],[17.363],[14.8543],[15.7935],[16.4217],[16.6402],[16.6326],[16.6207],[16.7065],[16.8891],[17.2087],[17.6228],[17.8196],[17.5033],[16.7717],[16.0674],[15.6163],[15.2283],[14.7293],[14.3652],[14.5315],[15.1467],[15.7228],[16.1728],[16.9891],[18.4685],[19.9587],[20.3413],[19.3957],[16.9891],[17.937],[18.4696],[18.5826],[18.5402],[18.6065],[18.7554],[18.8391],[18.925],[19.088],[19.112],[18.6728],[17.8283],[17.0924],[16.8011],[16.6391],[16.1761],[15.65],[15.7217],[16.5707],[17.5739],[18.1696],[18.6065],[19.4674],[20.6163],[21.1859],[20.663],[18.5783],[19.4207],[19.9315],[20.0717],[20.1087],[20.2565],[20.4011],[20.3511],[20.1641],[20.0261],[19.8511],[19.3207],[18.5033],[17.9609],[18.062],[18.387],[18.2717],[17.7674],[17.6587],[18.4674],[19.737],[20.6457],[21.0283],[21.3163],[21.6848],[21.6761],[20.9109],[19.2326],[19.9185],[20.4457],[20.7217],[20.8891],[21.0652],[21.1815],[21.0967],[20.8576],[20.6239],[20.3685],[19.9011],[19.2913],[19.0326],[19.4793],[20.2348],[20.5587],[20.2609],[19.9565],[20.3435],[21.3587],[22.3902],[22.9957],[23.1554],[22.912],[22.1152],[20.7109]]},{"header":{"disciplineName":["Meteorological products"],"parameterCategory":[2],"parameterCategoryName":["u-component of wind"],"parameterNumberName":["u-component of wind"],"parameterNumber":[2],"parameterUnits":["m s-1"],"refTime":["2017-03-17T0000:00.000Z"],"numberPoints":[621],"nx":[27],"ny":[23],"lo1":[-20],"la1":[70],"lo2":[45],"la2":[45],"dx":[2.5],"dy":[2.5]},"data":[[3.4815],[3.887],[4.1967],[4.3989],[4.5413],[4.6457],[4.7457],[4.8598],[4.9924],[5.1359],[5.2978],[5.4543],[5.587],[5.6587],[5.6957],[5.662],[5.5815],[5.4598],[5.3022],[5.1348],[4.9533],[4.7804],[4.6109],[4.4457],[4.2913],[4.1457],[4.0217],[3.1163],[3.7424],[4.1935],[4.5272],[4.7674],[4.9652],[5.1533],[5.3707],[5.6076],[5.8826],[6.1489],[6.375],[6.5402],[6.5967],[6.5424],[6.362],[6.0935],[5.762],[5.3989],[5.05],[4.7587],[4.5239],[4.3565],[4.2467],[4.2011],[4.1728],[4.1946],[3.2207],[3.8522],[4.3717],[4.7935],[5.1554],[5.487],[5.8011],[6.1043],[6.3924],[6.6543],[6.8641],[6.9957],[7.0207],[6.9098],[6.662],[6.3],[5.8598],[5.3826],[4.9293],[4.5467],[4.2848],[4.1587],[4.1674],[4.287],[4.4804],[4.7098],[4.9402],[3.813],[4.2783],[4.7315],[5.1891],[5.6293],[6.0293],[6.3587],[6.6109],[6.7587],[6.8076],[6.762],[6.6402],[6.4467],[6.187],[5.8946],[5.5891],[5.288],[5.0304],[4.8304],[4.713],[4.6913],[4.7804],[4.9728],[5.2293],[5.5511],[5.8641],[6.1446],[4.937],[5.1935],[5.5543],[5.975],[6.3946],[6.7391],[6.95],[6.9957],[6.9022],[6.6804],[6.3848],[6.0533],[5.7402],[5.475],[5.3174],[5.2891],[5.3783],[5.5587],[5.7815],[5.9957],[6.188],[6.3674],[6.538],[6.7011],[6.863],[7],[7.1109],[6.4239],[6.5543],[6.8033],[7.0967],[7.3478],[7.4696],[7.4435],[7.2793],[7.037],[6.7489],[6.4457],[6.1554],[5.8891],[5.6946],[5.637],[5.738],[6.012],[6.3913],[6.7685],[7.0554],[7.2337],[7.3033],[7.3261],[7.3304],[7.337],[7.3337],[7.3163],[7.813],[7.8228],[7.8891],[7.9239],[7.863],[7.6663],[7.375],[7.0772],[6.838],[6.7163],[6.6663],[6.638],[6.5522],[6.4185],[6.2739],[6.2196],[6.2783],[6.4196],[6.5641],[6.6435],[6.6402],[6.6152],[6.6348],[6.737],[6.8848],[7.0315],[7.1261],[8.6467],[8.4587],[8.2598],[8],[7.6326],[7.187],[6.7087],[6.2967],[6.0739],[6.0533],[6.2185],[6.4337],[6.5674],[6.537],[6.3598],[6.1326],[5.9315],[5.7717],[5.6457],[5.5293],[5.4543],[5.4989],[5.7337],[6.1467],[6.6109],[6.9913],[7.213],[8.9011],[8.4207],[7.9511],[7.4946],[7.0326],[6.5446],[6.0304],[5.4989],[5.0804],[4.8543],[4.8848],[5.1076],[5.3826],[5.5859],[5.6424],[5.5902],[5.5065],[5.4087],[5.3391],[5.2935],[5.3543],[5.5891],[6.0359],[6.6054],[7.1348],[7.4598],[7.5359],[8.7859],[8.0685],[7.4054],[6.8391],[6.4087],[6.0174],[5.563],[4.9641],[4.2717],[3.6576],[3.3022],[3.3337],[3.638],[4.075],[4.5022],[4.8467],[5.1413],[5.4033],[5.638],[5.8663],[6.1435],[6.5054],[6.9467],[7.3859],[7.6641],[7.6826],[7.4804],[8.45],[7.6283],[6.8152],[6.1076],[5.5815],[5.2087],[4.838],[4.313],[3.6054],[2.875],[2.3728],[2.2511],[2.5033],[2.9652],[3.4913],[3.9902],[4.4707],[4.9533],[5.4185],[5.8326],[6.2098],[6.562],[6.8641],[7.0696],[7.0978],[6.9891],[6.8348],[7.7641],[6.987],[6.1054],[5.2217],[4.4989],[4.0337],[3.7446],[3.4967],[3.1728],[2.8348],[2.6174],[2.5957],[2.7478],[2.9663],[3.1848],[3.4087],[3.7239],[4.1261],[4.5402],[4.8891],[5.1478],[5.3272],[5.4685],[5.5674],[5.6315],[5.7522],[6.038],[6.7424],[6.1228],[5.35],[4.5174],[3.8239],[3.413],[3.3033],[3.3739],[3.5293],[3.7022],[3.9043],[4.0717],[4.1196],[4.013],[3.8391],[3.7402],[3.8359],[4.0587],[4.2674],[4.35],[4.2902],[4.2043],[4.2011],[4.3163],[4.5543],[4.9576],[5.6043],[5.6489],[5.212],[4.7402],[4.3272],[4.0957],[4.0815],[4.2196],[4.4185],[4.6641],[4.9587],[5.288],[5.5261],[5.538],[5.312],[5.05],[4.95],[5.0783],[5.2783],[5.3196],[5.088],[4.6978],[4.3641],[4.2891],[4.4891],[4.8641],[5.2935],[5.7761],[4.7011],[4.375],[4.2022],[4.2924],[4.6446],[5.0739],[5.35],[5.3772],[5.3076],[5.35],[5.5815],[5.8707],[6.0348],[6.0293],[6.0174],[6.1728],[6.4783],[6.7087],[6.6413],[6.2446],[5.7098],[5.3511],[5.3772],[5.7554],[6.2587],[6.5935],[6.6109],[3.8152],[3.6065],[3.5837],[3.8554],[4.3837],[4.8717],[5.0054],[4.7565],[4.4087],[4.3326],[4.6641],[5.2087],[5.7022],[6.0293],[6.2609],[6.5348],[6.8185],[6.9424],[6.8076],[6.4685],[6.1196],[6],[6.2565],[6.8467],[7.5359],[7.938],[7.7489],[3.0261],[3.1391],[3.2239],[3.3859],[3.613],[3.75],[3.613],[3.2761],[3.0587],[3.2804],[3.9576],[4.7848],[5.4457],[5.812],[5.9565],[5.987],[5.9413],[5.8109],[5.6707],[5.6022],[5.6609],[5.8728],[6.2739],[6.8891],[7.6424],[8.1978],[8.2076],[2.8598],[3.4576],[3.7696],[3.8413],[3.775],[3.6022],[3.3848],[3.2576],[3.4315],[3.988],[4.7413],[5.3728],[5.6783],[5.6272],[5.3533],[4.9598],[4.537],[4.2272],[4.1674],[4.4359],[4.888],[5.3304],[5.6783],[6.0641],[6.5739],[7.0641],[7.2457],[3.6109],[4.512],[5],[5.1391],[5.0761],[4.9859],[4.9739],[5.1435],[5.5304],[5.9728],[6.2304],[6.1272],[5.6804],[5.0587],[4.4109],[3.7913],[3.2457],[2.9272],[2.9946],[3.4793],[4.1315],[4.6489],[4.9348],[5.075],[5.2293],[5.3326],[5.2402],[4.4435],[5.0859],[5.4054],[5.5304],[5.6391],[5.8087],[6.0478],[6.3293],[6.5717],[6.5717],[6.1543],[5.3707],[4.4489],[3.6402],[3.0326],[2.5717],[2.2217],[2.062],[2.2163],[2.688],[3.2815],[3.7543],[4.0489],[4.1859],[4.162],[3.8413],[3.1967],[3.7402],[3.7935],[3.6674],[3.5837],[3.6957],[3.9435],[4.2],[4.3533],[4.3576],[4.0989],[3.5043],[2.7261],[2.0163],[1.5707],[1.3815],[1.3457],[1.3609],[1.4533],[1.6565],[1.975],[2.3043],[2.5717],[2.787],[2.9609],[2.9239],[2.4022],[1.3402],[0.8848],[0.5913],[0.1957],[-0.0696],[-0.0772],[0.025],[0.0739],[0.0674],[0.0489],[-0.0185],[-0.1957],[-0.4174],[-0.5402],[-0.4837],[-0.2609],[0.0804],[0.4533],[0.8087],[1.0859],[1.2717],[1.3533],[1.3065],[1.2207],[1.1685],[0.9837],[0.3641],[-0.7522],[-2.9402],[-3.0783],[-3.3228],[-3.5293],[-3.5761],[-3.6098],[-3.6957],[-3.712],[-3.5228],[-3.1902],[-2.8435],[-2.537],[-2.2783],[-2.0359],[-1.7413],[-1.3043],[-0.7467],[-0.2446],[0.0957],[0.2859],[0.3326],[0.175],[-0.2163],[-0.687],[-1.188],[-1.8891],[-2.8652]]},{"header":{"disciplineName":["Meteorological products"],"parameterCategory":[2],"parameterCategoryName":["v-component of wind"],"parameterNumberName":["v-component of wind"],"parameterNumber":[3],"parameterUnits":["m s-1"],"refTime":["2017-03-17T0000:00.000Z"],"numberPoints":[621],"nx":[27],"ny":[23],"lo1":[-20],"la1":[70],"lo2":[45],"la2":[45],"dx":[2.5],"dy":[2.5]},"data":[[1.4815],[1.8609],[2.2337],[2.5326],[2.7174],[2.7272],[2.5815],[2.2739],[1.8446],[1.3217],[0.7609],[0.2022],[-0.3217],[-0.7804],[-1.1554],[-1.462],[-1.6902],[-1.8652],[-2.0141],[-2.1511],[-2.275],[-2.388],[-2.4859],[-2.5446],[-2.5457],[-2.4946],[-2.3837],[3.0109],[3.1446],[3.2522],[3.2783],[3.2207],[3.0511],[2.7793],[2.4152],[1.9739],[1.4804],[0.9457],[0.3978],[-0.1402],[-0.6435],[-1.1011],[-1.4837],[-1.8087],[-2.0543],[-2.2554],[-2.4174],[-2.5511],[-2.6587],[-2.725],[-2.7348],[-2.6717],[-2.5152],[-2.288],[4.4272],[4.3391],[4.2098],[4.0413],[3.8054],[3.5196],[3.1641],[2.737],[2.2565],[1.7185],[1.113],[0.4533],[-0.2402],[-0.9293],[-1.5804],[-2.1304],[-2.5533],[-2.8293],[-2.9652],[-2.9837],[-2.9315],[-2.813],[-2.6554],[-2.4663],[-2.2457],[-1.9728],[-1.6685],[5.2457],[5.1043],[4.9315],[4.7207],[4.4293],[4.0478],[3.5674],[3.0185],[2.4065],[1.7272],[0.9739],[0.1652],[-0.6739],[-1.4902],[-2.2207],[-2.8065],[-3.1978],[-3.3739],[-3.3707],[-3.1935],[-2.9022],[-2.5489],[-2.1707],[-1.8022],[-1.4587],[-1.1576],[-0.8728],[5.5098],[5.5054],[5.4707],[5.3337],[4.9989],[4.4772],[3.7902],[2.9946],[2.1489],[1.2913],[0.4359],[-0.4065],[-1.1848],[-1.8761],[-2.4109],[-2.7793],[-2.9609],[-2.9924],[-2.8978],[-2.6859],[-2.3957],[-2.0272],[-1.6304],[-1.238],[-0.9022],[-0.6185],[-0.4043],[5.4554],[5.6609],[5.8011],[5.7141],[5.3087],[4.5837],[3.625],[2.5707],[1.5315],[0.5728],[-0.2989],[-1.0424],[-1.6261],[-2.012],[-2.188],[-2.1924],[-2.1163],[-2.0359],[-2.0033],[-1.9598],[-1.8837],[-1.6967],[-1.3848],[-1.0337],[-0.7098],[-0.4337],[-0.2228],[5.1554],[5.5152],[5.7272],[5.6207],[5.1],[4.2087],[3.1022],[1.9598],[0.9239],[0.0163],[-0.75],[-1.3924],[-1.8565],[-2.0761],[-2.0413],[-1.8348],[-1.6098],[-1.5174],[-1.5946],[-1.7478],[-1.813],[-1.6576],[-1.2859],[-0.812],[-0.3902],[-0.0891],[0.0978],[4.5598],[4.9511],[5.1511],[4.9837],[4.4152],[3.5033],[2.4424],[1.4413],[0.6022],[-0.0663],[-0.6522],[-1.2152],[-1.7141],[-2.0359],[-2.1152],[-1.9891],[-1.8228],[-1.7967],[-1.925],[-2.0772],[-2.0033],[-1.5859],[-0.8957],[-0.1717],[0.3348],[0.5446],[0.5728],[3.7011],[4.0728],[4.2391],[4.0837],[3.5739],[2.7424],[1.7717],[0.9087],[0.3],[-0.0696],[-0.3467],[-0.6967],[-1.1696],[-1.6402],[-1.987],[-2.1304],[-2.1728],[-2.238],[-2.337],[-2.3065],[-1.9326],[-1.138],[-0.1337],[0.7098],[1.0848],[0.9783],[0.6565],[2.738],[3.0891],[3.2663],[3.2054],[2.788],[2.0098],[1.0076],[0.0783],[-0.5054],[-0.6457],[-0.5174],[-0.4],[-0.5272],[-0.9022],[-1.3598],[-1.7304],[-1.9598],[-2.0913],[-2.1326],[-1.9304],[-1.3348],[-0.362],[0.6772],[1.35],[1.3696],[0.8522],[0.2087],[1.7685],[2.087],[2.2772],[2.287],[1.9859],[1.2511],[0.1554],[-0.9848],[-1.7087],[-1.7478],[-1.212],[-0.5283],[-0.1207],[-0.1739],[-0.5576],[-0.9826],[-1.2891],[-1.4196],[-1.3739],[-1.0924],[-0.4783],[0.3891],[1.1946],[1.5543],[1.2946],[0.5957],[-0.0837],[0.8326],[1.0793],[1.1978],[1.2478],[1.1054],[0.55],[-0.4609],[-1.6359],[-2.4565],[-2.5022],[-1.7859],[-0.7576],[0.0098],[0.2185],[-0.062],[-0.4739],[-0.7641],[-0.8326],[-0.7098],[-0.3783],[0.1641],[0.8239],[1.3707],[1.5457],[1.2978],[0.8304],[0.4891],[-0.0217],[0.1011],[0.137],[0.2348],[0.3087],[0.1022],[-0.562],[-1.5043],[-2.2543],[-2.363],[-1.7391],[-0.7696],[-0.0033],[0.2315],[0.0065],[-0.3859],[-0.6522],[-0.7098],[-0.5554],[-0.2207],[0.2989],[0.8761],[1.337],[1.537],[1.538],[1.55],[1.6913],[-0.7359],[-0.687],[-0.637],[-0.4033],[-0.0859],[0.0076],[-0.3337],[-1.0293],[-1.6663],[-1.8402],[-1.4402],[-0.7283],[-0.1261],[0.0957],[-0.05],[-0.3848],[-0.6924],[-0.8967],[-0.888],[-0.6011],[-0.0337],[0.6793],[1.2902],[1.663],[1.8957],[2.2185],[2.6543],[-1.2902],[-1.1924],[-0.9337],[-0.4598],[-0.0065],[0.1228],[-0.2391],[-0.8913],[-1.4663],[-1.637],[-1.337],[-0.787],[-0.2565],[0.0435],[0.0652],[-0.1761],[-0.6098],[-1.1228],[-1.4489],[-1.3141],[-0.6174],[0.4326],[1.4174],[2.0457],[2.3891],[2.6576],[2.9609],[-1.6152],[-1.3435],[-0.7913],[-0.1163],[0.313],[0.1793],[-0.4435],[-1.1924],[-1.6413],[-1.5826],[-1.1533],[-0.5946],[-0.1228],[0.1859],[0.2946],[0.0946],[-0.5152],[-1.3707],[-2.0848],[-2.1304],[-1.2967],[0.1685],[1.6826],[2.7293],[3.1685],[3.1815],[2.9935],[-1.5402],[-1.0783],[-0.3826],[0.2761],[0.4598],[0.0043],[-0.7913],[-1.4196],[-1.4924],[-1.0163],[-0.3283],[0.1783],[0.4065],[0.4359],[0.3554],[0.0391],[-0.6848],[-1.7511],[-2.6826],[-2.8489],[-1.9304],[-0.1446],[1.8793],[3.4478],[4.1576],[4.0065],[3.2717],[-0.8478],[-0.3163],[0.1978],[0.475],[0.2772],[-0.3359],[-0.9848],[-1.2022],[-0.7978],[0.0337],[0.7913],[1.0804],[0.8641],[0.4457],[0.05],[-0.413],[-1.1554],[-2.1826],[-3.0652],[-3.1978],[-2.2533],[-0.3641],[1.9261],[3.8902],[4.9283],[4.7913],[3.6848],[0.4413],[0.8239],[0.8641],[0.5859],[0.0685],[-0.4978],[-0.8033],[-0.6533],[-0.0663],[0.6859],[1.1978],[1.1815],[0.6815],[0.0402],[-0.4815],[-0.9598],[-1.6207],[-2.4522],[-3.0478],[-2.9413],[-1.925],[-0.113],[2.0728],[4.0391],[5.1293],[4.9337],[3.65],[1.8793],[1.8826],[1.4793],[0.8424],[0.2533],[-0.1011],[-0.1772],[-0.0239],[0.1978],[0.4033],[0.4533],[0.2478],[-0.1402],[-0.5326],[-0.8174],[-1.1522],[-1.7185],[-2.3457],[-2.5859],[-2.1],[-0.9261],[0.7207],[2.5304],[4.0826],[4.7674],[4.2239],[2.725],[2.6924],[2.325],[1.7478],[1.1848],[0.7913],[0.6217],[0.562],[0.3978],[0.0163],[-0.4196],[-0.7402],[-0.8598],[-0.8467],[-0.7391],[-0.6511],[-0.813],[-1.2946],[-1.7609],[-1.7054],[-0.9467],[0.262],[1.6098],[2.9489],[3.9783],[4.0924],[2.9826],[1.1054],[2.3957],[1.9152],[1.538],[1.2978],[1.1293],[0.9761],[0.7457],[0.2815],[-0.4315],[-1.1054],[-1.4217],[-1.2902],[-0.8783],[-0.3924],[-0.0543],[-0.0761],[-0.4435],[-0.7587],[-0.5728],[0.1196],[0.9522],[1.763],[2.6576],[3.4141],[3.2533],[1.7098],[-0.5522],[1.3533],[1.1022],[1.0685],[1.0674],[0.8739],[0.5109],[0.0772],[-0.4293],[-0.988],[-1.4087],[-1.4337],[-1.0239],[-0.4109],[0.1761],[0.5826],[0.6707],[0.4837],[0.288],[0.3924],[0.6793],[0.8272],[0.9576],[1.5174],[2.3098],[2.2696],[0.6511],[-1.7804]]}]