html/data/WT_san09_ind_wt_7_1.json
[{"header":{"disciplineName":["Meteorological products"],"parameterCategory":[0],"parameterCategoryName":["Temperature"],"parameterNumberName":["Temperature"],"parameterNumber":[0],"parameterUnits":["K"],"refTime":["2017-03-17T0000:00.000Z"],"numberPoints":[621],"nx":[27],"ny":[23],"lo1":[-20],"la1":[70],"lo2":[45],"la2":[45],"dx":[2.5],"dy":[2.5]},"data":[[1.9277],[1.9354],[1.9364],[1.9471],[1.9665],[2.0034],[2.0723],[2.1947],[2.3762],[2.6218],[2.9131],[3.2539],[3.5985],[3.95],[4.2597],[4.5121],[4.7083],[4.8403],[4.917],[4.9578],[4.9801],[5.0063],[5.0461],[5.116],[5.218],[5.3354],[5.4539],[2.5471],[2.6296],[2.7005],[2.7617],[2.8102],[2.8646],[2.9393],[3.0617],[3.2354],[3.483],[3.783],[4.1267],[4.4917],[4.8354],[5.1432],[5.3908],[5.5646],[5.685],[5.7432],[5.785],[5.8209],[5.8626],[5.9422],[6.0481],[6.1888],[6.3568],[6.5286],[3.4286],[3.5578],[3.6587],[3.7257],[3.7714],[3.8092],[3.8597],[3.9549],[4.1024],[4.3257],[4.6131],[4.9461],[5.2966],[5.6364],[5.9296],[6.1723],[6.3539],[6.4947],[6.6083],[6.7092],[6.818],[6.9403],[7.0665],[7.1966],[7.3374],[7.483],[7.618],[4.3568],[4.4558],[4.5102],[4.5442],[4.5636],[4.5772],[4.6238],[4.7228],[4.8956],[5.1471],[5.4626],[5.818],[6.1917],[6.5121],[6.7966],[7.0141],[7.1879],[7.3393],[7.4937],[7.6684],[7.8539],[8.0597],[8.25],[8.418],[8.5529],[8.6607],[8.75],[5.0403],[5.0665],[5.0782],[5.0947],[5.1141],[5.1519],[5.2432],[5.4005],[5.617],[5.9228],[6.2791],[6.6587],[7.016],[7.3102],[7.5306],[7.6762],[7.7762],[7.8655],[7.9908],[8.1733],[8.4092],[8.6762],[8.9403],[9.1859],[9.3879],[9.5481],[9.6743],[5.5956],[5.6112],[5.6248],[5.6568],[5.7325],[5.8296],[5.9752],[6.1626],[6.3917],[6.6714],[6.9762],[7.2782],[7.5636],[7.7694],[7.8995],[7.9626],[7.9995],[8.0481],[8.1597],[8.3471],[8.6102],[8.9257],[9.2704],[9.5908],[9.8782],[10.1277],[10.3617],[6.451],[6.4723],[6.4917],[6.5432],[6.6335],[6.7694],[6.9325],[7.1073],[7.2869],[7.4665],[7.651],[7.8257],[7.9801],[8.1005],[8.1879],[8.2597],[8.3597],[8.5102],[8.7316],[9.0131],[9.3578],[9.7306],[10.1053],[10.4539],[10.7568],[11.0102],[11.2257],[7.6578],[7.6209],[7.5597],[7.5451],[7.5947],[7.7189],[7.885],[8.0684],[8.2481],[8.4238],[8.5879],[8.715],[8.818],[8.9024],[8.9888],[9.1451],[9.383],[9.7189],[10.1073],[10.5257],[10.9083],[11.2888],[11.6471],[11.9714],[12.249],[12.4539],[12.5908],[8.8549],[8.6879],[8.5228],[8.4316],[8.4364],[8.5325],[8.7121],[8.9655],[9.282],[9.6316],[9.9714],[10.2461],[10.4083],[10.4782],[10.5209],[10.6325],[10.8782],[11.2345],[11.6209],[11.9597],[12.2325],[12.5015],[12.8092],[13.1791],[13.5422],[13.8374],[14.0539],[9.7801],[9.6015],[9.4966],[9.4733],[9.5112],[9.6073],[9.7917],[10.1189],[10.5917],[11.1811],[11.7791],[12.2529],[12.4917],[12.4966],[12.3646],[12.2597],[12.284],[12.4364],[12.5743],[12.6228],[12.6015],[12.6752],[12.985],[13.5112],[14.1199],[14.6277],[15.0393],[10.6131],[10.6568],[10.8354],[11.0558],[11.2277],[11.3617],[11.5442],[11.8752],[12.3898],[13.0529],[13.7218],[14.2549],[14.484],[14.3888],[14.0675],[13.7354],[13.5539],[13.5345],[13.5034],[13.3461],[13.1354],[13.1471],[13.5801],[14.3723],[15.2015],[15.7607],[16.0451],[11.5646],[11.9199],[12.4209],[12.8879],[13.2364],[13.5044],[13.7888],[14.1694],[14.6451],[15.1481],[15.6131],[15.9471],[16.0626],[15.8917],[15.5218],[15.1636],[15.0267],[15.1675],[15.3587],[15.4141],[15.382],[15.6063],[16.3393],[17.4675],[18.4481],[18.8005],[18.5024],[12.5782],[13.0888],[13.6956],[14.2879],[14.849],[15.4413],[16.1044],[16.7519],[17.2617],[17.5121],[17.5752],[17.5403],[17.4413],[17.2073],[16.849],[16.5451],[16.5947],[17.0597],[17.7267],[18.2762],[18.682],[19.2956],[20.4558],[22.0218],[23.3073],[23.649],[22.9791],[13.5005],[13.9908],[14.5597],[15.2733],[16.1908],[17.3374],[18.5937],[19.6782],[20.2694],[20.2801],[19.8927],[19.4257],[19.0228],[18.6189],[18.1083],[17.6665],[17.6296],[18.1908],[19.116],[19.9985],[20.6966],[21.5762],[23.0772],[25.1063],[27.0034],[27.9947],[27.9277],[14.4374],[14.9752],[15.6937],[16.7393],[18.2121],[19.9665],[21.7024],[22.9927],[23.517],[23.2442],[22.4888],[21.6471],[20.9063],[20.1684],[19.3121],[18.4811],[18.083],[18.3549],[19.1044],[19.885],[20.5354],[21.4335],[23.0704],[25.4131],[27.8568],[29.7432],[30.9257],[15.75],[16.6083],[17.7481],[19.3384],[21.3112],[23.3743],[25.083],[26.1005],[26.2801],[25.7539],[24.8248],[23.7908],[22.7714],[21.684],[20.4956],[19.384],[18.6888],[18.6063],[18.9558],[19.4005],[19.884],[20.785],[22.5209],[24.9422],[27.4189],[29.4539],[31.1879],[17.682],[18.9937],[20.5597],[22.4782],[24.5539],[26.3908],[27.582],[28.015],[27.8083],[27.2383],[26.4461],[25.4752],[24.316],[22.9995],[21.6966],[20.6325],[19.982],[19.7539],[19.7976],[19.985],[20.4684],[21.6374],[23.6597],[26.1218],[28.2005],[29.4442],[30.3384],[20.0568],[21.6345],[23.2917],[25.0141],[26.6374],[27.8558],[28.4558],[28.485],[28.2257],[27.9131],[27.5063],[26.7811],[25.5879],[24.1655],[22.9073],[22.0733],[21.6364],[21.3995],[21.2714],[21.3539],[21.9782],[23.4704],[25.8422],[28.4568],[30.3121],[30.8354],[30.4684],[22.216],[23.7471],[25.0917],[26.2345],[27.1539],[27.8015],[28.1374],[28.218],[28.2296],[28.3044],[28.2888],[27.8121],[26.7189],[25.316],[24.1451],[23.4607],[23.1034],[22.815],[22.5772],[22.6403],[23.2927],[24.7354],[26.9481],[29.5199],[31.6092],[32.4063],[31.8762],[23.3112],[24.5723],[25.5277],[26.1403],[26.5442],[26.9316],[27.3461],[27.715],[28.0092],[28.2947],[28.4558],[28.2209],[27.4228],[26.3209],[25.3947],[24.8102],[24.4393],[24.0888],[23.8811],[24.0034],[24.4714],[25.2791],[26.5636],[28.485],[30.7549],[32.5199],[33.0413],[22.8917],[23.8354],[24.5296],[24.9189],[25.1811],[25.5723],[26.1296],[26.6296],[26.9529],[27.1646],[27.3675],[27.4335],[27.215],[26.7811],[26.3481],[26.0238],[25.7393],[25.5102],[25.484],[25.6927],[25.883],[25.8714],[25.983],[26.8665],[28.7743],[31.0277],[32.4772],[21.3752],[21.9791],[22.5044],[22.884],[23.2189],[23.651],[24.1626],[24.5597],[24.7442],[24.8325],[25.0684],[25.482],[25.9383],[26.2714],[26.4199],[26.4277],[26.3568],[26.3558],[26.4995],[26.6335],[26.483],[25.9917],[25.5888],[25.917],[27.2063],[28.9442],[30.1752],[19.617],[19.8801],[20.2044],[20.5898],[20.9898],[21.384],[21.7383],[21.983],[22.0888],[22.183],[22.4752],[23.0927],[23.9451],[24.7306],[25.1927],[25.3248],[25.3636],[25.5141],[25.6345],[25.4112],[24.816],[24.2432],[24.285],[25.0325],[26.0966],[26.9083],[27.1005]]},{"header":{"disciplineName":["Meteorological products"],"parameterCategory":[2],"parameterCategoryName":["u-component of wind"],"parameterNumberName":["u-component of wind"],"parameterNumber":[2],"parameterUnits":["m s-1"],"refTime":["2017-03-17T0000:00.000Z"],"numberPoints":[621],"nx":[27],"ny":[23],"lo1":[-20],"la1":[70],"lo2":[45],"la2":[45],"dx":[2.5],"dy":[2.5]},"data":[[1.065],[1.1835],[1.2485],[1.2825],[1.3126],[1.3854],[1.5194],[1.734],[2.0175],[2.3311],[2.6447],[2.9097],[3.0981],[3.199],[3.2243],[3.2126],[3.1864],[3.1748],[3.2097],[3.2796],[3.367],[3.4379],[3.4806],[3.4641],[3.4068],[3.301],[3.1971],[1.533],[1.8573],[2.0553],[2.1612],[2.2117],[2.266],[2.365],[2.5612],[2.8291],[3.1272],[3.4136],[3.601],[3.6515],[3.566],[3.3728],[3.1282],[2.9029],[2.7553],[2.7155],[2.7835],[2.9214],[3.0932],[3.2184],[3.2854],[3.2592],[3.168],[3.0505],[2.1563],[2.6437],[3.0078],[3.235],[3.3505],[3.4155],[3.4893],[3.6078],[3.7786],[3.9563],[4.0835],[4.0981],[3.9534],[3.6709],[3.2621],[2.8184],[2.4233],[2.1583],[2.0524],[2.1107],[2.2777],[2.4951],[2.7049],[2.8524],[2.9272],[2.9262],[2.8903],[2.8485],[3.3583],[3.7961],[4.1223],[4.3272],[4.4388],[4.4835],[4.4786],[4.466],[4.4282],[4.3447],[4.1951],[3.9466],[3.6126],[3.2243],[2.8408],[2.5233],[2.3126],[2.2204],[2.2417],[2.3311],[2.4563],[2.5718],[2.6592],[2.7087],[2.7456],[2.7456],[3.866],[4.167],[4.499],[4.7942],[5.0214],[5.133],[5.1117],[4.9845],[4.7835],[4.5485],[4.3058],[4.0796],[3.866],[3.6971],[3.5495],[3.4621],[3.4175],[3.4117],[3.4087],[3.3932],[3.3282],[3.2214],[3.0845],[2.9476],[2.835],[2.7573],[2.6981],[5.4437],[5.3728],[5.3903],[5.4689],[5.5408],[5.5408],[5.4223],[5.2068],[4.9146],[4.6252],[4.3864],[4.2068],[4.1107],[4.0748],[4.1155],[4.2087],[4.3233],[4.435],[4.4913],[4.4388],[4.2748],[4.0058],[3.6981],[3.399],[3.1563],[2.9738],[2.8379],[7.3369],[6.8883],[6.4961],[6.2291],[6.0214],[5.8301],[5.6107],[5.3757],[5.165],[5.0126],[4.9359],[4.8951],[4.8602],[4.7835],[4.6718],[4.566],[4.5039],[4.4806],[4.4592],[4.3835],[4.2272],[4],[3.7495],[3.5223],[3.3602],[3.2592],[3.2097],[8.7184],[8.0058],[7.3408],[6.7922],[6.3699],[6.0466],[5.8049],[5.6408],[5.5689],[5.635],[5.7583],[5.8447],[5.7942],[5.534],[5.1097],[4.6204],[4.199],[3.9087],[3.7417],[3.6243],[3.5155],[3.4039],[3.3194],[3.3],[3.365],[3.4951],[3.6592],[8.8291],[8.0786],[7.3981],[6.8359],[6.4107],[6.1155],[5.9204],[5.8126],[5.8311],[5.9311],[6.068],[6.134],[6.0175],[5.6602],[5.1165],[4.5058],[3.9883],[3.6243],[3.3835],[3.2146],[3.0485],[2.9194],[2.8825],[3.0039],[3.265],[3.6019],[3.9524],[7.8252],[7.2641],[6.7786],[6.367],[6.0495],[5.832],[5.7204],[5.6757],[5.6495],[5.6],[5.5019],[5.3388],[5.1068],[4.8],[4.4524],[4.1233],[3.866],[3.6621],[3.4573],[3.2],[2.8767],[2.6],[2.4942],[2.6301],[2.9845],[3.4369],[3.8816],[6.5291],[6.2505],[5.9437],[5.5893],[5.266],[5.1],[5.1427],[5.2932],[5.3883],[5.2728],[4.9515],[4.5078],[4.1049],[3.8146],[3.6728],[3.6087],[3.5524],[3.4078],[3.133],[2.7223],[2.2709],[1.899],[1.7553],[1.8757],[2.2087],[2.6602],[3.1078],[5.2932],[5.1709],[4.9214],[4.5573],[4.2563],[4.2534],[4.6573],[5.2903],[5.8359],[5.9961],[5.7184],[5.1631],[4.5699],[4.1272],[3.8359],[3.5951],[3.266],[2.7913],[2.1942],[1.6068],[1.1524],[0.8883],[0.8078],[0.8476],[0.9786],[1.1777],[1.4874],[3.6563],[3.6058],[3.5282],[3.4592],[3.5786],[4.0854],[5.0097],[6.1524],[7.1107],[7.6058],[7.5398],[7.0524],[6.3718],[5.6796],[5.0126],[4.2883],[3.433],[2.4767],[1.5515],[0.8806],[0.5699],[0.5485],[0.5981],[0.5029],[0.2262],[-0.0767],[-0.1728],[1.6757],[1.8796],[2.365],[3.0913],[4.0204],[5.101],[6.2175],[7.2],[7.8738],[8.1718],[8.135],[7.8155],[7.2718],[6.566],[5.7495],[4.8544],[3.8738],[2.8689],[1.9961],[1.4447],[1.333],[1.5476],[1.7748],[1.6893],[1.199],[0.4447],[-0.2592],[0.5951],[1.3951],[2.6087],[4.0485],[5.4262],[6.4301],[6.8612],[6.7369],[6.2864],[5.8447],[5.6087],[5.5544],[5.4709],[5.1961],[4.7592],[4.2951],[3.8854],[3.466],[3.0447],[2.7505],[2.7466],[3.0757],[3.5505],[3.865],[3.7379],[3.0563],[1.9223],[1.366],[2.6835],[4.0913],[5.3204],[6.0427],[5.999],[5.1282],[3.6728],[2.1456],[1.1301],[0.8777],[1.2447],[1.7825],[2.1485],[2.3641],[2.6291],[3.001],[3.3359],[3.4447],[3.3612],[3.3524],[3.6757],[4.3951],[5.2903],[5.9417],[5.8699],[4.7961],[2.8078],[3.9767],[4.6563],[4.6524],[3.9233],[2.5777],[0.8689],[-0.9049],[-2.3699],[-3.1796],[-3.1544],[-2.4806],[-1.5893],[-0.7932],[-0.1301],[0.5748],[1.3845],[2.0874],[2.5126],[2.6612],[2.8049],[3.1913],[3.9524],[5.0126],[6.0272],[6.4816],[5.8602],[2.5534],[2.8466],[2.3835],[1.1379],[-0.6078],[-2.3515],[-3.6534],[-4.3825],[-4.6883],[-4.7379],[-4.5583],[-4.1233],[-3.4699],[-2.7233],[-1.9466],[-1.1272],[-0.2893],[0.4563],[1.0777],[1.6709],[2.3437],[3.034],[3.5903],[3.9971],[4.3408],[4.5854],[4.4175],[-0.368],[-0.9641],[-2.0282],[-3.4485],[-4.9107],[-5.8748],[-5.9417],[-5.2301],[-4.3388],[-3.8621],[-3.934],[-4.1699],[-4.1097],[-3.599],[-2.7621],[-1.8117],[-0.9233],[-0.1136],[0.7515],[1.866],[3.166],[4.2049],[4.4019],[3.6738],[2.632],[2.0194],[1.9942],[-4.6505],[-5.4816],[-6.1796],[-6.7097],[-6.9874],[-6.8282],[-6.0068],[-4.6563],[-3.3883],[-2.8495],[-3.1437],[-3.7097],[-3.8641],[-3.3194],[-2.2816],[-1.0689],[0.0757],[1.0825],[2.0592],[3.2155],[4.535],[5.4903],[5.3252],[3.799],[1.7068],[0.2777],[0.0932],[-8.466],[-8.9233],[-8.8806],[-8.3408],[-7.5864],[-6.8456],[-6.0563],[-5.1175],[-4.2126],[-3.6835],[-3.5913],[-3.5854],[-3.2282],[-2.3845],[-1.2136],[0.1223],[1.4563],[2.5854],[3.3282],[3.7874],[4.2204],[4.5505],[4.2223],[2.8155],[0.7709],[-0.8573],[-1.3175],[-10.799],[-10.9126],[-10.5262],[-9.5932],[-8.5408],[-7.8369],[-7.5718],[-7.4204],[-7.0835],[-6.4854],[-5.6777],[-4.6981],[-3.6097],[-2.5631],[-1.5883],[-0.499],[0.7534],[1.8243],[2.1641],[1.7359],[1.1252],[0.8777],[0.834],[0.3738],[-0.6883],[-1.8485],[-2.5078],[-11.068],[-11.2796],[-11.166],[-10.5767],[-9.832],[-9.3854],[-9.4699],[-9.8311],[-10.0078],[-9.6311],[-8.6718],[-7.334],[-6.0272],[-5.0922],[-4.4485],[-3.7087],[-2.6379],[-1.666],[-1.4748],[-2.165],[-2.9961],[-3.1282],[-2.5029],[-1.8155],[-1.668],[-2.0602],[-2.5631]]},{"header":{"disciplineName":["Meteorological products"],"parameterCategory":[2],"parameterCategoryName":["v-component of wind"],"parameterNumberName":["v-component of wind"],"parameterNumber":[3],"parameterUnits":["m s-1"],"refTime":["2017-03-17T0000:00.000Z"],"numberPoints":[621],"nx":[27],"ny":[23],"lo1":[-20],"la1":[70],"lo2":[45],"la2":[45],"dx":[2.5],"dy":[2.5]},"data":[[-0.8689],[-0.6311],[-0.2825],[0.1718],[0.7107],[1.3078],[1.9058],[2.4592],[2.9107],[3.2359],[3.4136],[3.4583],[3.3942],[3.2553],[3.065],[2.8495],[2.5971],[2.3],[1.9553],[1.5437],[1.1049],[0.6631],[0.2534],[-0.0466],[-0.2184],[-0.2476],[-0.1427],[-0.1796],[-0.1],[0.0816],[0.4029],[0.8738],[1.468],[2.1029],[2.7117],[3.1874],[3.466],[3.535],[3.4155],[3.167],[2.8621],[2.5689],[2.3223],[2.1184],[1.9184],[1.7029],[1.4097],[1.0573],[0.6515],[0.2563],[-0.0583],[-0.2476],[-0.2728],[-0.1728],[0.7864],[0.6427],[0.5816],[0.7058],[1.0456],[1.5767],[2.2107],[2.8233],[3.2757],[3.4709],[3.3806],[3.0553],[2.5835],[2.0942],[1.6913],[1.4262],[1.3029],[1.2816],[1.2641],[1.1971],[1.0505],[0.8223],[0.5417],[0.2796],[0.0961],[-0.0097],[-0.0233],[1.6825],[1.4165],[1.2097],[1.168],[1.3631],[1.7709],[2.3058],[2.8175],[3.1689],[3.2466],[3.0262],[2.5748],[2.0058],[1.4476],[1.0214],[0.7874],[0.7272],[0.8],[0.9311],[1.0369],[1.0883],[1.0544],[0.9621],[0.8184],[0.6447],[0.4612],[0.2621],[2.266],[2.0816],[1.8913],[1.8],[1.8612],[2.0563],[2.3369],[2.6029],[2.7359],[2.665],[2.4019],[2],[1.5456],[1.1466],[0.8505],[0.6757],[0.6282],[0.6466],[0.7223],[0.8146],[0.9184],[1.0068],[1.0563],[1.0243],[0.8893],[0.6408],[0.2845],[2.4126],[2.4049],[2.3311],[2.2359],[2.165],[2.1126],[2.0757],[2.0126],[1.901],[1.7311],[1.5204],[1.3078],[1.133],[0.9981],[0.9078],[0.8107],[0.701],[0.5777],[0.4631],[0.4107],[0.4466],[0.5476],[0.6573],[0.6893],[0.5883],[0.3369],[-0.0621],[1.999],[2.0544],[2.0485],[1.9777],[1.8447],[1.666],[1.465],[1.2534],[1.0718],[0.9184],[0.832],[0.799],[0.8068],[0.8311],[0.8233],[0.7359],[0.5592],[0.3311],[0.1194],[-0.0155],[-0.0272],[0.0583],[0.1767],[0.234],[0.1777],[-0.0165],[-0.3049],[0.9864],[0.9631],[0.9816],[0.9942],[0.9942],[0.9544],[0.901],[0.8379],[0.7971],[0.7835],[0.7786],[0.768],[0.7262],[0.6301],[0.4777],[0.3019],[0.1136],[-0.0553],[-0.1825],[-0.2282],[-0.1922],[-0.0893],[0.0155],[0.0864],[0.0883],[0.0417],[-0.0466],[-0.3243],[-0.4097],[-0.3155],[-0.0922],[0.1951],[0.4971],[0.7592],[0.9427],[1.0631],[1.0981],[1.0495],[0.8835],[0.6107],[0.2835],[-0.0505],[-0.2874],[-0.3971],[-0.4019],[-0.3417],[-0.2689],[-0.1738],[-0.0738],[0.0495],[0.1816],[0.3214],[0.4553],[0.534],[-1.3971],[-1.4243],[-1.2301],[-0.8068],[-0.2252],[0.3835],[0.8816],[1.167],[1.2019],[1.0592],[0.8],[0.4641],[0.0709],[-0.3252],[-0.6282],[-0.7553],[-0.7039],[-0.5437],[-0.4029],[-0.3301],[-0.301],[-0.2243],[-0.0204],[0.3078],[0.6981],[1.0204],[1.1845],[-1.9311],[-1.9019],[-1.7291],[-1.3049],[-0.5932],[0.2379],[0.9165],[1.1709],[0.9505],[0.4476],[-0.1068],[-0.5621],[-0.8893],[-1.1],[-1.1825],[-1.1029],[-0.8932],[-0.6709],[-0.5534],[-0.5961],[-0.668],[-0.5757],[-0.201],[0.4398],[1.167],[1.7631],[2.0165],[-2.0786],[-2.1214],[-2.1864],[-1.934],[-1.1456],[0.001],[1.0136],[1.3583],[0.9272],[0.032],[-0.8602],[-1.4602],[-1.7544],[-1.8641],[-1.8602],[-1.7544],[-1.533],[-1.2874],[-1.1379],[-1.1272],[-1.1204],[-0.9204],[-0.3777],[0.499],[1.5291],[2.4447],[3.0049],[-2.1602],[-2.2786],[-2.5466],[-2.3573],[-1.3165],[0.3194],[1.7835],[2.3126],[1.7117],[0.4262],[-0.8777],[-1.7922],[-2.3272],[-2.6864],[-2.9777],[-3.1214],[-3.033],[-2.7068],[-2.2854],[-1.8951],[-1.5408],[-1.1553],[-0.5981],[0.1845],[1.2097],[2.3689],[3.4282],[-2.166],[-2.1641],[-2.267],[-1.7942],[-0.3495],[1.6903],[3.3301],[3.7155],[2.7641],[1.0456],[-0.6408],[-1.9146],[-2.8505],[-3.6718],[-4.4165],[-4.9078],[-4.9262],[-4.4437],[-3.6107],[-2.6621],[-1.8175],[-1.1951],[-0.7777],[-0.433],[0.1417],[1.167],[2.565],[-1.7893],[-1.399],[-1.0184],[-0.1039],[1.5476],[3.4223],[4.5485],[4.2981],[2.8447],[0.9223],[-0.8252],[-2.1981],[-3.3845],[-4.5369],[-5.5262],[-6.1291],[-6.1379],[-5.5505],[-4.5146],[-3.2223],[-1.9301],[-0.9534],[-0.499],[-0.5612],[-0.7175],[-0.3796],[0.7447],[-0.7107],[0.0107],[0.7068],[1.7019],[2.9913],[4.0437],[4.1612],[3.1816],[1.5709],[0.0097],[-1.233],[-2.3408],[-3.567],[-4.8262],[-5.7961],[-6.2515],[-6.2],[-5.7583],[-4.9369],[-3.6864],[-2.0796],[-0.4893],[0.4825],[0.4456],[-0.3748],[-1.1592],[-1.0427],[0.8854],[1.5505],[1.9951],[2.4301],[2.8243],[2.8126],[2.1107],[0.9369],[-0.1272],[-0.7272],[-1.1262],[-1.8864],[-3.167],[-4.5466],[-5.4757],[-5.8049],[-5.8146],[-5.7117],[-5.3417],[-4.2874],[-2.4087],[-0.1194],[1.6728],[2.0495],[0.8175],[-1.1515],[-2.3883],[2.2068],[2.4534],[2.2252],[1.8068],[1.3194],[0.6709],[-0.1689],[-0.8583],[-0.9786],[-0.6],[-0.3942],[-1.0485],[-2.5146],[-4.0583],[-5.0194],[-5.4107],[-5.6447],[-5.8641],[-5.7165],[-4.6359],[-2.5155],[0.1417],[2.3107],[2.9252],[1.5087],[-1.2029],[-3.4796],[2.4155],[2.2136],[1.4573],[0.5437],[-0.2019],[-0.7359],[-1.0922],[-1.0932],[-0.6194],[0.0709],[0.2816],[-0.4767],[-1.9359],[-3.3456],[-4.2379],[-4.7825],[-5.301],[-5.6553],[-5.2806],[-3.8485],[-1.632],[0.6427],[2.1874],[2.4087],[0.9845],[-1.6437],[-4.1505],[1.4951],[1.0689],[0.2437],[-0.5097],[-0.8534],[-0.7573],[-0.4583],[-0.0951],[0.2913],[0.5369],[0.3155],[-0.4583],[-1.4447],[-2.2029],[-2.7165],[-3.3117],[-4.0942],[-4.4544],[-3.7049],[-1.8786],[0.101],[1.2816],[1.4019],[0.766],[-0.3883],[-2.0437],[-3.8437],[0.3301],[-0.1078],[-0.6932],[-1.0233],[-0.801],[-0.1447],[0.5369],[0.901],[0.8505],[0.4515],[-0.1757],[-0.7883],[-1.0874],[-1.0252],[-1.0272],[-1.5709],[-2.5058],[-2.935],[-2.0689],[-0.2573],[1.1738],[1.1437],[-0.1748],[-1.5951],[-2.2641],[-2.4505],[-2.9291],[-0.1961],[-0.5544],[-0.9515],[-1.0777],[-0.7097],[0.0155],[0.6864],[0.9398],[0.6718],[0.0194],[-0.7485],[-1.2534],[-1.2194],[-0.7932],[-0.5369],[-0.9816],[-1.9534],[-2.5437],[-1.9786],[-0.6029],[0.268],[-0.4553],[-2.4728],[-4.267],[-4.5767],[-3.6515],[-2.8291],[-0.2078],[-0.4379],[-0.7748],[-0.9942],[-0.9126],[-0.5427],[-0.1243],[0.1],[-0.0282],[-0.4942],[-1.1816],[-1.7796],[-1.9748],[-1.7689],[-1.6175],[-2.0398],[-2.9874],[-3.7544],[-3.6233],[-2.6922],[-1.9728],[-2.5136],[-4.3126],[-6.1447],[-6.6117],[-5.5243],[-4.0466]]}]