html/data/WT_san09_ind_wt_2_6.json
[{"header":{"disciplineName":["Meteorological products"],"parameterCategory":[0],"parameterCategoryName":["Temperature"],"parameterNumberName":["Temperature"],"parameterNumber":[0],"parameterUnits":["K"],"refTime":["2017-03-17T0000:00.000Z"],"numberPoints":[621],"nx":[27],"ny":[23],"lo1":[-20],"la1":[70],"lo2":[45],"la2":[45],"dx":[2.5],"dy":[2.5]},"data":[[-13.9775],[-13.0243],[-12.1383],[-11.3488],[-10.6687],[-10.1167],[-9.6863],[-9.3751],[-9.1722],[-9.0599],[-9.0354],[-9.0886],[-9.2009],[-9.3804],[-9.6038],[-9.8734],[-10.1757],[-10.495],[-10.8284],[-11.1728],[-11.5102],[-11.8465],[-12.1781],[-12.5243],[-12.8927],[-13.274],[-13.7091],[-10.4652],[-9.8003],[-9.2442],[-8.7944],[-8.4249],[-8.1313],[-7.9091],[-7.7482],[-7.6599],[-7.6254],[-7.6781],[-7.8032],[-8.0184],[-8.3102],[-8.6722],[-9.0962],[-9.5629],[-10.0447],[-10.5266],[-10.9763],[-11.3892],[-11.7418],[-12.0488],[-12.3202],[-12.5722],[-12.8371],[-13.1406],[-7.1079],[-6.8722],[-6.7231],[-6.6213],[-6.5348],[-6.4558],[-6.3839],[-6.3342],[-6.3254],[-6.3833],[-6.5161],[-6.7488],[-7.0716],[-7.481],[-7.9652],[-8.495],[-9.0553],[-9.6295],[-10.1827],[-10.6898],[-11.1354],[-11.5009],[-11.7863],[-12.0091],[-12.188],[-12.3664],[-12.5792],[-4.9348],[-4.9488],[-4.9933],[-5.0231],[-5.0395],[-5.0295],[-5.0307],[-5.064],[-5.1599],[-5.3365],[-5.595],[-5.9442],[-6.3629],[-6.8313],[-7.3278],[-7.8254],[-8.3225],[-8.8102],[-9.2851],[-9.743],[-10.1705],[-10.5482],[-10.8693],[-11.136],[-11.3588],[-11.5629],[-11.7909],[-3.9623],[-3.912],[-3.8599],[-3.8073],[-3.7757],[-3.7804],[-3.8406],[-3.9675],[-4.1798],[-4.4728],[-4.8418],[-5.2646],[-5.7108],[-6.1541],[-6.5652],[-6.9436],[-7.2974],[-7.6471],[-8.0143],[-8.4161],[-8.8336],[-9.2623],[-9.6582],[-10.0102],[-10.3155],[-10.5886],[-10.8705],[-3.2611],[-3.0243],[-2.8342],[-2.7137],[-2.6892],[-2.7646],[-2.926],[-3.15],[-3.426],[-3.7465],[-4.1038],[-4.4868],[-4.8681],[-5.25],[-5.5898],[-5.9067],[-6.226],[-6.557],[-6.9284],[-7.3687],[-7.8465],[-8.3354],[-8.7816],[-9.1599],[-9.4576],[-9.7032],[-9.9395],[-2.0956],[-1.836],[-1.6833],[-1.6822],[-1.8149],[-2.0453],[-2.3225],[-2.5997],[-2.8664],[-3.1202],[-3.3763],[-3.6535],[-3.9535],[-4.2746],[-4.6149],[-4.981],[-5.3728],[-5.7985],[-6.2623],[-6.7658],[-7.2904],[-7.7933],[-8.2424],[-8.5728],[-8.7874],[-8.919],[-9.0436],[-0.6114],[-0.4974],[-0.5219],[-0.6985],[-0.9974],[-1.3535],[-1.7044],[-2.0026],[-2.2623],[-2.4939],[-2.7254],[-2.9693],[-3.2424],[-3.5529],[-3.9102],[-4.312],[-4.7506],[-5.1985],[-5.6553],[-6.1114],[-6.5751],[-7.0401],[-7.4623],[-7.788],[-7.9909],[-8.0822],[-8.1418],[0.6997],[0.7091],[0.6091],[0.3915],[0.0711],[-0.3038],[-0.6722],[-1.0289],[-1.3629],[-1.6991],[-2.0389],[-2.3594],[-2.6582],[-2.9512],[-3.2664],[-3.6354],[-4.0325],[-4.4178],[-4.7594],[-5.0646],[-5.374],[-5.7447],[-6.1541],[-6.5412],[-6.8354],[-7.0026],[-7.0956],[1.7553],[1.7868],[1.7646],[1.633],[1.3874],[1.0506],[0.664],[0.2512],[-0.1822],[-0.6319],[-1.0553],[-1.4073],[-1.6763],[-1.898],[-2.1646],[-2.5237],[-2.9541],[-3.3716],[-3.6933],[-3.9079],[-4.0827],[-4.3272],[-4.6588],[-5.0289],[-5.3348],[-5.5354],[-5.6541],[2.8015],[2.8728],[2.9056],[2.8301],[2.5974],[2.2488],[1.8395],[1.426],[1.0213],[0.6442],[0.3161],[0.0781],[-0.0716],[-0.2301],[-0.5208],[-1.0026],[-1.6295],[-2.2488],[-2.712],[-2.9781],[-3.1061],[-3.2208],[-3.3635],[-3.5231],[-3.6395],[-3.6962],[-3.7629],[3.895],[3.9243],[3.9167],[3.7886],[3.4962],[3.1032],[2.698],[2.3681],[2.1213],[1.9418],[1.8032],[1.7208],[1.6395],[1.4635],[1.0746],[0.4319],[-0.3664],[-1.1254],[-1.6874],[-2.0108],[-2.1459],[-2.1775],[-2.1401],[-2.036],[-1.8904],[-1.767],[-1.7617],[4.8874],[4.8711],[4.8108],[4.6535],[4.357],[3.9833],[3.6401],[3.3909],[3.2488],[3.1617],[3.0716],[2.9798],[2.8406],[2.5763],[2.1096],[1.45],[0.7424],[0.1471],[-0.2576],[-0.5003],[-0.6447],[-0.7056],[-0.6401],[-0.4529],[-0.2155],[-0.0442],[-0.0249],[5.7459],[5.7523],[5.7471],[5.6892],[5.5272],[5.2851],[5.0044],[4.7675],[4.5635],[4.3488],[4.095],[3.8336],[3.5629],[3.2529],[2.8278],[2.3371],[1.9009],[1.6313],[1.5126],[1.4161],[1.2693],[1.1389],[1.1313],[1.2746],[1.4307],[1.5213],[1.5605],[6.6009],[6.6763],[6.7798],[6.8985],[6.9342],[6.85],[6.6418],[6.3518],[6.0102],[5.5857],[5.1161],[4.6898],[4.3588],[4.1067],[3.8184],[3.4968],[3.2208],[3.1015],[3.0962],[3.0635],[2.9418],[2.867],[2.9909],[3.2132],[3.3354],[3.2886],[3.364],[7.505],[7.6184],[7.8079],[8.0395],[8.2178],[8.2471],[8.105],[7.8354],[7.4477],[6.9453],[6.3751],[5.8582],[5.5231],[5.3418],[5.1751],[4.9009],[4.5868],[4.3746],[4.288],[4.2354],[4.2243],[4.4319],[4.9582],[5.5523],[5.767],[5.5395],[5.436],[8.3746],[8.5471],[8.7944],[9.0693],[9.2939],[9.3775],[9.3196],[9.1617],[8.9073],[8.502],[7.9541],[7.3763],[6.9365],[6.7026],[6.5401],[6.2728],[5.898],[5.6032],[5.4962],[5.5272],[5.6956],[6.2015],[7.1775],[8.2424],[8.6775],[8.2155],[7.5804],[9.2956],[9.6167],[9.9506],[10.2319],[10.419],[10.5173],[10.5588],[10.557],[10.4904],[10.2886],[9.8459],[9.1863],[8.526],[8.0681],[7.8126],[7.5652],[7.2506],[7.0471],[7.119],[7.3728],[7.6956],[8.2687],[9.3833],[10.812],[11.6389],[11.2102],[10.0541],[10.5529],[11.0927],[11.5073],[11.7354],[11.8336],[11.9202],[12.0249],[12.1149],[12.1827],[12.1518],[11.8635],[11.2073],[10.3547],[9.6529],[9.2874],[9.0734],[8.836],[8.719],[8.9658],[9.4512],[9.85],[10.2424],[11.1553],[12.7582],[14.2237],[14.4173],[13.2763],[12.3705],[13.0371],[13.4494],[13.5675],[13.543],[13.5915],[13.7073],[13.7792],[13.8126],[13.8436],[13.7114],[13.1629],[12.2746],[11.4991],[11.1611],[11.0547],[10.8436],[10.6149],[10.7746],[11.3541],[11.8605],[12.1015],[12.7067],[14.2792],[16.3044],[17.4126],[16.8547],[14.6009],[15.2711],[15.6354],[15.6266],[15.5026],[15.4904],[15.5716],[15.5506],[15.4436],[15.3974],[15.2898],[14.8254],[14.019],[13.367],[13.2927],[13.5272],[13.4582],[13.0459],[12.9015],[13.4067],[14.1342],[14.5459],[14.9693],[16.1845],[18.1038],[19.5213],[19.3956],[16.8249],[17.4541],[17.7845],[17.7675],[17.6003],[17.5325],[17.5488],[17.4553],[17.2488],[17.0646],[16.8705],[16.395],[15.6599],[15.2208],[15.5623],[16.3459],[16.6956],[16.302],[15.8482],[16.136],[17.0658],[17.9015],[18.381],[18.9822],[19.9371],[20.5775],[20.1073],[18.5301],[19.1173],[19.5032],[19.5915],[19.4804],[19.3781],[19.357],[19.2833],[19.1336],[18.9471],[18.6985],[18.2155],[17.5851],[17.3506],[17.9705],[19.1816],[20.0278],[19.9009],[19.2763],[19.1909],[20.0354],[21.2225],[21.9886],[22.1652],[21.9465],[21.2699],[19.8974]]},{"header":{"disciplineName":["Meteorological products"],"parameterCategory":[2],"parameterCategoryName":["u-component of wind"],"parameterNumberName":["u-component of wind"],"parameterNumber":[2],"parameterUnits":["m s-1"],"refTime":["2017-03-17T0000:00.000Z"],"numberPoints":[621],"nx":[27],"ny":[23],"lo1":[-20],"la1":[70],"lo2":[45],"la2":[45],"dx":[2.5],"dy":[2.5]},"data":[[2.3363],[2.7737],[3.0982],[3.3187],[3.4678],[3.5637],[3.6444],[3.7415],[3.8725],[4.0368],[4.2117],[4.3871],[4.5158],[4.5865],[4.5906],[4.5316],[4.4146],[4.2702],[4.1216],[3.9836],[3.8754],[3.8041],[3.7643],[3.7614],[3.7801],[3.8199],[3.8895],[3.7199],[4.4],[4.8883],[5.1871],[5.3392],[5.4047],[5.4298],[5.4684],[5.5485],[5.6836],[5.8532],[6.0076],[6.1175],[6.1374],[6.0731],[5.9018],[5.669],[5.4012],[5.1275],[4.8971],[4.7129],[4.5772],[4.4912],[4.4468],[4.4409],[4.4678],[4.538],[5.4526],[6.1374],[6.6409],[6.976],[7.1643],[7.2497],[7.2807],[7.2889],[7.3029],[7.3187],[7.3404],[7.3205],[7.2292],[7.0491],[6.7743],[6.4228],[6.0444],[5.6813],[5.3778],[5.1591],[5.0228],[4.9661],[4.9678],[5.0082],[5.0825],[5.1901],[5.3199],[7.062],[7.507],[7.8801],[8.1848],[8.417],[8.5596],[8.6],[8.5509],[8.4199],[8.2316],[7.9977],[7.7064],[7.3596],[6.9602],[6.5287],[6.1129],[5.745],[5.4719],[5.3164],[5.2538],[5.2801],[5.338],[5.4251],[5.5251],[5.6404],[5.7807],[5.9608],[8.4772],[8.6058],[8.7801],[8.9883],[9.1842],[9.2819],[9.2363],[9.0386],[8.7199],[8.3281],[7.9047],[7.4766],[7.0374],[6.6222],[6.2573],[5.9737],[5.8222],[5.7936],[5.8655],[5.9871],[6.0965],[6.1433],[6.1398],[6.1088],[6.0871],[6.1363],[6.2702],[9.783],[9.731],[9.7415],[9.7918],[9.7825],[9.6497],[9.3649],[8.9526],[8.4889],[8.0596],[7.6977],[7.407],[7.1766],[6.9737],[6.8193],[6.7292],[6.738],[6.8409],[6.9877],[7.1035],[7.1181],[7.0135],[6.7953],[6.5327],[6.3123],[6.2111],[6.2485],[10.9515],[10.8497],[10.7263],[10.531],[10.2105],[9.7368],[9.1684],[8.5895],[8.1135],[7.8228],[7.7439],[7.7883],[7.8795],[7.9281],[7.9082],[7.8491],[7.783],[7.7287],[7.6655],[7.5684],[7.4023],[7.1655],[6.876],[6.5825],[6.3444],[6.1778],[6.1392],[11.6573],[11.4643],[11.1596],[10.7246],[10.1515],[9.4696],[8.7649],[8.1556],[7.7538],[7.6023],[7.7023],[7.9322],[8.1801],[8.331],[8.3386],[8.2082],[7.9626],[7.6538],[7.3146],[7.0023],[6.7673],[6.6292],[6.5854],[6.5807],[6.5532],[6.4655],[6.3392],[11.5842],[11.1795],[10.6813],[10.1058],[9.483],[8.848],[8.2421],[7.7339],[7.3363],[7.1035],[7.0263],[7.0608],[7.162],[7.2567],[7.2871],[7.2211],[7.0351],[6.7427],[6.4006],[6.1304],[6.0462],[6.2181],[6.5906],[7],[7.2497],[7.2409],[6.986],[10.8415],[10.2257],[9.5947],[8.9713],[8.4216],[7.9526],[7.5462],[7.1386],[6.7],[6.2257],[5.7749],[5.4158],[5.2029],[5.1637],[5.2596],[5.4099],[5.5415],[5.5836],[5.5673],[5.586],[5.7848],[6.248],[6.9135],[7.5626],[7.9561],[7.9509],[7.6187],[9.7889],[9.124],[8.4234],[7.7474],[7.1596],[6.7363],[6.431],[6.1485],[5.7918],[5.3181],[4.769],[4.2456],[3.8503],[3.655],[3.6819],[3.9023],[4.2327],[4.5795],[4.8865],[5.186],[5.5708],[6.114],[6.7649],[7.3795],[7.7392],[7.7637],[7.5298],[8.5187],[7.9462],[7.2485],[6.4825],[5.7959],[5.3187],[5.0854],[5.0222],[5.0199],[4.9766],[4.831],[4.5743],[4.2281],[3.8737],[3.6181],[3.5643],[3.7123],[4.0023],[4.3357],[4.6561],[4.9819],[5.3561],[5.7871],[6.2135],[6.531],[6.6801],[6.7205],[6.8047],[6.3772],[5.8064],[5.162],[4.6187],[4.3064],[4.2912],[4.5374],[4.952],[5.4363],[5.8404],[5.9936],[5.817],[5.3725],[4.8515],[4.4485],[4.2725],[4.2819],[4.3871],[4.4778],[4.5556],[4.6643],[4.8462],[5.1205],[5.4468],[5.7649],[6.0532],[4.7123],[4.4532],[4.2146],[4.069],[4.0708],[4.2462],[4.5556],[4.9614],[5.4702],[6.0614],[6.6269],[6.9713],[6.9749],[6.6667],[6.2491],[5.9251],[5.7462],[5.6368],[5.5035],[5.3292],[5.1614],[5.0813],[5.1404],[5.3561],[5.6731],[6.0287],[6.3117],[2.8275],[2.7942],[2.993],[3.4345],[4.0386],[4.6444],[5.0789],[5.3216],[5.4778],[5.7146],[6.1006],[6.4977],[6.755],[6.8743],[6.9789],[7.1754],[7.3795],[7.4322],[7.2561],[6.9567],[6.7187],[6.6404],[6.6889],[6.8532],[7.0959],[7.3474],[7.4626],[1.6526],[1.8561],[2.338],[3.0351],[3.786],[4.3596],[4.5889],[4.4842],[4.2661],[4.2392],[4.5667],[5.1649],[5.8339],[6.4497],[7.0608],[7.6994],[8.2468],[8.5018],[8.424],[8.224],[8.1298],[8.2029],[8.3199],[8.4205],[8.569],[8.783],[8.8988],[1.0918],[1.4661],[1.9784],[2.5292],[2.9784],[3.2053],[3.1772],[2.9901],[2.8468],[3.0053],[3.6058],[4.5246],[5.4749],[6.2474],[6.8509],[7.3947],[7.8842],[8.1754],[8.2614],[8.3181],[8.5439],[8.8719],[9.0953],[9.1725],[9.3322],[9.7404],[10.2041],[0.9719],[1.417],[1.8602],[2.1965],[2.3789],[2.4322],[2.4883],[2.6491],[2.9749],[3.5275],[4.3222],[5.2339],[5.9988],[6.4099],[6.5193],[6.5959],[6.8018],[7.0743],[7.369],[7.7404],[8.2836],[8.8515],[9.1994],[9.338],[9.6146],[10.2813],[11.1287],[1.5602],[2.0076],[2.3988],[2.6953],[2.8825],[3.0637],[3.4152],[4.0199],[4.7398],[5.4135],[5.9678],[6.3988],[6.5982],[6.4918],[6.2029],[6.0263],[6.1725],[6.5865],[7.0778],[7.624],[8.2637],[8.8772],[9.2684],[9.4772],[9.8129],[10.4772],[11.2421],[3.0246],[3.3901],[3.6561],[3.9],[4.1035],[4.3187],[4.7287],[5.3877],[6.1105],[6.6029],[6.7696],[6.7181],[6.5509],[6.324],[6.1567],[6.2544],[6.7117],[7.3515],[7.9117],[8.3082],[8.6409],[8.9585],[9.1942],[9.3626],[9.5912],[9.8959],[10.045],[4.4281],[4.6175],[4.6187],[4.6129],[4.5988],[4.552],[4.6205],[4.938],[5.4146],[5.7912],[5.9298],[5.9181],[5.9304],[6.0433],[6.3164],[6.8561],[7.6175],[8.352],[8.752],[8.7474],[8.5468],[8.3515],[8.2421],[8.2251],[8.2556],[8.1281],[7.586],[4.176],[4.1912],[3.9509],[3.7135],[3.5053],[3.2462],[3.0082],[2.993],[3.2801],[3.7415],[4.1865],[4.5942],[4.9977],[5.4129],[5.8696],[6.4532],[7.1415],[7.7023],[7.8614],[7.562],[7.0269],[6.5012],[6.1316],[5.9392],[5.8064],[5.438],[4.5444],[1.5743],[1.5345],[1.3117],[1.1696],[1.1637],[1.1497],[1.0561],[1.0357],[1.2778],[1.7556],[2.3632],[2.9766],[3.4936],[3.817],[3.9667],[4.1193],[4.4099],[4.6936],[4.7433],[4.5175],[4.1573],[3.8117],[3.5164],[3.2655],[3.0152],[2.5357],[1.6035]]},{"header":{"disciplineName":["Meteorological products"],"parameterCategory":[2],"parameterCategoryName":["v-component of wind"],"parameterNumberName":["v-component of wind"],"parameterNumber":[3],"parameterUnits":["m s-1"],"refTime":["2017-03-17T0000:00.000Z"],"numberPoints":[621],"nx":[27],"ny":[23],"lo1":[-20],"la1":[70],"lo2":[45],"la2":[45],"dx":[2.5],"dy":[2.5]},"data":[[0.1608],[0.3643],[0.6082],[0.8398],[1.017],[1.1205],[1.1263],[1.0316],[0.824],[0.5316],[0.1784],[-0.2029],[-0.5637],[-0.8673],[-1.0819],[-1.193],[-1.2047],[-1.1281],[-1.0117],[-0.8901],[-0.7877],[-0.7287],[-0.7205],[-0.7485],[-0.7942],[-0.8474],[-0.9047],[1.8713],[1.7936],[1.6906],[1.5766],[1.4491],[1.3135],[1.1708],[1.0082],[0.7988],[0.5251],[0.1901],[-0.1836],[-0.5673],[-0.9222],[-1.1965],[-1.3637],[-1.4211],[-1.3801],[-1.2819],[-1.1632],[-1.062],[-0.9819],[-0.9287],[-0.8784],[-0.8135],[-0.7327],[-0.6211],[3.5942],[3.1614],[2.6795],[2.1918],[1.7526],[1.3819],[1.0836],[0.8421],[0.6146],[0.352],[0.0199],[-0.3801],[-0.8275],[-1.2544],[-1.6058],[-1.8281],[-1.907],[-1.8561],[-1.7117],[-1.5292],[-1.3316],[-1.1433],[-0.952],[-0.7497],[-0.5368],[-0.2971],[-0.0743],[4.631],[4.0135],[3.331],[2.648],[1.9959],[1.4228],[0.9421],[0.5456],[0.2094],[-0.1298],[-0.5058],[-0.9409],[-1.4041],[-1.8263],[-2.1468],[-2.3082],[-2.3041],[-2.1643],[-1.9345],[-1.6585],[-1.3731],[-1.069],[-0.7316],[-0.3637],[0.0158],[0.3731],[0.6327],[4.9971],[4.4099],[3.7632],[3.0427],[2.2637],[1.462],[0.7094],[0.0556],[-0.4883],[-0.9538],[-1.3795],[-1.7871],[-2.155],[-2.4234],[-2.5333],[-2.4784],[-2.2795],[-2.0164],[-1.7567],[-1.524],[-1.3018],[-1.017],[-0.6287],[-0.1327],[0.4129],[0.9035],[1.2269],[4.9883],[4.5129],[3.9532],[3.2357],[2.3228],[1.2795],[0.2462],[-0.6538],[-1.3485],[-1.8573],[-2.2368],[-2.5386],[-2.7456],[-2.8023],[-2.662],[-2.3404],[-1.938],[-1.593],[-1.4082],[-1.3684],[-1.3754],[-1.2632],[-0.9181],[-0.317],[0.4099],[1.0942],[1.5626],[4.6614],[4.1749],[3.6152],[2.8339],[1.8053],[0.6287],[-0.5099],[-1.4123],[-2.0082],[-2.3573],[-2.569],[-2.7468],[-2.8789],[-2.8795],[-2.6626],[-2.2439],[-1.7585],[-1.4082],[-1.317],[-1.4637],[-1.6661],[-1.6789],[-1.348],[-0.6673],[0.207],[1.0427],[1.6573],[3.9088],[3.2854],[2.638],[1.8339],[0.8199],[-0.2924],[-1.3018],[-1.9918],[-2.3111],[-2.3573],[-2.3339],[-2.3988],[-2.5567],[-2.6906],[-2.6392],[-2.369],[-1.9994],[-1.7275],[-1.6889],[-1.8374],[-1.9825],[-1.8936],[-1.4468],[-0.7041],[0.1602],[0.9392],[1.5006],[2.8865],[2.1339],[1.4719],[0.7637],[-0.0889],[-1.0275],[-1.8889],[-2.4497],[-2.6094],[-2.4433],[-2.1865],[-2.0556],[-2.1368],[-2.3368],[-2.4772],[-2.4538],[-2.3228],[-2.2105],[-2.1906],[-2.1924],[-2.0544],[-1.6462],[-0.983],[-0.2421],[0.3936],[0.8398],[1.1076],[1.8725],[1.1123],[0.5363],[0.0216],[-0.6094],[-1.4094],[-2.3041],[-3.0357],[-3.3655],[-3.2304],[-2.7801],[-2.3012],[-2.0111],[-1.9626],[-2.0386],[-2.1357],[-2.207],[-2.2626],[-2.2825],[-2.1357],[-1.6889],[-0.952],[-0.131],[0.5012],[0.7696],[0.7304],[0.6257],[0.9959],[0.2725],[-0.2515],[-0.6316],[-1.0602],[-1.7503],[-2.7199],[-3.7269],[-4.3947],[-4.4398],[-3.8918],[-3.0386],[-2.2526],[-1.7608],[-1.5637],[-1.5427],[-1.6216],[-1.7327],[-1.7614],[-1.5468],[-0.9591],[-0.0871],[0.7515],[1.1942],[1.1222],[0.7251],[0.3819],[0.2415],[-0.5503],[-1.183],[-1.5678],[-1.8327],[-2.2649],[-3.0485],[-4.0532],[-4.8637],[-5.0819],[-4.5895],[-3.6509],[-2.6649],[-1.9316],[-1.5099],[-1.2994],[-1.1795],[-1.1123],[-1.0146],[-0.7392],[-0.169],[0.6275],[1.355],[1.6415],[1.4181],[0.9222],[0.562],[-0.3298],[-1.2433],[-2.0626],[-2.5263],[-2.624],[-2.6637],[-2.9766],[-3.6263],[-4.3228],[-4.6497],[-4.4158],[-3.7602],[-3.0146],[-2.4386],[-2.0374],[-1.6965],[-1.3275],[-0.9579],[-0.6199],[-0.2567],[0.2585],[0.9439],[1.5643],[1.8409],[1.6842],[1.3099],[1.048],[-0.6585],[-1.5415],[-2.3971],[-2.8456],[-2.8018],[-2.538],[-2.4649],[-2.7749],[-3.3216],[-3.7526],[-3.8175],[-3.545],[-3.1678],[-2.8626],[-2.624],[-2.2959],[-1.8287],[-1.293],[-0.8047],[-0.3632],[0.1456],[0.8105],[1.4696],[1.8883],[1.9164],[1.7105],[1.5193],[-0.8795],[-1.4626],[-2.0556],[-2.3439],[-2.2491],[-2.0018],[-1.9386],[-2.238],[-2.7825],[-3.2561],[-3.4129],[-3.2515],[-2.9731],[-2.7637],[-2.631],[-2.4591],[-2.1357],[-1.7158],[-1.3053],[-0.8965],[-0.3556],[0.4006],[1.2456],[1.8795],[2.0988],[1.986],[1.7684],[-1.0778],[-1.2526],[-1.4544],[-1.5526],[-1.5491],[-1.5795],[-1.8281],[-2.3187],[-2.8649],[-3.1953],[-3.1374],[-2.7626],[-2.3491],[-2.1228],[-2.1158],[-2.1678],[-2.1263],[-1.976],[-1.7673],[-1.4743],[-0.9322],[-0.0515],[0.9901],[1.8462],[2.2398],[2.1702],[1.8848],[-1.0918],[-0.9596],[-0.9263],[-0.9942],[-1.1789],[-1.5327],[-2.0544],[-2.6123],[-2.9854],[-2.9725],[-2.5561],[-1.9602],[-1.5474],[-1.5012],[-1.7327],[-1.9795],[-2.086],[-2.0667],[-1.9906],[-1.8234],[-1.3409],[-0.4146],[0.7842],[1.8678],[2.4807],[2.5556],[2.2684],[-0.6865],[-0.4532],[-0.4257],[-0.6257],[-1.0181],[-1.5637],[-2.1392],[-2.5754],[-2.6825],[-2.3532],[-1.7368],[-1.1977],[-1.0713],[-1.393],[-1.8532],[-2.1047],[-2.0772],[-1.952],[-1.8988],[-1.8257],[-1.4503],[-0.5444],[0.7702],[2.0942],[3.0222],[3.3585],[3.1567],[0.0596],[0.2398],[0.1526],[-0.1678],[-0.6713],[-1.238],[-1.7579],[-2.0942],[-2.0947],[-1.7374],[-1.2339],[-0.9655],[-1.1895],[-1.7129],[-2.0959],[-2.0515],[-1.707],[-1.4333],[-1.4111],[-1.4614],[-1.1713],[-0.2725],[1.1363],[2.6456],[3.8082],[4.3444],[4.1684],[0.8842],[0.8883],[0.7094],[0.3918],[-0.0357],[-0.5094],[-0.9842],[-1.3819],[-1.5509],[-1.448],[-1.2561],[-1.2778],[-1.5959],[-1.9076],[-1.8187],[-1.2673],[-0.6684],[-0.4304],[-0.5889],[-0.7784],[-0.5205],[0.3959],[1.8263],[3.3292],[4.4433],[4.855],[4.4673],[1.6673],[1.362],[1.1018],[0.8819],[0.6368],[0.3076],[-0.1491],[-0.6708],[-1.0889],[-1.2936],[-1.3807],[-1.5216],[-1.669],[-1.4883],[-0.7784],[0.1877],[0.8374],[0.8398],[0.4117],[0.076],[0.2643],[1.1047],[2.3953],[3.6895],[4.4573],[4.4164],[3.5918],[2.3573],[1.707],[1.3164],[1.1591],[1.0444],[0.8117],[0.3649],[-0.2064],[-0.7211],[-1.0287],[-1.1439],[-1.1842],[-1.0228],[-0.4076],[0.676],[1.7655],[2.2526],[2.014],[1.3982],[0.9023],[0.8409],[1.3702],[2.3947],[3.4462],[3.8474],[3.2655],[1.945],[2.652],[1.8292],[1.324],[1.1047],[0.9696],[0.7275],[0.2982],[-0.2363],[-0.6538],[-0.7953],[-0.6784],[-0.4023],[0.0936],[0.9287],[2.0146],[2.8848],[3.1287],[2.7778],[2.1351],[1.4754],[1.014],[1.0778],[1.8322],[2.7737],[2.955],[1.9456],[0.2608]]}]