html/data/WT_san09_ind_wt_8_2.json
[{"header":{"disciplineName":["Meteorological products"],"parameterCategory":[0],"parameterCategoryName":["Temperature"],"parameterNumberName":["Temperature"],"parameterNumber":[0],"parameterUnits":["K"],"refTime":["2017-03-17T0000:00.000Z"],"numberPoints":[621],"nx":[27],"ny":[23],"lo1":[-20],"la1":[70],"lo2":[45],"la2":[45],"dx":[2.5],"dy":[2.5]},"data":[[1.1622],[1.3615],[1.4989],[1.5874],[1.6414],[1.6939],[1.7694],[1.886],[2.0586],[2.296],[2.5781],[2.8867],[3.1896],[3.4536],[3.6615],[3.7853],[3.832],[3.8061],[3.7219],[3.6097],[3.486],[3.3737],[3.2867],[3.2198],[3.1716],[3.1378],[3.1047],[1.9637],[2.096],[2.1701],[2.2047],[2.2313],[2.2809],[2.386],[2.555],[2.8018],[3.1263],[3.486],[3.8622],[4.2126],[4.4845],[4.6665],[4.7414],[4.7176],[4.604],[4.4342],[4.2579],[4.0874],[3.945],[3.8486],[3.7939],[3.7694],[3.768],[3.7629],[2.8665],[2.9378],[2.9723],[3.0054],[3.0486],[3.1406],[3.2845],[3.4896],[3.7637],[4.0809],[4.4349],[4.7788],[5.0788],[5.3104],[5.445],[5.4845],[5.4306],[5.3126],[5.1565],[5.0004],[4.8608],[4.755],[4.6766],[4.6219],[4.5824],[4.5284],[4.4752],[3.6968],[3.7183],[3.7673],[3.845],[3.9608],[4.109],[4.296],[4.5097],[4.7536],[5.0248],[5.3155],[5.604],[5.8658],[6.0896],[6.2464],[6.3291],[6.3385],[6.2917],[6.2112],[6.1198],[6.0306],[5.9522],[5.8802],[5.7953],[5.691],[5.5536],[5.4018],[4.304],[4.3421],[4.4306],[4.5737],[4.7442],[4.9327],[5.1277],[5.3133],[5.5126],[5.7299],[5.9658],[6.2349],[6.5219],[6.7853],[7.0198],[7.168],[7.2464],[7.2486],[7.191],[7.1004],[7.0018],[6.9104],[6.832],[6.7442],[6.6399],[6.5183],[6.3644],[5.0378],[5.1255],[5.2478],[5.4011],[5.5529],[5.6982],[5.8255],[5.9478],[6.0658],[6.227],[6.4248],[6.6867],[6.9802],[7.2795],[7.545],[7.7284],[7.8155],[7.8212],[7.745],[7.6234],[7.5083],[7.4162],[7.3687],[7.3608],[7.3594],[7.3558],[7.3378],[6.2946],[6.4025],[6.4946],[6.5543],[6.5838],[6.5996],[6.6025],[6.6191],[6.6629],[6.7651],[6.9306],[7.1572],[7.4234],[7.6896],[7.9263],[8.1198],[8.245],[8.3112],[8.3162],[8.2888],[8.2558],[8.2586],[8.3126],[8.4176],[8.5335],[8.6349],[8.7061],[7.9299],[7.968],[7.9385],[7.8514],[7.7356],[7.6169],[7.5155],[7.4572],[7.473],[7.5773],[7.7615],[7.9932],[8.2291],[8.4522],[8.6514],[8.8536],[9.0694],[9.2946],[9.496],[9.655],[9.7759],[9.896],[10.0565],[10.2507],[10.4421],[10.5687],[10.6335],[9.3723],[9.2968],[9.1737],[9.0313],[8.8802],[8.7291],[8.5968],[8.5313],[8.5968],[8.7932],[9.0982],[9.4435],[9.7421],[9.9558],[10.1047],[10.2572],[10.4723],[10.7442],[11.0054],[11.1946],[11.3061],[11.4176],[11.6068],[11.9011],[12.2133],[12.4565],[12.6011],[10.3665],[10.2709],[10.2478],[10.2644],[10.2536],[10.1781],[10.0888],[10.0608],[10.191],[10.5198],[10.9982],[11.5126],[11.9176],[12.1342],[12.1773],[12.1464],[12.145],[12.1989],[12.2234],[12.1522],[12.0205],[11.9881],[12.2104],[12.6809],[13.2536],[13.7248],[14.0594],[11.1924],[11.2536],[11.5018],[11.8061],[12.0327],[12.1363],[12.1493],[12.1953],[12.3773],[12.75],[13.2795],[13.8478],[14.3047],[14.4917],[14.3939],[14.1277],[13.8428],[13.6169],[13.3781],[13.0622],[12.7558],[12.6924],[13.0939],[13.909],[14.7874],[15.3759],[15.6076],[12.132],[12.3853],[12.8586],[13.3845],[13.8464],[14.1939],[14.4601],[14.7076],[14.9745],[15.2831],[15.6579],[16.0766],[16.4234],[16.5356],[16.3306],[15.9212],[15.5313],[15.3047],[15.1953],[15.0745],[14.996],[15.245],[16.0529],[17.3083],[18.4565],[18.9406],[18.6608],[13.0673],[13.3665],[13.8342],[14.4313],[15.1054],[15.8464],[16.6083],[17.2838],[17.7464],[17.9522],[18.0277],[18.1076],[18.214],[18.1809],[17.8673],[17.3773],[17.0313],[17.0565],[17.4169],[17.8558],[18.3011],[19.0191],[20.2982],[22.0133],[23.5133],[24.0795],[23.5076],[13.7853],[13.9673],[14.3399],[15.0112],[16.0414],[17.3766],[18.7968],[19.9924],[20.6608],[20.7428],[20.4737],[20.1709],[19.9572],[19.6723],[19.1277],[18.4248],[17.9694],[18.1068],[18.7637],[19.5924],[20.3766],[21.355],[22.8939],[24.986],[27.0212],[28.2594],[28.3932],[14.3629],[14.5299],[15.0011],[16.0133],[17.6133],[19.5788],[21.5119],[22.9507],[23.6047],[23.4874],[22.9133],[22.2867],[21.7342],[21.1104],[20.2112],[19.1615],[18.3932],[18.2917],[18.7989],[19.5068],[20.1946],[21.1291],[22.7299],[25.0263],[27.5162],[29.5996],[31.0478],[15.2191],[15.6478],[16.5464],[18.1083],[20.2478],[22.5558],[24.5083],[25.6982],[26.0219],[25.6622],[24.9255],[24.1032],[23.2644],[22.2968],[21.1126],[19.8723],[18.9241],[18.5471],[18.6579],[18.9838],[19.4572],[20.4054],[22.1608],[24.563],[27.0234],[29.1442],[31.05],[16.7565],[17.65],[18.996],[20.909],[23.1802],[25.2881],[26.7558],[27.3946],[27.3486],[26.9076],[26.2615],[25.4378],[24.3939],[23.1565],[21.8802],[20.7709],[20.0176],[19.6428],[19.5212],[19.5982],[20.0658],[21.3629],[23.6011],[26.2054],[28.2773],[29.4255],[30.2363],[18.9932],[20.2529],[21.7406],[23.4723],[25.2543],[26.7327],[27.596],[27.8263],[27.7162],[27.5327],[27.2342],[26.5572],[25.3903],[23.9651],[22.7004],[21.8773],[21.4737],[21.2637],[21.1191],[21.1392],[21.7579],[23.4486],[26.1853],[29.1119],[31.0025],[31.2421],[30.5032],[21.3155],[22.6716],[23.9205],[25.0414],[26.0363],[26.8435],[27.355],[27.5824],[27.7414],[27.9845],[28.0881],[27.6399],[26.4924],[25.0169],[23.7982],[23.1313],[22.873],[22.7248],[22.591],[22.6493],[23.2673],[24.8349],[27.4068],[30.3572],[32.5068],[32.9644],[31.8917],[22.7112],[23.9219],[24.7917],[25.3119],[25.7061],[26.1457],[26.6248],[27.0565],[27.4838],[27.9608],[28.296],[28.0881],[27.2227],[26.0471],[25.0737],[24.5025],[24.1853],[23.9795],[23.9133],[24.0594],[24.468],[25.2903],[26.7996],[29.0219],[31.3514],[32.7932],[32.7809],[22.5421],[23.4658],[24.0522],[24.3018],[24.496],[24.891],[25.4306],[25.9183],[26.3112],[26.7032],[27.0565],[27.1399],[26.8522],[26.3824],[25.9701],[25.6558],[25.3572],[25.1752],[25.2802],[25.6061],[25.8126],[25.7788],[25.955],[26.9716],[28.8608],[30.8277],[31.8637],[21.1191],[21.7104],[22.1112],[22.3558],[22.6234],[23.0644],[23.5622],[23.9054],[24.0522],[24.2255],[24.5327],[24.9255],[25.291],[25.6212],[25.8522],[25.8802],[25.7414],[25.7011],[25.9694],[26.3493],[26.3946],[25.9406],[25.504],[25.7629],[26.9011],[28.3853],[29.3457],[19.3917],[19.6601],[19.8975],[20.1701],[20.5219],[20.9558],[21.3284],[21.4903],[21.504],[21.5709],[21.8579],[22.4299],[23.1838],[23.9406],[24.4586],[24.6054],[24.5572],[24.6615],[24.9514],[25.0831],[24.804],[24.3673],[24.3083],[24.8478],[25.6759],[26.2989],[26.409]]},{"header":{"disciplineName":["Meteorological products"],"parameterCategory":[2],"parameterCategoryName":["u-component of wind"],"parameterNumberName":["u-component of wind"],"parameterNumber":[2],"parameterUnits":["m s-1"],"refTime":["2017-03-17T0000:00.000Z"],"numberPoints":[621],"nx":[27],"ny":[23],"lo1":[-20],"la1":[70],"lo2":[45],"la2":[45],"dx":[2.5],"dy":[2.5]},"data":[[1.1245],[1.3338],[1.4813],[1.5604],[1.6007],[1.6345],[1.6741],[1.7604],[1.8986],[2.0741],[2.2662],[2.4597],[2.6281],[2.7525],[2.8432],[2.9036],[2.9612],[3.0317],[3.1252],[3.2273],[3.3374],[3.4187],[3.4662],[3.4417],[3.3532],[3.2029],[3.0058],[0.5849],[0.9827],[1.2978],[1.5259],[1.6741],[1.7878],[1.9058],[2.0597],[2.2619],[2.4935],[2.7173],[2.8971],[2.9957],[3.0007],[2.936],[2.8295],[2.7295],[2.6727],[2.6763],[2.741],[2.8647],[2.9849],[3.0827],[3.123],[3.0899],[2.9964],[2.8547],[0.8856],[1.3482],[1.7482],[2.0612],[2.277],[2.4446],[2.5906],[2.7439],[2.9007],[3.0554],[3.1547],[3.1712],[3.0763],[2.8705],[2.5993],[2.3187],[2.0777],[1.923],[1.8856],[1.9475],[2.082],[2.2576],[2.4259],[2.5655],[2.659],[2.7058],[2.7288],[2.4619],[2.795],[3.1187],[3.3712],[3.5583],[3.6676],[3.7122],[3.7122],[3.6748],[3.5748],[3.4187],[3.1791],[2.8784],[2.5345],[2.2043],[1.9417],[1.777],[1.7266],[1.7777],[1.9029],[2.0612],[2.2252],[2.3856],[2.5237],[2.6626],[2.7964],[2.9374],[4.8137],[4.8993],[4.9971],[5.0842],[5.1201],[5.0763],[4.941],[4.7223],[4.4446],[4.1187],[3.764],[3.3964],[3.0417],[2.746],[2.5424],[2.4727],[2.5245],[2.6554],[2.8317],[2.9806],[3.0835],[3.1381],[3.1647],[3.1978],[3.2583],[3.3662],[3.5137],[7.0698],[6.8914],[6.7468],[6.618],[6.4547],[6.2173],[5.895],[5.5302],[5.1496],[4.8187],[4.5446],[4.3237],[4.1468],[4.0288],[3.9698],[3.9878],[4.0647],[4.1705],[4.2561],[4.2777],[4.2259],[4.1324],[4.0496],[4.0094],[4.0353],[4.1396],[4.2993],[8.6317],[8.277],[7.9468],[7.6309],[7.2914],[6.8871],[6.4403],[6.0129],[5.7029],[5.5748],[5.623],[5.7568],[5.8856],[5.9317],[5.8489],[5.695],[5.4906],[5.2741],[5.0489],[4.8295],[4.6194],[4.4547],[4.3705],[4.4108],[4.5439],[4.7597],[5.0209],[9.2489],[8.7863],[8.3353],[7.9101],[7.4842],[7.0237],[6.5532],[6.1432],[5.9237],[5.9892],[6.295],[6.7252],[7.0741],[7.1906],[7.0281],[6.6374],[6.1324],[5.6144],[5.1446],[4.7604],[4.4698],[4.2971],[4.2734],[4.4014],[4.6554],[4.9878],[5.3511],[8.8813],[8.3029],[7.7532],[7.2741],[6.8835],[6.5317],[6.1906],[5.905],[5.7504],[5.8108],[6.0827],[6.4791],[6.8058],[6.9338],[6.7892],[6.4216],[5.9439],[5.4712],[5.046],[4.6777],[4.3676],[4.1597],[4.0871],[4.1791],[4.4086],[4.7288],[5.0813],[7.754],[7.0504],[6.359],[5.8137],[5.4849],[5.3633],[5.3914],[5.441],[5.4554],[5.4504],[5.4799],[5.5353],[5.605],[5.6403],[5.582],[5.4446],[5.2525],[5.0446],[4.8036],[4.5151],[4.1856],[3.8719],[3.6576],[3.6237],[3.7568],[4.0022],[4.3043],[6.2072],[5.477],[4.6683],[3.9986],[3.7022],[3.8871],[4.4518],[5.1252],[5.6252],[5.7964],[5.6662],[5.3698],[5.0835],[4.8655],[4.7273],[4.6201],[4.4899],[4.3101],[4.0504],[3.7158],[3.3403],[2.9719],[2.7158],[2.6201],[2.6928],[2.9058],[3.2022],[4.3928],[3.805],[3.0856],[2.4892],[2.3518],[2.8921],[4.0453],[5.4417],[6.5935],[7.1942],[7.1755],[6.7482],[6.1676],[5.6014],[5.0878],[4.5784],[4.0309],[3.4482],[2.8784],[2.3935],[2.0173],[1.7662],[1.6295],[1.5712],[1.5784],[1.677],[1.9086],[2.3065],[2.0813],[1.8748],[1.8417],[2.2252],[3.2122],[4.718],[6.4036],[7.8007],[8.6072],[8.7432],[8.377],[7.7223],[6.9165],[6.0014],[4.9993],[3.946],[2.9245],[2.0827],[1.5165],[1.2662],[1.2583],[1.3532],[1.3719],[1.2374],[1.0273],[0.9252],[0.4827],[0.8201],[1.5209],[2.4619],[3.5878],[4.8194],[6.0676],[7.1165],[7.8302],[8.1669],[8.1856],[7.9719],[7.5194],[6.8345],[5.9317],[4.9129],[3.9022],[2.9892],[2.2568],[1.8],[1.6935],[1.9194],[2.2928],[2.5223],[2.3892],[1.8705],[1.1914],[-0.041],[0.9576],[2.4964],[4.1719],[5.5712],[6.4273],[6.6245],[6.2568],[5.5971],[5.0065],[4.7194],[4.7194],[4.7266],[4.5194],[4.1173],[3.7165],[3.446],[3.2626],[3.0403],[2.7978],[2.7353],[3.0475],[3.7237],[4.4158],[4.6892],[4.2165],[3.0712],[1.1158],[2.564],[4.2554],[5.6568],[6.3266],[6.0856],[4.9935],[3.3647],[1.6914],[0.5101],[0.1309],[0.3935],[0.8525],[1.1547],[1.3388],[1.6964],[2.3547],[3.0604],[3.4525],[3.4633],[3.4007],[3.7101],[4.5612],[5.6942],[6.5007],[6.3978],[5.1957],[2.7086],[4.0281],[4.9719],[5.1496],[4.441],[3.0705],[1.3806],[-0.3367],[-1.7871],[-2.6928],[-2.8698],[-2.4741],[-1.9173],[-1.4863],[-1.0669],[-0.3532],[0.7878],[2.0108],[2.8914],[3.2993],[3.5094],[3.8957],[4.6281],[5.5468],[6.2633],[6.3158],[5.3993],[2.7813],[3.3633],[3.1669],[2.0856],[0.4396],[-1.1835],[-2.2978],[-2.8655],[-3.1324],[-3.2748],[-3.2914],[-3.1259],[-2.8669],[-2.6072],[-2.2324],[-1.5424],[-0.4791],[0.7367],[1.8748],[2.8691],[3.7331],[4.3662],[4.6094],[4.4324],[4.0612],[3.6698],[3.1374],[0.4151],[0.1475],[-0.7288],[-2.0942],[-3.5129],[-4.3835],[-4.336],[-3.5698],[-2.7496],[-2.405],[-2.5468],[-2.7921],[-2.7986],[-2.4892],[-1.9432],[-1.2374],[-0.4252],[0.4727],[1.5604],[2.9381],[4.3676],[5.2029],[4.8101],[3.2482],[1.4281],[0.3122],[0.1324],[-3.6849],[-4.3353],[-5.0417],[-5.6403],[-5.9935],[-5.8518],[-5.0547],[-3.8331],[-2.7878],[-2.4367],[-2.6942],[-2.9755],[-2.7396],[-1.9079],[-0.8007],[0.2129],[0.9561],[1.5129],[2.1842],[3.2496],[4.4986],[5.1173],[4.2784],[2.0446],[-0.4496],[-1.8576],[-1.7813],[-7.9784],[-8.4719],[-8.5561],[-8.1698],[-7.5604],[-6.9324],[-6.2504],[-5.4906],[-4.8446],[-4.5698],[-4.5475],[-4.2935],[-3.4281],[-2.0281],[-0.4741],[0.8468],[1.723],[2.1432],[2.2863],[2.459],[2.7676],[2.8101],[2],[0.2561],[-1.6388],[-2.6748],[-2.5173],[-10.8201],[-11.0777],[-10.836],[-10.0741],[-9.2036],[-8.6712],[-8.5223],[-8.4468],[-8.2511],[-7.9374],[-7.4374],[-6.5957],[-5.3806],[-3.982],[-2.6338],[-1.4094],[-0.3777],[0.2317],[0.2022],[-0.2964],[-0.8216],[-1.118],[-1.3698],[-1.8324],[-2.4302],[-2.8209],[-2.8245],[-10.8022],[-11.1237],[-11.1331],[-10.7201],[-10.2022],[-10.0173],[-10.2396],[-10.5597],[-10.6835],[-10.5],[-9.9482],[-9.082],[-8.1058],[-7.2928],[-6.6266],[-5.823],[-4.7576],[-3.8209],[-3.5158],[-3.8676],[-4.3043],[-4.2547],[-3.6532],[-2.8935],[-2.3914],[-2.3014],[-2.4655]]},{"header":{"disciplineName":["Meteorological products"],"parameterCategory":[2],"parameterCategoryName":["v-component of wind"],"parameterNumberName":["v-component of wind"],"parameterNumber":[3],"parameterUnits":["m s-1"],"refTime":["2017-03-17T0000:00.000Z"],"numberPoints":[621],"nx":[27],"ny":[23],"lo1":[-20],"la1":[70],"lo2":[45],"la2":[45],"dx":[2.5],"dy":[2.5]},"data":[[-0.5165],[-0.3029],[-0.0403],[0.2468],[0.5597],[0.8849],[1.2043],[1.5129],[1.7813],[1.9914],[2.1259],[2.1928],[2.1856],[2.1209],[2.0158],[1.8647],[1.6763],[1.4432],[1.1669],[0.836],[0.4583],[0.0626],[-0.3194],[-0.6633],[-0.9417],[-1.1374],[-1.2597],[0.5065],[0.6302],[0.7173],[0.7971],[0.9173],[1.082],[1.3129],[1.5827],[1.8417],[2.0568],[2.2],[2.254],[2.2345],[2.1525],[2.0331],[1.8928],[1.723],[1.5086],[1.246],[0.9007],[0.5072],[0.0626],[-0.3784],[-0.795],[-1.1388],[-1.3849],[-1.5345],[1.6122],[1.6511],[1.5748],[1.4604],[1.377],[1.3892],[1.4942],[1.6655],[1.8396],[1.9727],[2.0173],[1.977],[1.8691],[1.7209],[1.577],[1.4439],[1.318],[1.1763],[1.0007],[0.7662],[0.4806],[0.1475],[-0.2],[-0.5446],[-0.8612],[-1.1281],[-1.346],[2.2403],[2.2662],[2.1489],[1.9547],[1.777],[1.6647],[1.6403],[1.6576],[1.6698],[1.6432],[1.5496],[1.4165],[1.2734],[1.1576],[1.0928],[1.0633],[1.0317],[0.9791],[0.8899],[0.7612],[0.6108],[0.4374],[0.2439],[0.0245],[-0.2302],[-0.518],[-0.8194],[2.2835],[2.3878],[2.3597],[2.2029],[2.0086],[1.7986],[1.5914],[1.3935],[1.1784],[0.9647],[0.7719],[0.6496],[0.6468],[0.7482],[0.9302],[1.0921],[1.1842],[1.1705],[1.0683],[0.9317],[0.8137],[0.7216],[0.6288],[0.4928],[0.2554],[-0.0727],[-0.4576],[2.018],[2.1921],[2.2281],[2.1065],[1.8518],[1.5029],[1.1194],[0.7165],[0.3424],[0.0432],[-0.1417],[-0.1194],[0.0942],[0.4813],[0.9094],[1.2561],[1.4036],[1.3576],[1.1727],[0.9741],[0.8417],[0.7921],[0.7547],[0.6432],[0.4043],[0.0396],[-0.3576],[1.5986],[1.7014],[1.6813],[1.4799],[1.1237],[0.6712],[0.2079],[-0.195],[-0.4885],[-0.6568],[-0.6719],[-0.505],[-0.1662],[0.3036],[0.754],[1.0647],[1.1504],[1.0223],[0.8014],[0.6453],[0.6201],[0.7014],[0.7842],[0.7475],[0.5367],[0.2108],[-0.0942],[0.8993],[0.8374],[0.7165],[0.4504],[0.0705],[-0.3496],[-0.6806],[-0.8432],[-0.8187],[-0.6655],[-0.4525],[-0.2101],[0.0396],[0.2863],[0.4597],[0.5007],[0.3921],[0.1863],[0.036],[0.0475],[0.2705],[0.6101],[0.8971],[0.9921],[0.8935],[0.6964],[0.5468],[-0.0971],[-0.2489],[-0.3518],[-0.4978],[-0.7194],[-0.9432],[-1.036],[-0.9259],[-0.6209],[-0.2324],[0.1237],[0.3504],[0.436],[0.3863],[0.2324],[-0.0237],[-0.3288],[-0.5978],[-0.6849],[-0.5115],[-0.0856],[0.4662],[0.9532],[1.2388],[1.3079],[1.2626],[1.223],[-1.1273],[-1.2871],[-1.236],[-1.0849],[-0.9647],[-0.8885],[-0.8108],[-0.6547],[-0.3863],[-0.059],[0.2338],[0.4245],[0.4576],[0.3504],[0.1108],[-0.2403],[-0.6338],[-0.9475],[-1.0626],[-0.8813],[-0.4216],[0.2079],[0.8288],[1.3165],[1.6187],[1.7432],[1.7273],[-1.9863],[-2.2173],[-2.0252],[-1.5266],[-0.941],[-0.4719],[-0.2403],[-0.2],[-0.2583],[-0.2957],[-0.2619],[-0.1381],[-0.0086],[0.0237],[-0.1129],[-0.4403],[-0.8345],[-1.1662],[-1.2892],[-1.1324],[-0.7129],[-0.105],[0.6036],[1.3086],[1.9158],[2.3108],[2.3892],[-2.7086],[-3.1101],[-2.8957],[-2.0496],[-0.8683],[0.1971],[0.7849],[0.7748],[0.3417],[-0.205],[-0.5856],[-0.6878],[-0.6223],[-0.6173],[-0.8446],[-1.2827],[-1.7331],[-1.9561],[-1.8547],[-1.482],[-0.9655],[-0.3712],[0.3223],[1.154],[2.0568],[2.836],[3.2755],[-3.2806],[-3.7871],[-3.4604],[-2.1921],[-0.3259],[1.4432],[2.4942],[2.546],[1.7871],[0.7022],[-0.223],[-0.7942],[-1.1216],[-1.5403],[-2.2288],[-3.0489],[-3.6108],[-3.5748],[-2.9453],[-2.0288],[-1.2079],[-0.5978],[-0.0633],[0.6396],[1.6072],[2.7072],[3.6439],[-3.4957],[-3.7317],[-3.0223],[-1.2396],[1.1482],[3.3108],[4.4921],[4.3791],[3.2662],[1.7266],[0.3137],[-0.741],[-1.6108],[-2.6137],[-3.8604],[-5.0626],[-5.6777],[-5.3345],[-4.1381],[-2.6266],[-1.3993],[-0.6748],[-0.3022],[0.0604],[0.6863],[1.664],[2.8122],[-3.064],[-2.654],[-1.3755],[0.7288],[3.1058],[4.9187],[5.5547],[4.9381],[3.4835],[1.8058],[0.318],[-0.918],[-2.0971],[-3.4396],[-4.9237],[-6.1935],[-6.7475],[-6.2705],[-4.895],[-3.123],[-1.5259],[-0.405],[0.2022],[0.3784],[0.3619],[0.518],[1.1129],[-1.9043],[-0.836],[0.777],[2.6921],[4.3353],[5.118],[4.777],[3.6043],[2.1676],[0.9309],[-0.0921],[-1.1194],[-2.346],[-3.7388],[-5.0784],[-6.0755],[-6.4863],[-6.1777],[-5.177],[-3.6173],[-1.7072],[0.2151],[1.6453],[2.0432],[1.3187],[0.0964],[-0.5892],[-0.2878],[1.0252],[2.3806],[3.5129],[4.0554],[3.7252],[2.6396],[1.3597],[0.4842],[0.1079],[-0.2108],[-0.9914],[-2.2978],[-3.7331],[-4.8094],[-5.4],[-5.6453],[-5.646],[-5.2619],[-4.1058],[-1.9705],[0.8029],[3.2058],[3.9986],[2.6619],[0.0583],[-2.0396],[1.2058],[2.1863],[2.7799],[2.946],[2.6137],[1.7583],[0.6309],[-0.2043],[-0.3266],[0.0554],[0.1568],[-0.6475],[-2.2086],[-3.7432],[-4.6122],[-4.8367],[-4.8935],[-5.0612],[-5.0022],[-4.0662],[-1.8856],[1.1525],[3.7978],[4.5683],[2.8],[-0.5712],[-3.4165],[1.8978],[2.2317],[2.0468],[1.5777],[1.0144],[0.4],[-0.1799],[-0.4122],[-0.0942],[0.4662],[0.5115],[-0.464],[-2.1094],[-3.5245],[-4.1374],[-4.1453],[-4.0971],[-4.164],[-3.9647],[-2.9216],[-0.9496],[1.4101],[3.1309],[3.2266],[1.3396],[-1.7338],[-4.3094],[1.5281],[1.3604],[0.8065],[0.2511],[0.0014],[0.0086],[0.0799],[0.1978],[0.4561],[0.6921],[0.4468],[-0.4799],[-1.7237],[-2.6259],[-2.9201],[-2.9209],[-2.9698],[-2.9381],[-2.3698],[-1.0892],[0.4273],[1.4712],[1.5878],[0.7791],[-0.7259],[-2.5144],[-3.9885],[0.5964],[0.3381],[-0.1309],[-0.4417],[-0.3043],[0.1482],[0.5525],[0.7122],[0.6626],[0.477],[0.0647],[-0.546],[-1.1151],[-1.3914],[-1.4914],[-1.7201],[-2.0835],[-2.1094],[-1.346],[-0.0309],[0.9353],[0.7489],[-0.5],[-1.8878],[-2.6122],[-2.7201],[-2.8158],[-0.1014],[-0.1496],[-0.3432],[-0.4518],[-0.2281],[0.236],[0.5871],[0.618],[0.3763],[0.005],[-0.3986],[-0.7259],[-0.8655],[-0.8863],[-1.059],[-1.5813],[-2.2201],[-2.3928],[-1.7288],[-0.6511],[-0.154],[-0.9741],[-2.782],[-4.2935],[-4.3971],[-3.2849],[-2.2525],[-0.3885],[-0.236],[-0.2482],[-0.3288],[-0.2734],[-0.0849],[0.0432],[-0.0266],[-0.2439],[-0.5302],[-0.8403],[-1.1151],[-1.2978],[-1.4827],[-1.8777],[-2.5446],[-3.1935],[-3.3964],[-2.9741],[-2.2439],[-1.9173],[-2.6295],[-4.2374],[-5.6993],[-5.8245],[-4.5237],[-2.9712]]}]