html/data/WT_san09_ind_wt_1_5.json
[{"header":{"disciplineName":["Meteorological products"],"parameterCategory":[0],"parameterCategoryName":["Temperature"],"parameterNumberName":["Temperature"],"parameterNumber":[0],"parameterUnits":["K"],"refTime":["2017-03-17T0000:00.000Z"],"numberPoints":[621],"nx":[27],"ny":[23],"lo1":[-20],"la1":[70],"lo2":[45],"la2":[45],"dx":[2.5],"dy":[2.5]},"data":[[-12.147],[-11.2348],[-10.4167],[-9.7045],[-9.1136],[-8.6136],[-8.2288],[-7.9652],[-7.7742],[-7.6864],[-7.6864],[-7.7621],[-7.9015],[-8.1106],[-8.3773],[-8.6864],[-9.05],[-9.4258],[-9.8379],[-10.253],[-10.7136],[-11.1591],[-11.6288],[-12.1076],[-12.5985],[-13.0985],[-13.5924],[-9.2864],[-8.6894],[-8.2197],[-7.8379],[-7.5379],[-7.2924],[-7.1015],[-6.9379],[-6.8439],[-6.8136],[-6.853],[-6.9894],[-7.2136],[-7.5227],[-7.9197],[-8.3712],[-8.8621],[-9.3712],[-9.8894],[-10.3894],[-10.8621],[-11.2924],[-11.6742],[-12.0136],[-12.3439],[-12.6561],[-12.9894],[-6.7015],[-6.5379],[-6.45],[-6.4045],[-6.3652],[-6.2924],[-6.1985],[-6.1045],[-6.0227],[-6.0106],[-6.0742],[-6.2379],[-6.5106],[-6.8894],[-7.347],[-7.8712],[-8.4348],[-9.0561],[-9.6773],[-10.3045],[-10.8864],[-11.3803],[-11.8015],[-12.1076],[-12.3439],[-12.5167],[-12.7045],[-4.9955],[-5.0652],[-5.1621],[-5.2318],[-5.2803],[-5.253],[-5.2136],[-5.1621],[-5.1652],[-5.2136],[-5.3682],[-5.5803],[-5.8803],[-6.2076],[-6.5773],[-6.9833],[-7.453],[-7.9682],[-8.5894],[-9.2561],[-9.9439],[-10.6076],[-11.1864],[-11.6439],[-11.9742],[-12.2288],[-12.4227],[-3.9348],[-3.9379],[-3.953],[-3.947],[-3.9561],[-3.9561],[-3.9894],[-4.0803],[-4.2379],[-4.4591],[-4.7439],[-5.0409],[-5.3348],[-5.5682],[-5.7742],[-5.9591],[-6.1985],[-6.5409],[-7.0167],[-7.653],[-8.4167],[-9.1924],[-9.953],[-10.5833],[-11.0803],[-11.4985],[-11.8258],[-2.8045],[-2.647],[-2.5348],[-2.5379],[-2.5712],[-2.6621],[-2.8197],[-3.0561],[-3.3561],[-3.7106],[-4.0712],[-4.4106],[-4.6924],[-4.8985],[-5.0076],[-5.1258],[-5.2712],[-5.5318],[-5.9682],[-6.5742],[-7.2955],[-8.0894],[-8.8439],[-9.5015],[-10.0409],[-10.4985],[-10.947],[-1.2561],[-1.1167],[-1.147],[-1.3136],[-1.5258],[-1.7803],[-2.0712],[-2.3621],[-2.6864],[-3.0318],[-3.3833],[-3.6955],[-3.9682],[-4.2197],[-4.4318],[-4.6712],[-4.953],[-5.3136],[-5.7652],[-6.3258],[-6.9288],[-7.5652],[-8.15],[-8.6591],[-9.1015],[-9.553],[-10.0439],[0.3864],[0.3227],[0.0348],[-0.3864],[-0.8227],[-1.247],[-1.6318],[-1.9864],[-2.3258],[-2.647],[-2.953],[-3.2227],[-3.5197],[-3.847],[-4.2106],[-4.6258],[-5.05],[-5.453],[-5.8288],[-6.1742],[-6.5258],[-6.8742],[-7.2621],[-7.6712],[-8.1045],[-8.6258],[-9.2258],[1.7045],[1.4924],[1.0742],[0.553],[-0.0045],[-0.553],[-1.0833],[-1.6015],[-2.0712],[-2.4742],[-2.7712],[-3.0318],[-3.2924],[-3.6167],[-4.0409],[-4.4894],[-4.9076],[-5.1864],[-5.3045],[-5.3167],[-5.2924],[-5.3742],[-5.6106],[-6.0348],[-6.6258],[-7.3561],[-8.1894],[2.6227],[2.4803],[2.1773],[1.7379],[1.1894],[0.5197],[-0.2288],[-0.9894],[-1.6409],[-2.1136],[-2.3682],[-2.4864],[-2.6045],[-2.8227],[-3.1773],[-3.5894],[-3.9439],[-4.1045],[-4.0379],[-3.8136],[-3.5682],[-3.447],[-3.5833],[-4.0136],[-4.6955],[-5.5379],[-6.4803],[3.4894],[3.4955],[3.3318],[2.9924],[2.4348],[1.6591],[0.7348],[-0.1924],[-0.8955],[-1.2742],[-1.3197],[-1.1803],[-1.0773],[-1.1591],[-1.45],[-1.8652],[-2.2379],[-2.4561],[-2.4652],[-2.2864],[-2.053],[-1.9136],[-1.9591],[-2.2379],[-2.747],[-3.4379],[-4.1985],[4.5015],[4.5167],[4.3803],[4.0379],[3.4409],[2.6015],[1.6288],[0.7258],[0.1288],[-0.0409],[0.1258],[0.4439],[0.6409],[0.6167],[0.3561],[-0.0348],[-0.3985],[-0.6561],[-0.7924],[-0.8136],[-0.7924],[-0.7652],[-0.7742],[-0.9136],[-1.1773],[-1.553],[-1.9894],[5.5258],[5.4621],[5.253],[4.85],[4.2318],[3.45],[2.5833],[1.8348],[1.3621],[1.2288],[1.353],[1.553],[1.6773],[1.6318],[1.4561],[1.2652],[1.147],[1.1045],[1.1015],[1.0379],[0.9106],[0.7924],[0.6712],[0.5015],[0.2742],[0.0197],[-0.1955],[6.2864],[6.1652],[5.9136],[5.5076],[4.9803],[4.3288],[3.6712],[3.0833],[2.6439],[2.3288],[2.1409],[2.0742],[2.0591],[2.0742],[2.1258],[2.253],[2.5076],[2.8561],[3.1439],[3.2561],[3.1742],[3.0015],[2.7652],[2.4318],[2.0136],[1.6379],[1.4652],[6.7318],[6.5894],[6.3682],[6.0409],[5.6136],[5.1682],[4.7167],[4.2742],[3.8197],[3.3197],[2.8561],[2.5955],[2.6258],[2.8591],[3.2045],[3.5833],[4.0106],[4.4924],[4.9106],[5.1621],[5.2015],[5.1409],[4.9894],[4.6591],[4.0985],[3.5227],[3.347],[7.0682],[6.9015],[6.7288],[6.5227],[6.2379],[5.953],[5.6924],[5.4015],[4.9833],[4.4318],[3.8924],[3.6288],[3.8288],[4.353],[4.9136],[5.347],[5.6348],[5.9288],[6.1955],[6.3773],[6.4742],[6.5833],[6.7288],[6.6864],[6.2318],[5.55],[5.253],[7.4712],[7.3348],[7.2924],[7.2227],[7.1015],[6.9682],[6.8561],[6.7076],[6.4015],[5.9197],[5.447],[5.253],[5.5106],[6.1227],[6.75],[7.1167],[7.2318],[7.2773],[7.3742],[7.4348],[7.4621],[7.647],[8.0712],[8.453],[8.3015],[7.55],[6.95],[8.1167],[8.1712],[8.3045],[8.3924],[8.4076],[8.3955],[8.4015],[8.3652],[8.2106],[7.9258],[7.6227],[7.4439],[7.5682],[7.9682],[8.447],[8.7409],[8.7985],[8.7985],[8.8652],[8.9318],[8.8803],[8.9682],[9.4742],[10.2136],[10.4773],[9.8409],[8.8167],[9.2227],[9.5561],[9.8833],[10.0136],[10.047],[10.0985],[10.2045],[10.2773],[10.3076],[10.3288],[10.3136],[10.2076],[10.0955],[10.1288],[10.3288],[10.4803],[10.4561],[10.4045],[10.4894],[10.6288],[10.6136],[10.5833],[11.0258],[12.0136],[12.847],[12.6591],[11.5197],[11.0015],[11.5955],[11.9409],[11.9833],[11.9197],[11.9591],[12.1409],[12.3136],[12.5197],[12.8379],[13.1167],[13.1197],[12.8167],[12.5258],[12.4803],[12.5167],[12.3167],[11.9712],[11.8652],[12.0803],[12.25],[12.2712],[12.647],[13.75],[15.0803],[15.5348],[14.6955],[13.3288],[14.0227],[14.347],[14.2773],[14.0833],[14.0955],[14.2833],[14.5015],[14.747],[15.1318],[15.4985],[15.4682],[15.0136],[14.5773],[14.5652],[14.7015],[14.4288],[13.7561],[13.3439],[13.55],[14.0318],[14.3864],[14.7348],[15.65],[16.9258],[17.5985],[17.0227],[15.6591],[16.3409],[16.6924],[16.6409],[16.4409],[16.4167],[16.5803],[16.7561],[16.9167],[17.1409],[17.2924],[17.0652],[16.4652],[16.0561],[16.3076],[16.8561],[16.8864],[16.2227],[15.5742],[15.7045],[16.4985],[17.2591],[17.7136],[18.1439],[18.6227],[18.6742],[17.7712],[17.353],[17.9894],[18.4439],[18.5591],[18.453],[18.4015],[18.5076],[18.6803],[18.7924],[18.853],[18.753],[18.347],[17.75],[17.4894],[18.0076],[18.9379],[19.453],[19.0924],[18.4288],[18.3682],[19.1833],[20.2833],[21.0015],[21.0955],[20.6045],[19.4682],[17.7652]]},{"header":{"disciplineName":["Meteorological products"],"parameterCategory":[2],"parameterCategoryName":["u-component of wind"],"parameterNumberName":["u-component of wind"],"parameterNumber":[2],"parameterUnits":["m s-1"],"refTime":["2017-03-17T0000:00.000Z"],"numberPoints":[621],"nx":[27],"ny":[23],"lo1":[-20],"la1":[70],"lo2":[45],"la2":[45],"dx":[2.5],"dy":[2.5]},"data":[[6.4152],[6.8758],[7.1848],[7.3364],[7.3606],[7.3091],[7.2152],[7.1727],[7.1545],[7.1909],[7.2848],[7.3848],[7.4545],[7.4848],[7.4242],[7.3121],[7.1485],[6.9545],[6.7758],[6.6152],[6.5273],[6.4697],[6.4606],[6.4636],[6.4606],[6.4364],[6.3848],[5.8818],[6.7758],[7.4394],[7.8879],[8.1212],[8.1727],[8.1182],[8.0061],[7.8818],[7.7909],[7.7303],[7.6636],[7.5758],[7.4303],[7.2364],[7.0121],[6.7667],[6.5424],[6.397],[6.3364],[6.3485],[6.4576],[6.6121],[6.8],[6.9879],[7.1636],[7.3121],[5.1121],[6.1697],[7.0818],[7.8212],[8.3515],[8.6455],[8.7606],[8.7152],[8.5909],[8.4061],[8.2242],[8.0333],[7.803],[7.5576],[7.2515],[6.9424],[6.6455],[6.4121],[6.2909],[6.2727],[6.3545],[6.497],[6.6758],[6.8727],[7.0515],[7.2394],[7.4091],[5.2061],[6.0515],[6.9303],[7.7455],[8.4212],[8.903],[9.1364],[9.1515],[9.0242],[8.8182],[8.6273],[8.4606],[8.3],[8.1242],[7.9152],[7.6758],[7.4242],[7.2152],[7.0727],[7.0152],[7.0061],[7.0121],[7.0212],[7.0061],[6.9788],[6.9485],[6.9485],[6.6818],[7.1],[7.6303],[8.2152],[8.7273],[9.0606],[9.1636],[9.0576],[8.8182],[8.597],[8.4788],[8.4606],[8.5303],[8.6],[8.597],[8.4788],[8.2758],[8.0273],[7.7939],[7.5848],[7.4091],[7.2333],[7.0364],[6.8303],[6.6121],[6.4121],[6.2606],[9.1545],[9.0788],[9.0758],[9.1455],[9.1939],[9.103],[8.8364],[8.4364],[8.0303],[7.7606],[7.7182],[7.9],[8.1667],[8.4091],[8.497],[8.3697],[8.0788],[7.7],[7.303],[6.9606],[6.6879],[6.4636],[6.2667],[6.0909],[5.897],[5.7152],[5.5636],[11.6424],[11.0394],[10.4364],[9.8879],[9.3576],[8.803],[8.2],[7.5879],[7.0879],[6.8273],[6.8364],[7.0667],[7.3727],[7.5909],[7.5727],[7.303],[6.8667],[6.3636],[5.8879],[5.5667],[5.397],[5.3545],[5.3909],[5.4424],[5.4303],[5.3333],[5.1667],[13.0606],[11.9788],[10.8697],[9.8303],[8.8909],[8.0576],[7.3364],[6.7333],[6.2515],[6.003],[5.9576],[6.0606],[6.2121],[6.2818],[6.1879],[5.9091],[5.5273],[5.1606],[4.8848],[4.7788],[4.8818],[5.1182],[5.4545],[5.7515],[5.8697],[5.7848],[5.4333],[12.8424],[11.5818],[10.2697],[9.0182],[7.9182],[7.0091],[6.3273],[5.803],[5.3636],[4.9909],[4.697],[4.5],[4.4121],[4.4364],[4.4818],[4.5545],[4.6091],[4.7061],[4.8545],[5.1061],[5.4818],[5.9697],[6.4697],[6.8939],[7.0818],[6.9424],[6.4152],[11.3909],[10.3636],[9.1879],[7.9333],[6.7576],[5.8364],[5.2],[4.7333],[4.2727],[3.703],[3.0485],[2.4788],[2.1667],[2.203],[2.5667],[3.1606],[3.8424],[4.5303],[5.1636],[5.7515],[6.3242],[6.9],[7.4303],[7.8242],[7.9939],[7.8606],[7.4273],[9.6758],[9.0545],[8.0545],[6.7576],[5.4606],[4.5061],[3.9879],[3.7212],[3.4],[2.8061],[1.9576],[1.1091],[0.5788],[0.5485],[1.0394],[1.9303],[3.0061],[4.0697],[5.0455],[5.8727],[6.5576],[7.1182],[7.5364],[7.7697],[7.8333],[7.7455],[7.6242],[8.1909],[7.6909],[6.6697],[5.2606],[3.9364],[3.1545],[3.0152],[3.2303],[3.3576],[3.0667],[2.3606],[1.4939],[0.8121],[0.5576],[0.8394],[1.5697],[2.5727],[3.6697],[4.7121],[5.5939],[6.303],[6.7727],[6.9848],[6.9788],[6.8303],[6.7667],[6.9],[6.5424],[5.8061],[4.6818],[3.4091],[2.5121],[2.3273],[2.8303],[3.6091],[4.2],[4.2818],[3.9121],[3.2939],[2.6818],[2.3],[2.2727],[2.6333],[3.2788],[4.0545],[4.8364],[5.5303],[6.0424],[6.3121],[6.3364],[6.1667],[5.9667],[5.8848],[6.1152],[4.3758],[3.3879],[2.4667],[1.8788],[1.8848],[2.5394],[3.5667],[4.5],[5.0455],[5.2273],[5.1606],[5.003],[4.8424],[4.7152],[4.703],[4.8758],[5.1515],[5.4545],[5.703],[5.8485],[5.9273],[5.9],[5.8273],[5.7515],[5.7545],[5.8697],[6.0758],[2.2152],[1.3485],[0.9848],[1.2818],[2.1576],[3.3242],[4.3182],[4.8303],[4.9212],[4.9485],[5.1909],[5.7061],[6.2788],[6.7364],[7.0697],[7.297],[7.3636],[7.2],[6.7818],[6.2697],[5.8152],[5.5091],[5.4364],[5.6273],[6.0606],[6.5303],[6.7788],[0.9152],[0.4091],[0.5758],[1.3576],[2.4758],[3.4879],[4.0333],[4.0424],[3.9],[4.1091],[4.9061],[6.1212],[7.3242],[8.203],[8.7394],[8.9576],[8.8485],[8.3121],[7.4061],[6.4303],[5.6545],[5.2303],[5.2],[5.6182],[6.4],[7.2212],[7.6152],[0.3242],[0.2424],[0.6303],[1.3818],[2.1909],[2.7697],[3.0182],[3.1545],[3.5394],[4.5091],[6.0182],[7.6636],[8.9121],[9.5394],[9.6697],[9.5333],[9.1091],[8.3364],[7.2727],[6.2424],[5.5424],[5.2061],[5.2545],[5.7424],[6.6182],[7.6455],[8.3303],[-0.2485],[0.097],[0.6727],[1.3758],[2.0091],[2.4727],[2.9879],[3.8576],[5.2515],[7.0515],[8.9182],[10.3455],[10.9606],[10.7485],[10.0758],[9.3091],[8.5576],[7.7],[6.7788],[5.9909],[5.5818],[5.4788],[5.6152],[6.0515],[6.9152],[8.0121],[8.8909],[-0.6121],[0.2],[1.1273],[2.1212],[2.9818],[3.7727],[4.8091],[6.3606],[8.3],[10.2333],[11.697],[12.3515],[12.0939],[11.1364],[9.9],[8.7848],[7.9061],[7.1333],[6.4606],[5.9818],[5.8152],[5.8697],[6.0788],[6.497],[7.2697],[8.2545],[9.0273],[0.2697],[1.2939],[2.4394],[3.6848],[4.803],[5.7909],[6.9515],[8.4333],[10.003],[11.2303],[11.8121],[11.6758],[10.9879],[9.9515],[8.9],[8.003],[7.3333],[6.8273],[6.4],[6.1364],[6.0333],[6.0636],[6.1818],[6.5121],[7.1485],[7.8424],[8.1788],[2.3212],[3.0697],[3.9333],[4.8636],[5.6636],[6.3],[6.9515],[7.7273],[8.4576],[8.8061],[8.6697],[8.2455],[7.7242],[7.2788],[6.9121],[6.6091],[6.3515],[6.1485],[6.0212],[5.903],[5.7758],[5.6061],[5.4818],[5.6091],[6.0152],[6.3758],[6.2727],[3.5788],[3.8242],[4.0576],[4.2636],[4.3182],[4.2727],[4.2424],[4.3545],[4.4303],[4.3758],[4.1485],[3.9091],[3.8303],[3.9636],[4.1606],[4.3152],[4.3667],[4.4667],[4.6394],[4.7758],[4.6697],[4.3303],[3.9545],[3.8667],[4.0515],[4.2303],[3.9606],[2.1273],[2.1848],[2.0606],[1.7455],[1.2939],[0.8667],[0.5667],[0.4212],[0.4121],[0.4576],[0.503],[0.5485],[0.6909],[0.9394],[1.2091],[1.3939],[1.5667],[1.8667],[2.3364],[2.697],[2.7485],[2.4606],[2.1273],[1.9939],[2.097],[2.1576],[1.8636]]},{"header":{"disciplineName":["Meteorological products"],"parameterCategory":[2],"parameterCategoryName":["v-component of wind"],"parameterNumberName":["v-component of wind"],"parameterNumber":[3],"parameterUnits":["m s-1"],"refTime":["2017-03-17T0000:00.000Z"],"numberPoints":[621],"nx":[27],"ny":[23],"lo1":[-20],"la1":[70],"lo2":[45],"la2":[45],"dx":[2.5],"dy":[2.5]},"data":[[1.8152],[1.4212],[1.0182],[0.6667],[0.3848],[0.2303],[0.2091],[0.2909],[0.4242],[0.5697],[0.6727],[0.7061],[0.6667],[0.5758],[0.4636],[0.3788],[0.3182],[0.2636],[0.2515],[0.2182],[0.1727],[0.0727],[-0.0667],[-0.2273],[-0.4],[-0.5273],[-0.603],[3.8242],[3.1879],[2.397],[1.5667],[0.8242],[0.2545],[-0.0879],[-0.2212],[-0.1939],[-0.1061],[0.0061],[0.0576],[0.0727],[0.0364],[-0.003],[-0.0091],[0.0333],[0.1152],[0.197],[0.2364],[0.2061],[0.0909],[-0.0818],[-0.2818],[-0.4485],[-0.5667],[-0.6152],[5.9242],[5.1576],[4.0727],[2.8091],[1.5545],[0.4788],[-0.3333],[-0.8364],[-1.0727],[-1.1152],[-1.0667],[-1.0061],[-0.9485],[-0.8667],[-0.7424],[-0.5242],[-0.2182],[0.1152],[0.3879],[0.5636],[0.5818],[0.4515],[0.2515],[0.0152],[-0.1576],[-0.2182],[-0.2061],[7.5818],[6.8939],[5.7364],[4.2242],[2.5667],[0.9788],[-0.3333],[-1.2606],[-1.7848],[-1.9667],[-1.9394],[-1.8242],[-1.6697],[-1.4667],[-1.1818],[-0.7939],[-0.297],[0.2061],[0.6121],[0.8242],[0.8242],[0.6242],[0.3576],[0.103],[-0.0364],[-0.0455],[0.0303],[8.7],[8.1848],[7.0758],[5.4364],[3.4545],[1.4061],[-0.3667],[-1.6303],[-2.2909],[-2.4333],[-2.2303],[-1.9242],[-1.6182],[-1.3485],[-1.0667],[-0.7242],[-0.2909],[0.1545],[0.4727],[0.6061],[0.497],[0.2606],[-0.0242],[-0.197],[-0.2424],[-0.1545],[-0.0091],[9.1848],[8.7333],[7.6394],[5.8697],[3.5939],[1.1485],[-0.9576],[-2.3515],[-2.8697],[-2.6697],[-2.0697],[-1.4242],[-1],[-0.797],[-0.7303],[-0.6606],[-0.4818],[-0.2818],[-0.1091],[-0.1],[-0.2273],[-0.4121],[-0.5091],[-0.497],[-0.3515],[-0.1606],[0.0182],[8.7],[8.1364],[7.003],[5.1242],[2.6636],[0.0424],[-2.1424],[-3.4061],[-3.5485],[-2.8091],[-1.7061],[-0.7818],[-0.3394],[-0.3909],[-0.6939],[-0.9545],[-1.0424],[-0.9576],[-0.8424],[-0.803],[-0.8091],[-0.7818],[-0.6394],[-0.397],[-0.1091],[0.103],[0.1879],[7.1212],[6.4182],[5.2879],[3.5],[1.1273],[-1.3909],[-3.4061],[-4.3273],[-4.0121],[-2.7879],[-1.3364],[-0.3091],[-0.0545],[-0.4606],[-1.1],[-1.5697],[-1.6818],[-1.5061],[-1.2424],[-1.0212],[-0.8303],[-0.6061],[-0.2879],[0.0515],[0.2515],[0.2485],[0.0909],[4.9788],[4.2394],[3.2394],[1.7121],[-0.3606],[-2.5939],[-4.3121],[-4.9212],[-4.2727],[-2.7848],[-1.2],[-0.2394],[-0.1818],[-0.803],[-1.5636],[-2.003],[-1.9485],[-1.5485],[-1.0667],[-0.6848],[-0.3758],[-0.0455],[0.2788],[0.4788],[0.3909],[-0.0303],[-0.5515],[3.103],[2.3667],[1.4606],[0.1152],[-1.7061],[-3.6424],[-5.0879],[-5.5061],[-4.7636],[-3.2364],[-1.6576],[-0.6848],[-0.5515],[-1.0061],[-1.503],[-1.6364],[-1.3303],[-0.8152],[-0.3212],[0.0394],[0.3424],[0.6485],[0.8667],[0.8152],[0.3424],[-0.497],[-1.3788],[1.8697],[1.0152],[-0.0909],[-1.5273],[-3.2182],[-4.8667],[-6.0273],[-6.3],[-5.5909],[-4.203],[-2.6879],[-1.5485],[-0.9939],[-0.7848],[-0.6303],[-0.2576],[0.2152],[0.6364],[0.897],[1.0121],[1.1636],[1.3424],[1.3848],[1.0606],[0.2879],[-0.7727],[-1.7545],[1.0848],[-0.0909],[-1.597],[-3.2455],[-4.7636],[-5.9667],[-6.6758],[-6.7636],[-6.2152],[-5.1424],[-3.8333],[-2.5576],[-1.4364],[-0.4091],[0.6182],[1.5364],[2.1879],[2.4273],[2.3212],[2.1212],[2.0364],[1.9818],[1.7364],[1.097],[0.1636],[-0.8121],[-1.5455],[0.4121],[-1.1],[-2.9364],[-4.5697],[-5.6545],[-6.1727],[-6.3485],[-6.3606],[-6.1606],[-5.6242],[-4.703],[-3.4788],[-1.9909],[-0.3424],[1.3636],[2.8152],[3.6636],[3.8212],[3.5121],[3.103],[2.7939],[2.4515],[1.8273],[0.8788],[-0.1333],[-0.8333],[-1.0485],[-0.4303],[-2.0515],[-3.8182],[-5.0333],[-5.4],[-5.2424],[-5.1515],[-5.3758],[-5.7303],[-5.7455],[-5.1939],[-4.0939],[-2.5182],[-0.6364],[1.3485],[3.0424],[4.0364],[4.2576],[3.9667],[3.5455],[3.1515],[2.6061],[1.7061],[0.5545],[-0.4424],[-0.8333],[-0.5939],[-1.5394],[-2.9455],[-4.2212],[-4.7333],[-4.4455],[-3.9636],[-4.0152],[-4.7485],[-5.5667],[-5.8061],[-5.2182],[-3.997],[-2.4667],[-0.7545],[1.0364],[2.5939],[3.5576],[3.797],[3.5545],[3.2061],[2.8364],[2.303],[1.4242],[0.3758],[-0.4242],[-0.6121],[-0.2788],[-2.703],[-3.6394],[-4.2424],[-4.1545],[-3.5758],[-3.2091],[-3.6818],[-4.7879],[-5.6515],[-5.5394],[-4.4424],[-2.9394],[-1.5242],[-0.2333],[1.0576],[2.203],[2.8788],[2.9394],[2.603],[2.2],[1.8879],[1.5212],[1],[0.4121],[0.0212],[-0.0606],[0.0455],[-3.3697],[-3.6758],[-3.7424],[-3.5061],[-3.1212],[-3.1455],[-3.8515],[-4.8545],[-5.2182],[-4.4333],[-2.8303],[-1.2697],[-0.1909],[0.5606],[1.3273],[2.0455],[2.3515],[2.0727],[1.4636],[0.9061],[0.597],[0.497],[0.5212],[0.6152],[0.7485],[0.7818],[0.5818],[-3.0485],[-2.7636],[-2.603],[-2.6424],[-2.797],[-3.1848],[-3.797],[-4.2182],[-3.8636],[-2.5727],[-1.0061],[0.0879],[0.5182],[0.7636],[1.2303],[1.7545],[1.8121],[1.2121],[0.3424],[-0.3303],[-0.5394],[-0.303],[0.2667],[1.0061],[1.6424],[1.8182],[1.4061],[-1.9242],[-1.2545],[-1.1242],[-1.5515],[-2.197],[-2.7333],[-3.0121],[-2.803],[-1.9727],[-0.7242],[0.2485],[0.4606],[0.1545],[0.0697],[0.5667],[1.1333],[1.0939],[0.3152],[-0.6394],[-1.1818],[-1.1212],[-0.5273],[0.4636],[1.6152],[2.5273],[2.7758],[2.2182],[-0.5758],[0.0727],[0.097],[-0.4758],[-1.1667],[-1.5909],[-1.5697],[-1.1],[-0.2818],[0.4818],[0.6606],[0.0697],[-0.697],[-0.8091],[-0.1515],[0.5455],[0.4788],[-0.3545],[-1.1848],[-1.4606],[-1.0697],[-0.2061],[0.9758],[2.2333],[3.1182],[3.2061],[2.4576],[0.5879],[0.8152],[0.7424],[0.4061],[0.0455],[-0.0939],[0.0242],[0.3364],[0.7515],[0.9545],[0.5879],[-0.3424],[-1.1606],[-1.1152],[-0.2848],[0.4515],[0.3273],[-0.4242],[-1.0515],[-1.1061],[-0.6],[0.2545],[1.3818],[2.5394],[3.1879],[2.9333],[1.8727],[1.4091],[1.1545],[1.0061],[0.9364],[0.9152],[0.9333],[0.9667],[0.9909],[1],[0.8424],[0.3394],[-0.4455],[-0.9727],[-0.6909],[0.2061],[0.8606],[0.7485],[0.1667],[-0.2606],[-0.2758],[-0.0182],[0.5121],[1.4273],[2.4273],[2.8576],[2.2303],[0.8758],[1.7758],[1.2758],[1.0788],[1.0182],[0.9636],[0.8848],[0.8061],[0.7091],[0.5727],[0.3788],[0.0485],[-0.3455],[-0.4091],[0.0848],[0.9182],[1.4788],[1.4],[1.0545],[0.7939],[0.6333],[0.4333],[0.4909],[1.1121],[2.0242],[2.3091],[1.4515],[-0.0485]]}]