html/data/WT_san09_ind_wt_8_9.json
[{"header":{"disciplineName":["Meteorological products"],"parameterCategory":[0],"parameterCategoryName":["Temperature"],"parameterNumberName":["Temperature"],"parameterNumber":[0],"parameterUnits":["K"],"refTime":["2017-03-17T0000:00.000Z"],"numberPoints":[621],"nx":[27],"ny":[23],"lo1":[-20],"la1":[70],"lo2":[45],"la2":[45],"dx":[2.5],"dy":[2.5]},"data":[[0.2725],[0.5098],[0.7157],[0.8775],[1.0186],[1.1324],[1.2627],[1.4118],[1.5892],[1.801],[2.0559],[2.3235],[2.6088],[2.8784],[3.1235],[3.3137],[3.4578],[3.5559],[3.5833],[3.5716],[3.5412],[3.4931],[3.4363],[3.3863],[3.3333],[3.2804],[3.2216],[1.3186],[1.4627],[1.5686],[1.6706],[1.7706],[1.898],[2.0412],[2.2314],[2.4559],[2.7167],[3.0049],[3.3059],[3.5951],[3.8559],[4.0794],[4.25],[4.3686],[4.4343],[4.4549],[4.4392],[4.4167],[4.3814],[4.3578],[4.3206],[4.2912],[4.2431],[4.198],[2.2716],[2.3049],[2.3422],[2.4039],[2.5039],[2.651],[2.8431],[3.0745],[3.3314],[3.6157],[3.8951],[4.1775],[4.4431],[4.6676],[4.8588],[5.0206],[5.1402],[5.2275],[5.3029],[5.3608],[5.4049],[5.448],[5.4716],[5.4745],[5.4392],[5.3686],[5.2725],[3.1706],[3.1147],[3.0951],[3.1186],[3.202],[3.348],[3.5539],[3.799],[4.0696],[4.3598],[4.6578],[4.9529],[5.2412],[5.4961],[5.7294],[5.9118],[6.0775],[6.2127],[6.3353],[6.45],[6.5569],[6.6451],[6.7029],[6.7255],[6.6755],[6.5814],[6.4196],[3.9833],[3.9235],[3.8676],[3.8608],[3.8922],[3.9882],[4.1431],[4.348],[4.6088],[4.9118],[5.2471],[5.6167],[5.9863],[6.3402],[6.6333],[6.8696],[7.0304],[7.1559],[7.2343],[7.2961],[7.3627],[7.4343],[7.502],[7.549],[7.5588],[7.5225],[7.4392],[4.85],[4.8539],[4.8255],[4.7725],[4.7451],[4.7578],[4.8275],[4.9745],[5.1804],[5.4627],[5.8127],[6.2245],[6.6529],[7.0627],[7.3863],[7.6294],[7.7588],[7.8108],[7.8127],[7.8167],[7.8451],[7.9088],[8.0098],[8.1382],[8.2686],[8.3824],[8.4676],[5.9873],[6.0451],[6.0078],[5.9088],[5.8196],[5.7667],[5.7873],[5.8775],[6.0451],[6.2657],[6.5784],[6.9422],[7.3343],[7.7059],[8.0108],[8.2363],[8.3951],[8.5029],[8.599],[8.7059],[8.8422],[9.0167],[9.2304],[9.452],[9.6657],[9.8598],[10.0029],[7.3775],[7.3794],[7.2549],[7.0971],[6.9539],[6.902],[6.9225],[7.0245],[7.1863],[7.3951],[7.6725],[7.9804],[8.3225],[8.6255],[8.8873],[9.1245],[9.3716],[9.6529],[9.9784],[10.3333],[10.6853],[11.0275],[11.3608],[11.6412],[11.8627],[12.0098],[12.0765],[8.751],[8.6167],[8.4186],[8.2353],[8.1157],[8.0931],[8.1539],[8.2971],[8.5147],[8.801],[9.152],[9.5422],[9.901],[10.1725],[10.3784],[10.549],[10.7912],[11.1333],[11.5402],[11.9686],[12.3696],[12.7598],[13.1422],[13.498],[13.7745],[13.9147],[13.9637],[9.9137],[9.748],[9.6235],[9.5569],[9.5451],[9.5853],[9.6922],[9.8804],[10.1588],[10.5529],[11.0578],[11.6078],[12.0755],[12.3598],[12.4392],[12.4118],[12.4157],[12.5245],[12.7216],[12.9088],[13.0794],[13.3412],[13.752],[14.2716],[14.7529],[15.0441],[15.1814],[10.9108],[10.8873],[10.9951],[11.1618],[11.3451],[11.5186],[11.7118],[11.9637],[12.2902],[12.7147],[13.2706],[13.8814],[14.4196],[14.6833],[14.6265],[14.348],[14.0696],[13.9137],[13.8676],[13.8108],[13.7716],[13.9588],[14.5108],[15.3539],[16.1324],[16.5245],[16.5363],[11.8588],[11.9931],[12.3137],[12.699],[13.1127],[13.5422],[13.9873],[14.4402],[14.8353],[15.1676],[15.5304],[15.9824],[16.4127],[16.6059],[16.4382],[16.0294],[15.6824],[15.5824],[15.6902],[15.7922],[15.9137],[16.2824],[17.1833],[18.4618],[19.5549],[19.9],[19.4333],[12.7186],[12.9088],[13.2814],[13.8127],[14.4794],[15.3157],[16.2461],[17.0922],[17.6225],[17.8049],[17.8137],[17.8804],[18.0343],[18.0373],[17.7255],[17.2294],[16.948],[17.1647],[17.7696],[18.3941],[18.9265],[19.652],[20.9618],[22.7314],[24.2618],[24.7765],[24.0686],[13.498],[13.6775],[14.0961],[14.8137],[15.8784],[17.2412],[18.7363],[19.9853],[20.6647],[20.6765],[20.3078],[19.9275],[19.6892],[19.3647],[18.7412],[17.9755],[17.5833],[17.9314],[18.8539],[19.8392],[20.6333],[21.5578],[23.1294],[25.35],[27.5],[28.7333],[28.7294],[14.3725],[14.7049],[15.3775],[16.5245],[18.1245],[19.9863],[21.8029],[23.1775],[23.7961],[23.6284],[22.9716],[22.2392],[21.5922],[20.8402],[19.7765],[18.599],[17.85],[17.9333],[18.6892],[19.5422],[20.2373],[21.1667],[22.8559],[25.351],[27.9912],[30.0559],[31.3186],[15.6647],[16.352],[17.4843],[19.1696],[21.2304],[23.2873],[24.9725],[26.0275],[26.3529],[26.0206],[25.2529],[24.3461],[23.3794],[22.2431],[20.8382],[19.4108],[18.4382],[18.1971],[18.5039],[18.9529],[19.4706],[20.4873],[22.4216],[25.0461],[27.6304],[29.6755],[31.3833],[17.5804],[18.6294],[20.0882],[22.0196],[24.1206],[25.9216],[27.1088],[27.6255],[27.6284],[27.2706],[26.6314],[25.751],[24.6039],[23.2294],[21.7667],[20.4912],[19.6794],[19.3696],[19.3529],[19.4755],[19.9853],[21.4],[23.8569],[26.6745],[28.799],[29.8392],[30.5059],[19.9392],[21.1225],[22.5069],[24.1216],[25.7284],[26.9706],[27.649],[27.8324],[27.7696],[27.6314],[27.3127],[26.6029],[25.4186],[23.9618],[22.6059],[21.6706],[21.2176],[21.0196],[20.8618],[20.8314],[21.4206],[23.2176],[26.1706],[29.2745],[31.1725],[31.3118],[30.5529],[21.9902],[23.1118],[24.1353],[25.101],[25.9794],[26.6892],[27.1451],[27.3824],[27.551],[27.7363],[27.7578],[27.3049],[26.2402],[24.85],[23.6382],[22.9333],[22.6598],[22.5118],[22.3137],[22.2049],[22.7118],[24.35],[27.1137],[30.2157],[32.3824],[32.7775],[31.7775],[22.8637],[23.852],[24.5539],[25],[25.3588],[25.7951],[26.3039],[26.7667],[27.1824],[27.5608],[27.7931],[27.6088],[26.8882],[25.8412],[24.9167],[24.3392],[24.0716],[23.901],[23.7529],[23.6971],[23.9471],[24.7873],[26.4559],[28.8245],[31.2039],[32.6706],[32.7578],[22.2196],[23.05],[23.6147],[23.8873],[24.1029],[24.5049],[25.0931],[25.6539],[26.0765],[26.4118],[26.6971],[26.8216],[26.6637],[26.2951],[25.9078],[25.6127],[25.3912],[25.2618],[25.2971],[25.4235],[25.4696],[25.4275],[25.698],[26.8098],[28.7627],[30.8176],[31.9706],[20.5971],[21.1882],[21.6667],[21.9853],[22.2784],[22.699],[23.2304],[23.6608],[23.9127],[24.102],[24.3833],[24.7922],[25.2235],[25.598],[25.8461],[25.9147],[25.8412],[25.8265],[25.9961],[26.2225],[26.1627],[25.7029],[25.2529],[25.4873],[26.6529],[28.2667],[29.3931],[18.9176],[19.1775],[19.4853],[19.8275],[20.201],[20.6206],[21.0127],[21.2735],[21.3931],[21.5029],[21.7863],[22.3078],[23.0598],[23.8373],[24.401],[24.6235],[24.6196],[24.65],[24.7814],[24.8147],[24.5471],[24.1353],[24.0059],[24.4147],[25.2206],[25.9892],[26.3137]]},{"header":{"disciplineName":["Meteorological products"],"parameterCategory":[2],"parameterCategoryName":["u-component of wind"],"parameterNumberName":["u-component of wind"],"parameterNumber":[2],"parameterUnits":["m s-1"],"refTime":["2017-03-17T0000:00.000Z"],"numberPoints":[621],"nx":[27],"ny":[23],"lo1":[-20],"la1":[70],"lo2":[45],"la2":[45],"dx":[2.5],"dy":[2.5]},"data":[[1.8588],[2.0196],[2.1539],[2.2735],[2.4118],[2.5961],[2.8382],[3.1461],[3.499],[3.8667],[4.2284],[4.5294],[4.7549],[4.9069],[4.9931],[5.0392],[5.0902],[5.1412],[5.2147],[5.2892],[5.3431],[5.3676],[5.3186],[5.1922],[5.0029],[4.7608],[4.4902],[1.9],[2.2618],[2.549],[2.751],[2.9225],[3.0971],[3.3245],[3.6167],[3.9637],[4.3382],[4.6794],[4.9382],[5.0863],[5.1108],[5.0471],[4.9451],[4.8441],[4.7931],[4.8039],[4.8618],[4.9245],[4.9588],[4.9304],[4.8137],[4.6098],[4.35],[4.0657],[2.4971],[3.001],[3.3794],[3.6176],[3.7559],[3.8402],[3.9392],[4.0686],[4.2657],[4.4902],[4.699],[4.8206],[4.8451],[4.7392],[4.5471],[4.3294],[4.1412],[4.0275],[4.0108],[4.0814],[4.1882],[4.298],[4.3598],[4.352],[4.2804],[4.1569],[4.0088],[3.651],[4.0863],[4.4088],[4.5892],[4.6451],[4.5892],[4.4931],[4.4108],[4.3667],[4.3794],[4.4127],[4.4176],[4.3765],[4.2716],[4.1431],[4.0039],[3.9324],[3.9157],[3.9775],[4.0941],[4.2412],[4.3882],[4.5118],[4.6059],[4.6598],[4.6892],[4.6892],[5.1853],[5.2961],[5.3784],[5.3951],[5.3157],[5.1539],[4.9245],[4.6922],[4.4922],[4.3412],[4.2627],[4.2225],[4.201],[4.2049],[4.2451],[4.3284],[4.4529],[4.6225],[4.8029],[4.9608],[5.1059],[5.2216],[5.3196],[5.4196],[5.5196],[5.602],[5.6667],[6.9902],[6.6549],[6.3902],[6.1627],[5.9559],[5.7186],[5.4637],[5.2127],[4.999],[4.8402],[4.7451],[4.6912],[4.6686],[4.6843],[4.7392],[4.85],[5.0206],[5.2137],[5.4049],[5.5549],[5.6569],[5.7314],[5.8039],[5.9],[6.0245],[6.1598],[6.2598],[8.8216],[8.1775],[7.6147],[7.1863],[6.8461],[6.5676],[6.3176],[6.1235],[5.9814],[5.8961],[5.849],[5.7873],[5.6765],[5.5127],[5.3127],[5.1549],[5.051],[5.0245],[5.0451],[5.0833],[5.1412],[5.2039],[5.2931],[5.4324],[5.6196],[5.8539],[6.0961],[10.0451],[9.3245],[8.6657],[8.1412],[7.7471],[7.4529],[7.2275],[7.0618],[6.9539],[6.8941],[6.8608],[6.7667],[6.5578],[6.201],[5.7422],[5.2578],[4.8186],[4.4735],[4.2451],[4.0892],[4.0029],[3.9716],[4.0225],[4.152],[4.3833],[4.702],[5.102],[10.0206],[9.352],[8.7265],[8.2333],[7.898],[7.6951],[7.5451],[7.4039],[7.2382],[7.0775],[6.9137],[6.7353],[6.4912],[6.1559],[5.7069],[5.2108],[4.702],[4.2225],[3.799],[3.401],[3.0451],[2.7657],[2.6108],[2.6216],[2.8118],[3.1676],[3.6382],[8.7794],[8.1137],[7.4882],[7.0382],[6.8333],[6.8422],[6.9343],[6.952],[6.799],[6.5],[6.1167],[5.7686],[5.4892],[5.2755],[5.0716],[4.8118],[4.4725],[4.0461],[3.5422],[2.9569],[2.352],[1.8137],[1.4559],[1.3461],[1.5088],[1.8755],[2.3725],[6.9176],[6.2098],[5.5265],[5.0686],[5.002],[5.2902],[5.8098],[6.2637],[6.4088],[6.1784],[5.7059],[5.1765],[4.7598],[4.5029],[4.3059],[4.0706],[3.7167],[3.2618],[2.7049],[2.099],[1.4804],[0.9539],[0.6157],[0.549],[0.7441],[1.1284],[1.6127],[4.8794],[4.2559],[3.6863],[3.3559],[3.4794],[4.1196],[5.1265],[6.1569],[6.8578],[7.0186],[6.7108],[6.1451],[5.5294],[4.9304],[4.2853],[3.5471],[2.7422],[1.9588],[1.3137],[0.8245],[0.5098],[0.3324],[0.2951],[0.3549],[0.4902],[0.702],[1.001],[2.7255],[2.5431],[2.5186],[2.7392],[3.3069],[4.2657],[5.5294],[6.8412],[7.8686],[8.3922],[8.3716],[7.9412],[7.2196],[6.2422],[5.0275],[3.6559],[2.2971],[1.1824],[0.4667],[0.1784],[0.2353],[0.5118],[0.8176],[0.9912],[0.9059],[0.65],[0.4294],[0.9157],[1.4824],[2.4],[3.499],[4.6029],[5.648],[6.6059],[7.4402],[8.0676],[8.4216],[8.4794],[8.2373],[7.6618],[6.7049],[5.4108],[3.9784],[2.6686],[1.6843],[1.1245],[0.9578],[1.1725],[1.6608],[2.2353],[2.5912],[2.4157],[1.6853],[0.7098],[0.3578],[1.6676],[3.3598],[5.0186],[6.2559],[6.8422],[6.8676],[6.5373],[6.1196],[5.8127],[5.6833],[5.6343],[5.4382],[4.9706],[4.2931],[3.6294],[3.1667],[2.902],[2.7137],[2.5627],[2.6039],[3.0373],[3.8255],[4.5931],[4.7588],[4.0137],[2.5167],[1.2961],[2.8412],[4.4706],[5.7686],[6.3078],[5.9716],[4.9235],[3.5304],[2.2461],[1.4176],[1.1735],[1.3216],[1.5696],[1.7157],[1.8412],[2.2],[2.8049],[3.3833],[3.5912],[3.4235],[3.248],[3.5539],[4.499],[5.7039],[6.4422],[6.1225],[4.6765],[2.3784],[3.4598],[4.1706],[4.2735],[3.6853],[2.5098],[1.0059],[-0.4922],[-1.7078],[-2.3912],[-2.4804],[-2.151],[-1.6922],[-1.2529],[-0.6765],[0.2186],[1.3833],[2.3951],[2.8853],[2.8922],[2.8529],[3.2167],[4.0676],[5.1157],[5.8529],[5.8431],[4.8902],[1.7873],[2.0402],[1.651],[0.6843],[-0.6108],[-1.899],[-2.8922],[-3.5324],[-3.8725],[-3.9833],[-3.8686],[-3.5873],[-3.2039],[-2.751],[-2.1127],[-1.1569],[-0.002],[1.0167],[1.6775],[2.151],[2.6569],[3.2206],[3.5794],[3.5569],[3.2814],[2.9461],[2.551],[-0.9922],[-1.3569],[-2.202],[-3.3333],[-4.3775],[-4.9941],[-5.0353],[-4.6363],[-4.1608],[-3.8931],[-3.8294],[-3.749],[-3.4539],[-2.8794],[-2.0353],[-0.999],[0.0784],[0.9941],[1.7912],[2.6922],[3.698],[4.3029],[3.8686],[2.3765],[0.6333],[-0.3814],[-0.4039],[-4.9049],[-5.3451],[-5.9059],[-6.3745],[-6.5706],[-6.3882],[-5.8059],[-4.9775],[-4.2794],[-4.0157],[-4.0618],[-4.0059],[-3.4529],[-2.399],[-1.0686],[0.2892],[1.4549],[2.3598],[3.1078],[3.9569],[4.8216],[5.0676],[3.9814],[1.6324],[-0.8588],[-2.1951],[-2.0529],[-8.4637],[-8.6912],[-8.7608],[-8.5059],[-8.0167],[-7.4784],[-6.9343],[-6.3422],[-5.8382],[-5.5961],[-5.4765],[-5.048],[-4.0049],[-2.4892],[-0.8422],[0.648],[1.8343],[2.6412],[3.0922],[3.3647],[3.5245],[3.2598],[2.1284],[0.1706],[-1.7824],[-2.7637],[-2.5627],[-10.4539],[-10.6176],[-10.5559],[-10.0843],[-9.4569],[-9.0578],[-8.9157],[-8.7971],[-8.5392],[-8.2],[-7.748],[-6.9255],[-5.6529],[-4.1951],[-2.8755],[-1.7863],[-0.8755],[-0.2775],[-0.1343],[-0.3912],[-0.7716],[-1.1069],[-1.5461],[-2.1833],[-2.8284],[-3.1373],[-2.9961],[-9.9078],[-10.3049],[-10.5304],[-10.3431],[-9.9873],[-9.898],[-10.1353],[-10.3814],[-10.3902],[-10.1814],[-9.7451],[-9.0294],[-8.0873],[-7.2147],[-6.5569],[-5.999],[-5.3853],[-4.8755],[-4.7627],[-4.9716],[-5.1451],[-4.9314],[-4.3627],[-3.7245],[-3.2667],[-3.0647],[-2.9735]]},{"header":{"disciplineName":["Meteorological products"],"parameterCategory":[2],"parameterCategoryName":["v-component of wind"],"parameterNumberName":["v-component of wind"],"parameterNumber":[3],"parameterUnits":["m s-1"],"refTime":["2017-03-17T0000:00.000Z"],"numberPoints":[621],"nx":[27],"ny":[23],"lo1":[-20],"la1":[70],"lo2":[45],"la2":[45],"dx":[2.5],"dy":[2.5]},"data":[[-0.449],[-0.0627],[0.4275],[0.9833],[1.5775],[2.1559],[2.6627],[3.0559],[3.3098],[3.4157],[3.3775],[3.2549],[3.0667],[2.8637],[2.6608],[2.4745],[2.2863],[2.0676],[1.8069],[1.4784],[1.0922],[0.6794],[0.2804],[-0.0608],[-0.3108],[-0.4647],[-0.5304],[0.3588],[0.6637],[1.0549],[1.5265],[2.0676],[2.6078],[3.1176],[3.5137],[3.7471],[3.7951],[3.6725],[3.4324],[3.1245],[2.8382],[2.5971],[2.4049],[2.25],[2.0539],[1.7961],[1.4245],[0.9529],[0.4078],[-0.1275],[-0.5922],[-0.9353],[-1.1294],[-1.1931],[1.4392],[1.5657],[1.7373],[1.9922],[2.3598],[2.798],[3.248],[3.6206],[3.8275],[3.8284],[3.6225],[3.2784],[2.8775],[2.5069],[2.2225],[2.0324],[1.9118],[1.7843],[1.5804],[1.2657],[0.8196],[0.2922],[-0.249],[-0.7275],[-1.0961],[-1.3245],[-1.4275],[2.301],[2.2431],[2.1912],[2.2314],[2.3941],[2.6853],[3.0363],[3.3549],[3.5461],[3.5598],[3.3657],[3.048],[2.6716],[2.3245],[2.0725],[1.9039],[1.7961],[1.6853],[1.5206],[1.2647],[0.9167],[0.501],[0.052],[-0.3647],[-0.7294],[-1.0275],[-1.2559],[2.5412],[2.4422],[2.3127],[2.2353],[2.2569],[2.3902],[2.6157],[2.848],[3.0167],[3.0814],[3.0235],[2.8784],[2.7049],[2.5373],[2.3931],[2.2608],[2.1118],[1.9235],[1.6873],[1.4275],[1.1324],[0.8206],[0.4833],[0.1127],[-0.2882],[-0.7157],[-1.15],[2.1529],[2.0902],[2.0059],[1.9167],[1.8765],[1.9059],[2.002],[2.1471],[2.2971],[2.4343],[2.5441],[2.6343],[2.7157],[2.7745],[2.7667],[2.6608],[2.4441],[2.1471],[1.8284],[1.5392],[1.301],[1.0696],[0.7951],[0.4363],[-0.05],[-0.6127],[-1.1784],[1.2951],[1.2569],[1.2069],[1.1637],[1.1324],[1.1578],[1.2539],[1.4157],[1.6157],[1.8294],[2.0627],[2.2843],[2.4863],[2.6255],[2.6471],[2.5235],[2.2696],[1.9549],[1.6667],[1.4853],[1.3676],[1.2578],[1.0451],[0.6814],[0.1843],[-0.3775],[-0.9108],[0.2441],[0.1088],[0.0588],[0.0853],[0.1941],[0.3784],[0.6373],[0.949],[1.2725],[1.5667],[1.8049],[1.9784],[2.0863],[2.102],[2.0147],[1.8078],[1.551],[1.3284],[1.2186],[1.2333],[1.3098],[1.3314],[1.1882],[0.8931],[0.5118],[0.1559],[-0.1186],[-0.8304],[-1.0667],[-1.0755],[-0.8657],[-0.5196],[-0.0716],[0.4049],[0.8422],[1.2245],[1.4902],[1.6333],[1.6853],[1.6363],[1.5147],[1.3098],[1.0451],[0.8029],[0.6618],[0.6706],[0.8118],[0.9755],[1.0559],[1.0059],[0.8804],[0.7843],[0.7912],[0.8363],[-1.8216],[-2.0833],[-1.952],[-1.4775],[-0.7951],[-0.1059],[0.4735],[0.8451],[1.0265],[1.0814],[1.0765],[1.0745],[1.0637],[1.002],[0.8549],[0.6275],[0.3882],[0.2275],[0.1873],[0.252],[0.3441],[0.4186],[0.5069],[0.6804],[1.0039],[1.4069],[1.6667],[-2.7314],[-2.9843],[-2.6725],[-1.8588],[-0.8049],[0.1422],[0.7235],[0.852],[0.6314],[0.3059],[0.099],[0.1196],[0.2873],[0.45],[0.4598],[0.302],[0.0529],[-0.1716],[-0.3029],[-0.3461],[-0.3382],[-0.2275],[0.0627],[0.6363],[1.4471],[2.2333],[2.6137],[-3.5245],[-3.7725],[-3.2902],[-2.1284],[-0.6284],[0.6814],[1.3863],[1.3196],[0.6716],[-0.1157],[-0.6431],[-0.7588],[-0.5725],[-0.4],[-0.45],[-0.701],[-0.9853],[-1.1206],[-1.0775],[-0.95],[-0.799],[-0.5784],[-0.1078],[0.75],[1.9245],[3.0676],[3.6716],[-3.9843],[-4.1314],[-3.4363],[-1.9049],[0.0451],[1.7892],[2.7304],[2.6108],[1.6412],[0.3725],[-0.6402],[-1.1657],[-1.4088],[-1.701],[-2.202],[-2.7529],[-3.0333],[-2.8373],[-2.2451],[-1.5588],[-1.0069],[-0.5922],[-0.1118],[0.65],[1.7824],[3.0559],[3.9843],[-3.7873],[-3.6167],[-2.5892],[-0.7676],[1.4353],[3.352],[4.3598],[4.1333],[2.8902],[1.2353],[-0.2412],[-1.3069],[-2.1873],[-3.1794],[-4.2902],[-5.152],[-5.3216],[-4.649],[-3.4059],[-2.0686],[-1],[-0.3137],[0.0912],[0.451],[1.0049],[1.8706],[2.8667],[-2.8078],[-2.1353],[-0.7627],[1.1078],[3.0716],[4.5882],[5.1667],[4.6235],[3.1931],[1.4382],[-0.1549],[-1.501],[-2.8118],[-4.2814],[-5.6961],[-6.5931],[-6.551],[-5.598],[-4.0686],[-2.4088],[-0.898],[0.2873],[0.948],[0.9824],[0.6137],[0.4108],[0.7971],[-1.2931],[-0.201],[1.2892],[2.8196],[4.0235],[4.6049],[4.4333],[3.5255],[2.1902],[0.7961],[-0.4686],[-1.7039],[-3.1304],[-4.7078],[-6.0363],[-6.6539],[-6.3951],[-5.5078],[-4.298],[-2.8176],[-0.9833],[1.0216],[2.4892],[2.6324],[1.3755],[-0.3039],[-1.1451],[0.2745],[1.4402],[2.65],[3.498],[3.752],[3.3931],[2.6098],[1.6539],[0.7971],[0.099],[-0.6157],[-1.6853],[-3.1863],[-4.7676],[-5.8216],[-6.0549],[-5.6706],[-5.1196],[-4.5353],[-3.4706],[-1.399],[1.4657],[3.8971],[4.4029],[2.5304],[-0.4902],[-2.599],[1.3637],[2.2127],[2.8284],[2.9618],[2.5382],[1.75],[0.8951],[0.3108],[0.1314],[0.1157],[-0.251],[-1.3755],[-3.1029],[-4.7363],[-5.5549],[-5.4833],[-5.0647],[-4.8461],[-4.698],[-3.851],[-1.6735],[1.5255],[4.2667],[4.8265],[2.6118],[-1.0461],[-3.7765],[1.7108],[2.0373],[2.0294],[1.7216],[1.1804],[0.5588],[0.1078],[0.0402],[0.3647],[0.6804],[0.3647],[-0.902],[-2.7363],[-4.2657],[-4.8294],[-4.5971],[-4.2775],[-4.2265],[-4.1078],[-3.1765],[-1.0902],[1.5696],[3.5333],[3.5657],[1.3706],[-1.9559],[-4.452],[1.4294],[1.301],[0.9127],[0.5157],[0.2431],[0.1157],[0.1265],[0.3686],[0.799],[1.0755],[0.7176],[-0.4392],[-1.9118],[-2.9412],[-3.1755],[-2.9735],[-2.8902],[-2.9912],[-2.701],[-1.5873],[0.1127],[1.5725],[2.0431],[1.2961],[-0.399],[-2.45],[-4.0324],[0.9294],[0.602],[0.1108],[-0.1608],[-0.1088],[0.098],[0.3069],[0.5245],[0.7588],[0.8431],[0.5265],[-0.1892],[-0.9588],[-1.3529],[-1.3569],[-1.3598],[-1.6716],[-1.9745],[-1.6382],[-0.5382],[0.5618],[0.7382],[-0.1676],[-1.4],[-2.1902],[-2.5333],[-2.9265],[0.5275],[0.2304],[-0.1765],[-0.3275],[-0.1706],[0.0637],[0.1873],[0.2049],[0.1755],[0.0824],[-0.1255],[-0.4225],[-0.6539],[-0.7245],[-0.8],[-1.1569],[-1.8127],[-2.2833],[-2.0196],[-1.1422],[-0.5863],[-1.2078],[-2.8039],[-4.1206],[-4.1265],[-3.1539],[-2.4569],[0.1422],[-0.0618],[-0.3578],[-0.4608],[-0.3775],[-0.2686],[-0.2696],[-0.3784],[-0.5304],[-0.7059],[-0.8912],[-1.0539],[-1.202],[-1.4049],[-1.8118],[-2.4971],[-3.2686],[-3.6912],[-3.4314],[-2.7275],[-2.3588],[-3.0353],[-4.5578],[-5.801],[-5.6824],[-4.3765],[-3.1147]]}]