html/data/WT_san09_ind_wt_6_3.json
[{"header":{"disciplineName":["Meteorological products"],"parameterCategory":[0],"parameterCategoryName":["Temperature"],"parameterNumberName":["Temperature"],"parameterNumber":[0],"parameterUnits":["K"],"refTime":["2017-03-17T0000:00.000Z"],"numberPoints":[621],"nx":[27],"ny":[23],"lo1":[-20],"la1":[70],"lo2":[45],"la2":[45],"dx":[2.5],"dy":[2.5]},"data":[[-2.1786],[-2.3038],[-2.3907],[-2.4654],[-2.5104],[-2.5313],[-2.517],[-2.4357],[-2.2874],[-2.0654],[-1.7819],[-1.4379],[-1.0599],[-0.6874],[-0.3511],[-0.0907],[0.083],[0.1346],[0.1005],[-0.006],[-0.1621],[-0.3115],[-0.4632],[-0.561],[-0.628],[-0.6577],[-0.6753],[-1.4621],[-1.5247],[-1.5588],[-1.5764],[-1.5621],[-1.5335],[-1.4654],[-1.35],[-1.1566],[-0.894],[-0.5423],[-0.1247],[0.3192],[0.7555],[1.1423],[1.428],[1.6016],[1.6555],[1.594],[1.4599],[1.2885],[1.1434],[1.0357],[0.9984],[1.0313],[1.1071],[1.1885],[-0.394],[-0.3786],[-0.3632],[-0.3302],[-0.283],[-0.2236],[-0.1247],[0.0269],[0.2368],[0.528],[0.8731],[1.2819],[1.7049],[2.1192],[2.472],[2.7511],[2.9137],[2.9687],[2.9324],[2.8412],[2.7401],[2.6863],[2.717],[2.8192],[2.9819],[3.1753],[3.3654],[0.8159],[0.8577],[0.894],[0.9203],[0.9544],[1.0346],[1.1632],[1.3566],[1.6192],[1.9423],[2.2951],[2.6643],[3.0401],[3.3918],[3.706],[3.9555],[4.1192],[4.2093],[4.239],[4.2456],[4.2764],[4.3687],[4.5434],[4.783],[5.0544],[5.3346],[5.5632],[1.8984],[1.9654],[1.9973],[1.9984],[2.0049],[2.0632],[2.2038],[2.4291],[2.7192],[3.0489],[3.372],[3.6885],[3.9841],[4.2555],[4.5038],[4.7401],[4.9236],[5.072],[5.1918],[5.3192],[5.4808],[5.7038],[6.0016],[6.3313],[6.6599],[6.9478],[7.183],[2.9082],[3.0522],[3.1137],[3.106],[3.0764],[3.0929],[3.2016],[3.383],[3.6236],[3.8753],[4.0896],[4.2621],[4.4137],[4.5742],[4.7643],[4.9786],[5.2104],[5.4357],[5.6654],[5.9126],[6.2082],[6.5621],[6.9511],[7.3346],[7.6588],[7.9148],[8.0874],[4.0434],[4.2533],[4.3599],[4.3643],[4.3203],[4.2896],[4.3236],[4.4302],[4.561],[4.6951],[4.7709],[4.7973],[4.8148],[4.8764],[5.0236],[5.2588],[5.5588],[5.8863],[6.2489],[6.6258],[7.0599],[7.5115],[7.9797],[8.3819],[8.6621],[8.8137],[8.8874],[5.2137],[5.3984],[5.5038],[5.5093],[5.4918],[5.4588],[5.4764],[5.5247],[5.617],[5.717],[5.7819],[5.8126],[5.8357],[5.8951],[6.0346],[6.2841],[6.6225],[7.0357],[7.4687],[7.9115],[8.3731],[8.8621],[9.3302],[9.7192],[9.9676],[10.0698],[10.083],[6.1676],[6.2621],[6.3522],[6.45],[6.5335],[6.5973],[6.6412],[6.6973],[6.8071],[6.9907],[7.2148],[7.4434],[7.6071],[7.7302],[7.8412],[8.0049],[8.2665],[8.5918],[8.9478],[9.2775],[9.5841],[9.9104],[10.2687],[10.6324],[10.9445],[11.1808],[11.3643],[6.9357],[7.028],[7.2522],[7.5775],[7.8951],[8.0962],[8.1654],[8.1885],[8.2841],[8.5379],[8.928],[9.3478],[9.6566],[9.7709],[9.7379],[9.6753],[9.706],[9.8335],[9.9929],[10.1038],[10.1346],[10.1995],[10.3885],[10.7566],[11.2335],[11.7269],[12.2225],[7.7577],[8.0566],[8.583],[9.2181],[9.7687],[10.0797],[10.1434],[10.0973],[10.1038],[10.2951],[10.683],[11.1159],[11.4049],[11.4071],[11.1698],[10.8709],[10.7005],[10.7291],[10.8302],[10.8588],[10.7577],[10.6852],[10.8412],[11.2885],[11.9203],[12.5599],[13.0984],[8.7885],[9.3434],[10.094],[10.8566],[11.4841],[11.8654],[12.0093],[12.0159],[12.0137],[12.1126],[12.3379],[12.6016],[12.7434],[12.6269],[12.2841],[11.9148],[11.7698],[11.9412],[12.2511],[12.4819],[12.5566],[12.6599],[13.039],[13.739],[14.5236],[15.0676],[15.2423],[9.928],[10.539],[11.1863],[11.806],[12.3522],[12.8533],[13.3137],[13.6995],[13.9302],[14.017],[14.0335],[14.0467],[14.0313],[13.883],[13.5808],[13.3016],[13.2885],[13.661],[14.2346],[14.7577],[15.1214],[15.5775],[16.3918],[17.5368],[18.6181],[19.2027],[19.1049],[11.0027],[11.4214],[11.7819],[12.1929],[12.7918],[13.6885],[14.7489],[15.7159],[16.272],[16.3577],[16.1423],[15.8984],[15.7566],[15.6148],[15.3588],[15.0731],[14.9907],[15.2797],[15.8247],[16.3577],[16.8291],[17.5379],[18.7621],[20.4313],[22.0225],[23.0588],[23.4214],[11.9038],[12.1258],[12.3907],[12.9522],[14.0258],[15.5808],[17.3038],[18.6874],[19.3434],[19.2654],[18.7841],[18.339],[18.083],[17.8786],[17.5038],[16.9786],[16.5533],[16.4467],[16.6115],[16.8335],[17.1544],[17.9247],[19.4313],[21.4973],[23.5291],[25.0929],[26.3104],[12.6192],[12.9104],[13.4698],[14.5962],[16.4115],[18.6412],[20.7236],[22.0797],[22.483],[22.1423],[21.5302],[21.0423],[20.7269],[20.3709],[19.7445],[18.9005],[18.1049],[17.6181],[17.3918],[17.3027],[17.4775],[18.3104],[20.0764],[22.3863],[24.461],[25.9291],[27.2841],[13.5335],[14.1456],[15.1511],[16.8236],[19.1192],[21.5764],[23.5379],[24.5357],[24.6225],[24.239],[23.8335],[23.5434],[23.2236],[22.6478],[21.7775],[20.7577],[19.8555],[19.2511],[18.8874],[18.7181],[18.9533],[20.0247],[22.139],[24.7027],[26.628],[27.3445],[27.6005],[15.2863],[16.2533],[17.5093],[19.2137],[21.3148],[23.3918],[24.9049],[25.5643],[25.639],[25.617],[25.6962],[25.7049],[25.3027],[24.4566],[23.3819],[22.3665],[21.5511],[20.9885],[20.6566],[20.5863],[20.9852],[22.2808],[24.6643],[27.5269],[29.5544],[29.7764],[28.7247],[18.0511],[19.2555],[20.428],[21.6775],[23.0632],[24.4302],[25.4841],[26.0698],[26.4313],[26.906],[27.4324],[27.5445],[26.9137],[25.7533],[24.5698],[23.6335],[22.8918],[22.3093],[21.9753],[22.0324],[22.5511],[23.739],[25.8808],[28.7368],[31.1456],[31.8269],[30.639],[20.9819],[22.2467],[23.2148],[23.9291],[24.6016],[25.3786],[26.1544],[26.8148],[27.4346],[28.1632],[28.7676],[28.7621],[27.9016],[26.6357],[25.5709],[24.8346],[24.1434],[23.4434],[23.0929],[23.3225],[23.9236],[24.6962],[25.961],[28.0764],[30.572],[32.1643],[32.0346],[22.828],[23.9324],[24.7181],[25.1511],[25.4709],[25.9753],[26.6434],[27.2973],[27.8698],[28.4467],[28.8775],[28.7742],[28.0489],[27.1357],[26.5423],[26.1819],[25.6346],[24.9258],[24.6368],[25.0709],[25.7467],[26.0973],[26.3555],[27.3346],[29.2324],[31.1379],[31.9489],[23.0027],[23.7709],[24.3764],[24.7324],[25.0181],[25.4852],[26.0764],[26.5478],[26.8434],[27.1038],[27.394],[27.4863],[27.3137],[27.1225],[27.1478],[27.2016],[26.8929],[26.3555],[26.1819],[26.6236],[27.1951],[27.2962],[27.1357],[27.4973],[28.6874],[30.0324],[30.6643],[21.9412],[22.3258],[22.7115],[23.0269],[23.3742],[23.8368],[24.3236],[24.6126],[24.6599],[24.7071],[24.9621],[25.4181],[25.8918],[26.3445],[26.7709],[26.9709],[26.8335],[26.5566],[26.4511],[26.5522],[26.5665],[26.45],[26.6126],[27.4247],[28.5742],[29.2522],[29.0049]]},{"header":{"disciplineName":["Meteorological products"],"parameterCategory":[2],"parameterCategoryName":["u-component of wind"],"parameterNumberName":["u-component of wind"],"parameterNumber":[2],"parameterUnits":["m s-1"],"refTime":["2017-03-17T0000:00.000Z"],"numberPoints":[621],"nx":[27],"ny":[23],"lo1":[-20],"la1":[70],"lo2":[45],"la2":[45],"dx":[2.5],"dy":[2.5]},"data":[[1.4363],[1.4879],[1.533],[1.5901],[1.678],[1.8209],[2.0121],[2.2604],[2.5582],[2.8714],[3.1868],[3.4736],[3.7176],[3.9154],[4.0736],[4.2033],[4.3407],[4.4813],[4.6308],[4.8055],[4.9681],[5.1088],[5.2055],[5.2484],[5.2516],[5.2176],[5.1703],[1.7758],[2.1121],[2.3967],[2.6231],[2.8099],[2.9714],[3.1462],[3.3407],[3.5516],[3.7714],[3.9791],[4.1549],[4.2802],[4.3593],[4.389],[4.4187],[4.4725],[4.5714],[4.7253],[4.9253],[5.144],[5.3418],[5.4912],[5.5758],[5.5978],[5.578],[5.533],[2.1538],[2.6857],[3.133],[3.4714],[3.7121],[3.8681],[3.9736],[4.0604],[4.1374],[4.2187],[4.2835],[4.3385],[4.3418],[4.3099],[4.2615],[4.2165],[4.2286],[4.3066],[4.4835],[4.7385],[5.0165],[5.2868],[5.5154],[5.6681],[5.7571],[5.7945],[5.8165],[2.6418],[3.0835],[3.4626],[3.7473],[3.9429],[4.0231],[4.0242],[3.9659],[3.878],[3.7923],[3.7176],[3.6571],[3.5967],[3.5462],[3.5176],[3.5418],[3.633],[3.8275],[4.1121],[4.4516],[4.8055],[5.1242],[5.3714],[5.5297],[5.6154],[5.6604],[5.7088],[3.3626],[3.5176],[3.7022],[3.8736],[3.9956],[4.0352],[3.9703],[3.8099],[3.6077],[3.3879],[3.2176],[3.0813],[3.0044],[2.9637],[2.9989],[3.111],[3.3286],[3.6385],[4.0077],[4.4066],[4.7516],[5.0187],[5.1813],[5.233],[5.2165],[5.1703],[5.1319],[4.1451],[4.1088],[4.1923],[4.3462],[4.5143],[4.6154],[4.6066],[4.4835],[4.3011],[4.1176],[3.9747],[3.8593],[3.7846],[3.711],[3.6692],[3.6802],[3.7901],[3.9758],[4.2132],[4.4626],[4.6385],[4.7451],[4.7714],[4.7363],[4.6758],[4.6099],[4.5538],[4.8967],[4.8901],[5.0044],[5.2352],[5.5],[5.7088],[5.8066],[5.7978],[5.7604],[5.744],[5.7692],[5.8066],[5.7637],[5.6011],[5.3132],[4.9846],[4.6736],[4.4352],[4.2637],[4.1308],[4.0143],[3.9022],[3.844],[3.8725],[3.9637],[4.1099],[4.2626],[5.7989],[5.8582],[6.0033],[6.2253],[6.4846],[6.7121],[6.8286],[6.8626],[6.8703],[6.9352],[7.0901],[7.2516],[7.2703],[7.0473],[6.5747],[5.9209],[5.2099],[4.5451],[3.9659],[3.4538],[3.0275],[2.733],[2.622],[2.7374],[3.0484],[3.4714],[3.9253],[6.756],[6.756],[6.7604],[6.8297],[6.9659],[7.078],[7.1143],[7.0187],[6.8681],[6.7505],[6.7352],[6.8044],[6.8308],[6.6824],[6.2846],[5.6912],[5.0341],[4.356],[3.7022],[3.0791],[2.5143],[2.0835],[1.8681],[1.9187],[2.2165],[2.667],[3.1813],[7.0912],[6.9253],[6.7077],[6.5549],[6.5044],[6.5407],[6.5242],[6.3604],[6.0143],[5.5934],[5.244],[5.0451],[4.9648],[4.9044],[4.7934],[4.6154],[4.3846],[4.0956],[3.7165],[3.2418],[2.7242],[2.2648],[1.9484],[1.8077],[1.8396],[2.0187],[2.3],[6.3901],[6.1011],[5.7198],[5.344],[5.1516],[5.1758],[5.3187],[5.3989],[5.256],[4.8923],[4.4462],[4.067],[3.822],[3.7088],[3.7187],[3.7813],[3.8571],[3.8352],[3.656],[3.3198],[2.9264],[2.5681],[2.2912],[2.067],[1.8846],[1.767],[1.7868],[5.2758],[4.9066],[4.4154],[3.9121],[3.622],[3.722],[4.1934],[4.8176],[5.3154],[5.5275],[5.4571],[5.1945],[4.8473],[4.5066],[4.2396],[4.0769],[3.9549],[3.756],[3.4055],[2.9703],[2.6066],[2.4132],[2.3582],[2.2747],[2.0703],[1.8385],[1.733],[4.5593],[4.1044],[3.5813],[3.0824],[2.8264],[3.0615],[3.8121],[4.8714],[5.9132],[6.6967],[7.1264],[7.1846],[6.9176],[6.4198],[5.8527],[5.3242],[4.8473],[4.3132],[3.678],[3.0396],[2.6088],[2.5209],[2.6593],[2.756],[2.6099],[2.2857],[2.0044],[4.0923],[3.589],[3.2264],[2.9967],[3.0209],[3.411],[4.1352],[5.0176],[5.8571],[6.5582],[7.0945],[7.4165],[7.4857],[7.2736],[6.8824],[6.4912],[6.1253],[5.6824],[5.0714],[4.3802],[3.8714],[3.7275],[3.8989],[4.0802],[3.9802],[3.5538],[2.9363],[3.3044],[3.0275],[3.0901],[3.3879],[3.7967],[4.2154],[4.5022],[4.5813],[4.4912],[4.4593],[4.6714],[5.1725],[5.7451],[6.1956],[6.467],[6.6813],[6.8615],[6.9088],[6.6516],[6.1033],[5.5319],[5.2626],[5.3846],[5.7044],[5.8626],[5.5912],[4.8022],[2.6231],[2.9308],[3.5725],[4.3176],[4.867],[4.9813],[4.5736],[3.7363],[2.7813],[2.122],[2.0945],[2.7176],[3.6637],[4.556],[5.2176],[5.7297],[6.1813],[6.5],[6.4945],[6.1341],[5.6407],[5.3956],[5.5989],[6.2275],[6.9198],[7.2341],[6.7473],[3.1802],[4.089],[5.078],[5.8198],[5.9835],[5.4813],[4.4791],[3.278],[2.2516],[1.6868],[1.7451],[2.3297],[3.0868],[3.6681],[3.9022],[3.9352],[3.9593],[4.0165],[4.0231],[3.9516],[3.8967],[4.0374],[4.4934],[5.2956],[6.2923],[7.1066],[7.2308],[4.8967],[5.9],[6.6374],[6.8176],[6.2945],[5.2297],[4.0582],[3.2066],[2.8231],[2.7978],[2.933],[3.0835],[3.1],[2.8407],[2.3154],[1.6495],[1.1099],[0.8538],[0.9901],[1.5132],[2.3275],[3.178],[3.844],[4.2813],[4.6725],[5.1659],[5.556],[5.8593],[6.2868],[6.2385],[5.6495],[4.6132],[3.4527],[2.6604],[2.4912],[2.7505],[2.9659],[2.7868],[2.2319],[1.5132],[0.7835],[0.1099],[-0.4912],[-0.8956],[-0.9154],[-0.3396],[0.9176],[2.6099],[4.0879],[4.6802],[4.2209],[3.2659],[2.6385],[2.722],[4.1495],[3.811],[3.011],[1.9868],[0.9989],[0.2912],[0.1132],[0.4275],[0.8516],[0.8319],[0.1703],[-0.8],[-1.5857],[-1.9154],[-1.8429],[-1.5505],[-1.1473],[-0.5967],[0.3418],[1.8374],[3.6791],[5.1516],[5.3923],[4.178],[2.1901],[0.6011],[0.1956],[-0.2165],[-0.8462],[-1.7648],[-2.5319],[-2.9363],[-2.9967],[-2.7582],[-2.3813],[-2.1626],[-2.4297],[-3.1033],[-3.7769],[-3.9407],[-3.467],[-2.5165],[-1.3912],[-0.3495],[0.4956],[1.244],[2.1275],[3.1868],[3.9835],[3.8758],[2.6505],[0.7747],[-0.8044],[-1.4099],[-5.5835],[-5.8868],[-6.2055],[-6.2022],[-5.8703],[-5.5198],[-5.3242],[-5.2319],[-5.2319],[-5.3341],[-5.4374],[-5.2934],[-4.7473],[-3.8341],[-2.6615],[-1.3758],[-0.2308],[0.4593],[0.6396],[0.589],[0.6385],[0.7429],[0.5835],[0.0011],[-0.8714],[-1.7121],[-2.244],[-10.0846],[-9.9912],[-9.6593],[-8.9385],[-8.1253],[-7.7374],[-7.8802],[-8.1813],[-8.2802],[-8.0209],[-7.4593],[-6.678],[-5.8352],[-5.0121],[-4.0879],[-2.9253],[-1.7868],[-1.222],[-1.4044],[-1.9099],[-2.1967],[-2.1451],[-1.9769],[-1.8571],[-1.8198],[-1.9648],[-2.3681]]},{"header":{"disciplineName":["Meteorological products"],"parameterCategory":[2],"parameterCategoryName":["v-component of wind"],"parameterNumberName":["v-component of wind"],"parameterNumber":[3],"parameterUnits":["m s-1"],"refTime":["2017-03-17T0000:00.000Z"],"numberPoints":[621],"nx":[27],"ny":[23],"lo1":[-20],"la1":[70],"lo2":[45],"la2":[45],"dx":[2.5],"dy":[2.5]},"data":[[-2.3319],[-2.2055],[-1.9209],[-1.5033],[-1.0154],[-0.4813],[0.0176],[0.456],[0.8132],[1.0615],[1.2165],[1.289],[1.3022],[1.2637],[1.1989],[1.1132],[0.9978],[0.8582],[0.6978],[0.5055],[0.3044],[0.1077],[-0.0659],[-0.1857],[-0.2659],[-0.2879],[-0.2802],[-1.367],[-1.2209],[-0.9681],[-0.6187],[-0.211],[0.222],[0.6385],[0.9945],[1.2714],[1.4571],[1.5626],[1.5956],[1.5835],[1.5396],[1.4736],[1.3791],[1.2527],[1.0967],[0.8923],[0.6637],[0.4143],[0.2],[0.0066],[-0.1143],[-0.1648],[-0.1637],[-0.1363],[-0.1066],[-0.0681],[0.0132],[0.1516],[0.3516],[0.5824],[0.811],[1.0209],[1.1835],[1.3],[1.3527],[1.3813],[1.3923],[1.3824],[1.3582],[1.3099],[1.2209],[1.0868],[0.9099],[0.6978],[0.4835],[0.2901],[0.1736],[0.1198],[0.1319],[0.1681],[0.1857],[0.8593],[0.7626],[0.6802],[0.6429],[0.6681],[0.7242],[0.8],[0.8758],[0.9374],[0.9857],[1.044],[1.1055],[1.1967],[1.3044],[1.4066],[1.4769],[1.4802],[1.4066],[1.2505],[1.0516],[0.8505],[0.6934],[0.6011],[0.578],[0.5978],[0.6242],[0.6022],[1.3011],[1.1714],[1.0637],[0.9857],[0.9462],[0.9231],[0.8901],[0.8451],[0.8187],[0.8099],[0.8615],[0.978],[1.1868],[1.4648],[1.7692],[2.0176],[2.1484],[2.1407],[1.9945],[1.7571],[1.4824],[1.2374],[1.0462],[0.9066],[0.8055],[0.7198],[0.633],[1.444],[1.4011],[1.3538],[1.311],[1.2264],[1.1143],[0.978],[0.8297],[0.7],[0.6319],[0.6396],[0.7703],[1.033],[1.422],[1.8769],[2.3033],[2.5857],[2.6681],[2.544],[2.278],[1.9341],[1.589],[1.2451],[0.9231],[0.6418],[0.4055],[0.2626],[1.5516],[1.6066],[1.622],[1.5418],[1.3758],[1.1396],[0.8791],[0.6615],[0.5143],[0.4319],[0.4088],[0.4538],[0.6033],[0.8901],[1.3033],[1.7396],[2.1033],[2.2846],[2.2846],[2.1286],[1.8923],[1.6286],[1.3374],[0.9945],[0.6297],[0.3264],[0.2],[1.6703],[1.7747],[1.7747],[1.6462],[1.3989],[1.0912],[0.7967],[0.6033],[0.5121],[0.4791],[0.4352],[0.3308],[0.211],[0.1626],[0.2747],[0.5341],[0.8385],[1.1],[1.2495],[1.3319],[1.4176],[1.4934],[1.5187],[1.4011],[1.1593],[0.911],[0.8407],[1.6901],[1.7758],[1.7835],[1.6967],[1.5066],[1.2385],[0.956],[0.7571],[0.6769],[0.6725],[0.6165],[0.4055],[0.0451],[-0.3352],[-0.5659],[-0.5582],[-0.3923],[-0.1495],[0.1066],[0.3912],[0.7549],[1.1868],[1.5758],[1.7879],[1.8044],[1.7055],[1.6945],[1.6055],[1.6187],[1.6187],[1.6505],[1.644],[1.4901],[1.1824],[0.811],[0.5341],[0.3989],[0.3231],[0.1615],[-0.167],[-0.589],[-0.9198],[-1.0242],[-0.9275],[-0.7242],[-0.5077],[-0.2396],[0.1538],[0.689],[1.267],[1.7242],[1.9945],[2.1066],[2.1945],[1.4187],[1.2912],[1.2165],[1.3286],[1.5242],[1.5451],[1.2286],[0.6176],[-0.0253],[-0.4451],[-0.5879],[-0.5945],[-0.6703],[-0.8505],[-1.0132],[-1.0429],[-0.911],[-0.7374],[-0.5967],[-0.4593],[-0.211],[0.2088],[0.7747],[1.3484],[1.8473],[2.2451],[2.5571],[1.1253],[0.8154],[0.5813],[0.6945],[1.1121],[1.4813],[1.3967],[0.7495],[-0.1769],[-0.9451],[-1.2879],[-1.2945],[-1.222],[-1.2286],[-1.2934],[-1.2747],[-1.1451],[-0.9549],[-0.7846],[-0.6659],[-0.456],[-0.1033],[0.4121],[1.0473],[1.7516],[2.4791],[3.1231],[0.5802],[0.1901],[-0.1352],[0.0451],[0.811],[1.7538],[2.222],[1.8418],[0.8077],[-0.322],[-1.0758],[-1.3901],[-1.5055],[-1.6835],[-1.9363],[-2.1253],[-2.133],[-1.956],[-1.6648],[-1.311],[-0.8879],[-0.3747],[0.1989],[0.8473],[1.6033],[2.4846],[3.3758],[-0.2725],[-0.5154],[-0.6714],[-0.2473],[0.9516],[2.4846],[3.5066],[3.4374],[2.3495],[0.8846],[-0.3099],[-1.0209],[-1.478],[-1.989],[-2.6033],[-3.1538],[-3.4527],[-3.3879],[-3.022],[-2.4209],[-1.6407],[-0.7857],[0.0132],[0.6582],[1.1978],[1.778],[2.4923],[-1.1582],[-1.0308],[-0.7714],[-0.0033],[1.4341],[3.1418],[4.2692],[4.2165],[3.0505],[1.4736],[0.1868],[-0.5901],[-1.133],[-1.811],[-2.6725],[-3.5242],[-4.1066],[-4.3253],[-4.1451],[-3.5571],[-2.5549],[-1.2593],[0.0033],[0.8143],[0.9923],[0.7912],[0.7066],[-1.4912],[-0.8934],[-0.211],[0.6824],[1.8956],[3.1253],[3.7791],[3.4714],[2.3813],[1.1681],[0.3725],[-0.0176],[-0.4044],[-1.1055],[-2.1011],[-3.1165],[-3.9374],[-4.5011],[-4.7341],[-4.4549],[-3.4055],[-1.5912],[0.4187],[1.744],[1.7154],[0.4868],[-0.9022],[-0.8407],[0.1088],[0.9209],[1.5231],[2.0209],[2.3582],[2.3242],[1.8593],[1.2154],[0.8253],[0.8143],[0.8374],[0.4264],[-0.5319],[-1.7648],[-2.9022],[-3.8319],[-4.6187],[-5.1989],[-5.1791],[-4.0582],[-1.7352],[1.1022],[3.1033],[3.0758],[0.978],[-1.7582],[0.5297],[1.5011],[2.0286],[2.0429],[1.7209],[1.278],[0.833],[0.5418],[0.6132],[1.0824],[1.5945],[1.5681],[0.6659],[-0.867],[-2.4352],[-3.6659],[-4.5615],[-5.2835],[-5.7593],[-5.5022],[-4.0692],[-1.4088],[1.7319],[3.9527],[3.8846],[1.3264],[-2.2275],[1.8121],[2.3615],[2.3473],[1.8308],[1.0857],[0.3989],[0.0121],[0.1132],[0.7429],[1.6198],[2.1121],[1.6198],[0.1022],[-1.8593],[-3.567],[-4.7264],[-5.4703],[-5.9022],[-5.7835],[-4.7725],[-2.8154],[-0.2385],[2.2615],[3.7736],[3.389],[0.8978],[-2.5824],[2.2747],[2.1209],[1.6429],[1.0121],[0.4308],[0.0396],[-0.0462],[0.3165],[1.067],[1.8066],[1.9527],[1.1022],[-0.5297],[-2.3033],[-3.7121],[-4.6791],[-5.3121],[-5.4495],[-4.6538],[-2.8165],[-0.5044],[1.4352],[2.5088],[2.6527],[1.8571],[0.0088],[-2.4989],[1.8462],[1.1044],[0.4571],[0.1308],[0.0659],[0.1275],[0.2637],[0.5615],[1.0176],[1.3791],[1.2813],[0.5648],[-0.5275],[-1.6132],[-2.5242],[-3.3231],[-3.9846],[-4.0088],[-2.8747],[-0.7648],[1.3022],[2.1978],[1.7703],[0.7615],[-0.1154],[-0.8967],[-2.0319],[1.0604],[0.1242],[-0.4055],[-0.4143],[-0.1352],[0.0956],[0.2066],[0.2626],[0.3626],[0.3978],[0.2978],[0.0319],[-0.311],[-0.7319],[-1.3451],[-2.1747],[-2.878],[-2.8549],[-1.778],[-0.1187],[1.0527],[0.8923],[-0.3714],[-1.6747],[-2.1429],[-1.9319],[-1.9429],[0.4297],[-0.3593],[-0.8055],[-0.8407],[-0.6978],[-0.6253],[-0.6582],[-0.7473],[-0.8341],[-0.9495],[-1.0143],[-0.9352],[-0.811],[-0.9604],[-1.6066],[-2.5451],[-3.1725],[-3.0022],[-2.111],[-1.1923],[-0.9824],[-1.6912],[-2.8429],[-3.6407],[-3.6418],[-3.1011],[-2.7593]]}]