html/data/WT_san09_ind_wt_9_9.json
[{"header":{"disciplineName":["Meteorological products"],"parameterCategory":[0],"parameterCategoryName":["Temperature"],"parameterNumberName":["Temperature"],"parameterNumber":[0],"parameterUnits":["K"],"refTime":["2017-03-17T0000:00.000Z"],"numberPoints":[621],"nx":[27],"ny":[23],"lo1":[-20],"la1":[70],"lo2":[45],"la2":[45],"dx":[2.5],"dy":[2.5]},"data":[[-3.9617],[-3.4037],[-2.9315],[-2.5605],[-2.2648],[-2.0105],[-1.7957],[-1.5889],[-1.3735],[-1.1414],[-0.9043],[-0.6728],[-0.4611],[-0.2957],[-0.1772],[-0.1352],[-0.1494],[-0.2352],[-0.3642],[-0.5222],[-0.6932],[-0.8586],[-1.0056],[-1.1556],[-1.2932],[-1.4451],[-1.613],[-1.8469],[-1.4901],[-1.2179],[-0.9932],[-0.7901],[-0.5821],[-0.3611],[-0.1068],[0.1623],[0.4401],[0.7068],[0.9475],[1.1278],[1.2377],[1.2599],[1.1914],[1.05],[0.8481],[0.6056],[0.3463],[0.0994],[-0.1198],[-0.2944],[-0.4531],[-0.5784],[-0.7123],[-0.858],[0.3062],[0.4321],[0.5346],[0.6414],[0.8012],[1.0086],[1.2722],[1.5451],[1.8123],[2.0451],[2.2333],[2.3537],[2.4086],[2.4062],[2.3327],[2.2099],[2.0333],[1.8247],[1.5969],[1.3562],[1.1389],[0.9531],[0.779],[0.629],[0.4747],[0.3062],[0.1117],[1.929],[1.9191],[1.9389],[2.0272],[2.2025],[2.4586],[2.7481],[3.0247],[3.2383],[3.3827],[3.4364],[3.4364],[3.3944],[3.3272],[3.2568],[3.1802],[3.084],[2.9673],[2.8179],[2.6506],[2.479],[2.2988],[2.1241],[1.9414],[1.734],[1.4938],[1.2111],[2.9272],[2.9222],[2.9611],[3.0778],[3.2944],[3.5673],[3.8593],[4.1111],[4.284],[4.3605],[4.3599],[4.3173],[4.2784],[4.2494],[4.2389],[4.2278],[4.1907],[4.1],[3.9463],[3.7481],[3.5154],[3.2901],[3.0821],[2.8907],[2.6889],[2.466],[2.2086],[3.7852],[3.85],[3.9111],[4.0198],[4.1994],[4.4302],[4.6889],[4.9154],[5.0809],[5.171],[5.2012],[5.2031],[5.2012],[5.2204],[5.237],[5.2204],[5.1296],[4.9617],[4.7123],[4.4086],[4.1037],[3.834],[3.6407],[3.5093],[3.416],[3.3253],[3.1951],[4.9302],[4.984],[4.9975],[5.008],[5.0747],[5.2259],[5.4284],[5.6488],[5.837],[5.9667],[6.0469],[6.0759],[6.0914],[6.0895],[6.0586],[5.9932],[5.8728],[5.6747],[5.4401],[5.1722],[4.9173],[4.7265],[4.6086],[4.5673],[4.5605],[4.5333],[4.4481],[6.2519],[6.2099],[6.0975],[5.9809],[5.942],[6.0185],[6.1907],[6.4167],[6.6154],[6.771],[6.8543],[6.8827],[6.8611],[6.8062],[6.7389],[6.658],[6.5951],[6.5444],[6.4957],[6.4284],[6.3426],[6.2735],[6.2377],[6.2309],[6.2049],[6.1154],[5.9389],[7.4525],[7.2914],[7.113],[6.9568],[6.8969],[6.9414],[7.0784],[7.2735],[7.4537],[7.608],[7.7006],[7.7438],[7.7265],[7.6506],[7.5543],[7.4765],[7.466],[7.529],[7.6222],[7.6623],[7.6525],[7.6117],[7.6031],[7.6383],[7.6352],[7.5315],[7.3247],[8.5],[8.3407],[8.2414],[8.1938],[8.1877],[8.2179],[8.2802],[8.3765],[8.4981],[8.6389],[8.7889],[8.921],[8.9827],[8.9235],[8.7593],[8.5716],[8.4444],[8.4056],[8.4062],[8.3463],[8.229],[8.1593],[8.2543],[8.508],[8.7648],[8.8519],[8.7315],[9.5056],[9.4914],[9.6062],[9.7519],[9.8327],[9.8488],[9.829],[9.8389],[9.8975],[10.0327],[10.237],[10.4488],[10.5815],[10.5179],[10.237],[9.8432],[9.5123],[9.3284],[9.2198],[9.1],[8.987],[9.058],[9.4926],[10.2302],[10.9278],[11.221],[11.0265],[10.442],[10.5944],[10.9037],[11.2],[11.379],[11.4414],[11.4648],[11.5148],[11.6068],[11.7216],[11.8765],[12.0574],[12.158],[12.0469],[11.6611],[11.1438],[10.7673],[10.684],[10.8321],[11.0247],[11.2469],[11.7235],[12.6858],[13.9994],[15.1284],[15.4759],[14.8951],[11.2426],[11.437],[11.7691],[12.1086],[12.3975],[12.6691],[12.9833],[13.3086],[13.5438],[13.6327],[13.6191],[13.6031],[13.5778],[13.3914],[12.9735],[12.4654],[12.2173],[12.4648],[13.1099],[13.8358],[14.5253],[15.3963],[16.7667],[18.5253],[20.029],[20.529],[19.7926],[11.9716],[12.0568],[12.2883],[12.6593],[13.1901],[13.9006],[14.7099],[15.4444],[15.863],[15.8796],[15.6309],[15.3432],[15.1463],[14.8988],[14.4451],[13.9154],[13.7056],[14.1099],[15.0062],[15.9611],[16.7821],[17.7216],[19.1821],[21.1784],[23.0765],[24.1438],[24.108],[12.7735],[12.7728],[12.9772],[13.5543],[14.5383],[15.8099],[17.1265],[18.1599],[18.6395],[18.5327],[18.0623],[17.5747],[17.2191],[16.8667],[16.3117],[15.6259],[15.1957],[15.3432],[15.9512],[16.6309],[17.1858],[17.9438],[19.3815],[21.5006],[23.7309],[25.4593],[26.537],[13.7167],[13.8191],[14.2586],[15.2451],[16.7525],[18.4938],[20.0531],[21.0883],[21.4481],[21.2309],[20.6914],[20.1235],[19.6401],[19.1401],[18.4302],[17.5698],[16.8728],[16.613],[16.7191],[16.9253],[17.2167],[18.0037],[19.6796],[21.9951],[24.2117],[25.8519],[27.1698],[14.9549],[15.3815],[16.1648],[17.5049],[19.2975],[21.1432],[22.5765],[23.3728],[23.5852],[23.421],[23.0407],[22.5537],[21.9698],[21.2599],[20.4074],[19.5123],[18.7821],[18.3531],[18.1654],[18.129],[18.4698],[19.6667],[21.9235],[24.5679],[26.4673],[27.1235],[27.2339],[16.7759],[17.566],[18.5401],[19.8438],[21.4259],[22.9531],[24.0531],[24.6185],[24.8407],[24.9426],[24.9247],[24.6173],[23.9278],[22.9747],[21.9938],[21.1685],[20.5796],[20.2136],[20.0117],[20.0025],[20.5451],[22.166],[24.9191],[27.8846],[29.5827],[29.2944],[27.8562],[19.0963],[20.0988],[20.9889],[21.8858],[22.8957],[23.9086],[24.7031],[25.2191],[25.6278],[26.0716],[26.4],[26.2259],[25.4259],[24.2759],[23.2056],[22.4253],[21.9117],[21.6],[21.4809],[21.6093],[22.2537],[23.8173],[26.4105],[29.287],[31.0716],[30.8451],[29.0827],[21.0994],[22.1179],[22.7988],[23.2475],[23.7296],[24.3636],[25.0309],[25.5994],[26.1438],[26.7623],[27.2074],[27.0685],[26.2562],[25.1377],[24.1704],[23.4698],[22.9506],[22.6006],[22.5759],[22.9235],[23.5846],[24.6586],[26.3117],[28.3975],[30.1488],[30.6944],[29.9259],[21.8321],[22.7191],[23.2556],[23.5093],[23.7969],[24.308],[24.9253],[25.4586],[25.95],[26.4673],[26.8426],[26.7611],[26.1753],[25.4451],[24.8988],[24.4833],[24.0414],[23.7049],[23.8235],[24.4562],[25.2173],[25.7741],[26.2938],[27.158],[28.3265],[29.2679],[29.5],[21.1802],[21.8216],[22.2691],[22.5679],[22.9148],[23.4179],[23.9309],[24.3043],[24.5883],[24.9265],[25.266],[25.3809],[25.2716],[25.1556],[25.1914],[25.1889],[24.971],[24.7735],[25.021],[25.7586],[26.5222],[26.8327],[26.7617],[26.766],[27.1395],[27.671],[27.9123],[19.9068],[20.2556],[20.5821],[20.9235],[21.3309],[21.7735],[22.1272],[22.3191],[22.463],[22.729],[23.1272],[23.5346],[23.9019],[24.2938],[24.6796],[24.9006],[24.9179],[24.9327],[25.1864],[25.6302],[26.0006],[26.1642],[26.2302],[26.3543],[26.487],[26.4611],[26.1105]]},{"header":{"disciplineName":["Meteorological products"],"parameterCategory":[2],"parameterCategoryName":["u-component of wind"],"parameterNumberName":["u-component of wind"],"parameterNumber":[2],"parameterUnits":["m s-1"],"refTime":["2017-03-17T0000:00.000Z"],"numberPoints":[621],"nx":[27],"ny":[23],"lo1":[-20],"la1":[70],"lo2":[45],"la2":[45],"dx":[2.5],"dy":[2.5]},"data":[[2.3728],[2.7506],[3.0401],[3.234],[3.3698],[3.4833],[3.6167],[3.7981],[4.0265],[4.3037],[4.6117],[4.9086],[5.1802],[5.3957],[5.5617],[5.6815],[5.7827],[5.8728],[5.9753],[6.0827],[6.1753],[6.2494],[6.271],[6.2309],[6.1296],[5.9753],[5.7969],[2.1765],[2.6414],[2.9549],[3.129],[3.2148],[3.2926],[3.4123],[3.6278],[3.9481],[4.342],[4.7623],[5.1494],[5.45],[5.6481],[5.7259],[5.734],[5.716],[5.7142],[5.7556],[5.8593],[5.9944],[6.1204],[6.2037],[6.2142],[6.1432],[5.9957],[5.8105],[2.6006],[2.9889],[3.2432],[3.3938],[3.4944],[3.608],[3.8031],[4.1049],[4.5],[4.9444],[5.3648],[5.6815],[5.8457],[5.8383],[5.6957],[5.4778],[5.2716],[5.1401],[5.1185],[5.2049],[5.3963],[5.6173],[5.8265],[5.9611],[6.0148],[5.9827],[5.8778],[3.7864],[3.9574],[4.0938],[4.2062],[4.3321],[4.4895],[4.6938],[4.9562],[5.2481],[5.5123],[5.7049],[5.7778],[5.6969],[5.4914],[5.2185],[4.9401],[4.7315],[4.6494],[4.6907],[4.8444],[5.0722],[5.3296],[5.5741],[5.7858],[5.9315],[6.0136],[6.0216],[5.5278],[5.4469],[5.4315],[5.4648],[5.5265],[5.5944],[5.6556],[5.6877],[5.6809],[5.6302],[5.5123],[5.3315],[5.1043],[4.8821],[4.7123],[4.6494],[4.7049],[4.8494],[5.0444],[5.2414],[5.3926],[5.5154],[5.6315],[5.7506],[5.879],[6.016],[6.1284],[7.2809],[7.0074],[6.8117],[6.6914],[6.5784],[6.442],[6.2549],[6.0241],[5.7747],[5.5278],[5.2988],[5.0944],[4.9241],[4.8296],[4.834],[4.9802],[5.2265],[5.4969],[5.7105],[5.8012],[5.7753],[5.6864],[5.6235],[5.6519],[5.7741],[5.9883],[6.2265],[8.5179],[8.0951],[7.7123],[7.3784],[7.0525],[6.7154],[6.358],[6.0235],[5.7735],[5.6346],[5.592],[5.5901],[5.566],[5.5198],[5.4815],[5.4951],[5.571],[5.6599],[5.6753],[5.5802],[5.4031],[5.2364],[5.1932],[5.3198],[5.6049],[5.979],[6.363],[9.0241],[8.4438],[7.8895],[7.3963],[6.9623],[6.5481],[6.1772],[5.8759],[5.7426],[5.792],[5.9698],[6.1537],[6.1981],[6.058],[5.7852],[5.4759],[5.2272],[5.0377],[4.8617],[4.6549],[4.4784],[4.408],[4.5414],[4.8901],[5.3747],[5.8679],[6.3019],[8.8364],[8.116],[7.479],[6.984],[6.6043],[6.2815],[5.9562],[5.6549],[5.4549],[5.4228],[5.5284],[5.6494],[5.6414],[5.4451],[5.1099],[4.7593],[4.4938],[4.3228],[4.1957],[4.05],[3.9265],[3.9173],[4.1309],[4.5346],[5.0296],[5.4586],[5.7716],[8.0537],[7.3414],[6.7716],[6.3907],[6.163],[5.9753],[5.7253],[5.3685],[4.963],[4.5907],[4.3309],[4.1642],[4.0451],[3.9321],[3.8457],[3.8302],[3.9154],[4.0525],[4.1315],[4.0889],[3.9642],[3.8741],[3.9321],[4.166],[4.4716],[4.7463],[4.9352],[6.8883],[6.3722],[5.9593],[5.6728],[5.5167],[5.4562],[5.3944],[5.2142],[4.8444],[4.334],[3.7944],[3.358],[3.1142],[3.0506],[3.1562],[3.3728],[3.65],[3.8975],[4.0278],[3.9846],[3.808],[3.6148],[3.5216],[3.5753],[3.716],[3.9037],[4.1296],[5.5623],[5.3099],[5.0179],[4.7265],[4.5759],[4.6877],[5.0475],[5.4537],[5.6426],[5.4926],[5.0667],[4.5759],[4.1877],[3.9796],[3.8821],[3.8154],[3.7179],[3.5914],[3.4512],[3.2858],[3.1148],[2.9778],[2.9123],[2.934],[3.0123],[3.1519],[3.4228],[4.1142],[4.029],[3.8667],[3.658],[3.6506],[4.0809],[4.9753],[6.063],[6.9414],[7.3333],[7.2611],[6.9191],[6.5321],[6.1377],[5.6907],[5.1105],[4.4173],[3.7444],[3.2278],[2.9031],[2.758],[2.7315],[2.7846],[2.8716],[2.9204],[2.9235],[2.9728],[2.6191],[2.6765],[2.7938],[2.9759],[3.379],[4.1728],[5.3136],[6.5247],[7.4667],[7.9821],[8.1253],[8.063],[7.9358],[7.7105],[7.2944],[6.6333],[5.7938],[4.9512],[4.2586],[3.771],[3.5025],[3.4284],[3.5519],[3.7796],[3.9259],[3.7895],[3.363],[1.6006],[1.9432],[2.537],[3.2778],[4.129],[4.9969],[5.7333],[6.2185],[6.4296],[6.5068],[6.6401],[6.9259],[7.2728],[7.5154],[7.5389],[7.3167],[6.908],[6.3944],[5.8062],[5.1938],[4.679],[4.4451],[4.6315],[5.1685],[5.6784],[5.6438],[4.8198],[1.7457],[2.5142],[3.5019],[4.5309],[5.3611],[5.7481],[5.5963],[5.0136],[4.3457],[3.9988],[4.1772],[4.7549],[5.4235],[5.9037],[6.1698],[6.3049],[6.3809],[6.3315],[6.0315],[5.5049],[4.9784],[4.7796],[5.1451],[6.0012],[6.8574],[7.0426],[6.1506],[2.8864],[3.9173],[4.8809],[5.563],[5.7512],[5.342],[4.4142],[3.2858],[2.4191],[2.1617],[2.5284],[3.1654],[3.6426],[3.7642],[3.6821],[3.6759],[3.8716],[4.1327],[4.2728],[4.2488],[4.2494],[4.4728],[4.9895],[5.6574],[6.1895],[6.2296],[5.4858],[3.6167],[4.4864],[4.971],[4.9105],[4.2969],[3.3148],[2.2494],[1.4469],[1.1302],[1.2938],[1.7037],[1.9957],[1.9056],[1.4457],[0.8907],[0.6062],[0.7519],[1.2432],[1.9123],[2.6852],[3.534],[4.2957],[4.6432],[4.392],[3.7315],[3.0481],[2.5315],[2.4321],[2.8272],[2.7488],[2.1401],[1.1938],[0.2481],[-0.334],[-0.408],[-0.0944],[0.2593],[0.3469],[0.0957],[-0.3821],[-0.9056],[-1.3006],[-1.3988],[-1.0698],[-0.3352],[0.7327],[2.0296],[3.3617],[4.2451],[4.1037],[2.7395],[0.8062],[-0.6123],[-0.8772],[-0.8895],[-0.9228],[-1.2735],[-1.8457],[-2.4574],[-2.8617],[-2.8525],[-2.442],[-1.9358],[-1.7852],[-2.1099],[-2.6173],[-2.8864],[-2.7302],[-2.2944],[-1.734],[-1.0407],[-0.1642],[0.8722],[1.9525],[2.8833],[3.2802],[2.6525],[0.8877],[-1.334],[-2.8142],[-2.8173],[-5.1623],[-5.3877],[-5.6741],[-5.821],[-5.779],[-5.6006],[-5.2975],[-4.9],[-4.5747],[-4.5994],[-4.9556],[-5.1827],[-4.8142],[-3.8228],[-2.5944],[-1.4932],[-0.5858],[0.1938],[0.8012],[1.1056],[1.0747],[0.7364],[0.0117],[-1.1512],[-2.4815],[-3.3469],[-3.3173],[-8.8185],[-9.1506],[-9.3401],[-9.1012],[-8.5673],[-8.121],[-7.9235],[-7.8432],[-7.7525],[-7.7012],[-7.6735],[-7.3846],[-6.5488],[-5.221],[-3.8019],[-2.6296],[-1.7747],[-1.1981],[-0.9932],[-1.2852],[-1.9451],[-2.5895],[-2.9389],[-3.0463],[-3.1383],[-3.3259],[-3.5105],[-10.6389],[-11.2191],[-11.5309],[-11.2457],[-10.6265],[-10.2556],[-10.3599],[-10.6586],[-10.8062],[-10.6944],[-10.3938],[-9.8864],[-9.0747],[-7.9895],[-6.8438],[-5.8278],[-5.0636],[-4.592],[-4.466],[-4.6889],[-5.0765],[-5.2796],[-4.9988],[-4.3148],[-3.6543],[-3.4302],[-3.6759]]},{"header":{"disciplineName":["Meteorological products"],"parameterCategory":[2],"parameterCategoryName":["v-component of wind"],"parameterNumberName":["v-component of wind"],"parameterNumber":[3],"parameterUnits":["m s-1"],"refTime":["2017-03-17T0000:00.000Z"],"numberPoints":[621],"nx":[27],"ny":[23],"lo1":[-20],"la1":[70],"lo2":[45],"la2":[45],"dx":[2.5],"dy":[2.5]},"data":[[0.2284],[0.4753],[0.7173],[0.934],[1.1154],[1.2623],[1.3623],[1.4179],[1.4062],[1.3475],[1.2438],[1.1012],[0.9543],[0.8185],[0.7006],[0.6093],[0.534],[0.4438],[0.313],[0.1222],[-0.1401],[-0.4556],[-0.8031],[-1.1414],[-1.4272],[-1.634],[-1.7531],[1.5247],[1.5488],[1.521],[1.4901],[1.487],[1.5309],[1.6148],[1.7167],[1.7969],[1.8185],[1.7543],[1.6093],[1.4235],[1.2204],[1.0531],[0.9179],[0.816],[0.7198],[0.5858],[0.3679],[0.0519],[-0.35],[-0.8006],[-1.2401],[-1.6049],[-1.8549],[-1.9679],[2.5827],[2.3685],[2.1123],[1.8852],[1.7747],[1.8025],[1.9463],[2.1284],[2.2827],[2.3191],[2.1932],[1.934],[1.5821],[1.2167],[0.9123],[0.7123],[0.6253],[0.5988],[0.5574],[0.4469],[0.2265],[-0.1272],[-0.5728],[-1.042],[-1.4747],[-1.7951],[-1.979],[2.9623],[2.7025],[2.4204],[2.2235],[2.1667],[2.2556],[2.4494],[2.6623],[2.7685],[2.6988],[2.4228],[1.987],[1.4605],[0.9704],[0.6049],[0.4111],[0.3938],[0.4759],[0.5765],[0.6093],[0.5198],[0.2821],[-0.0951],[-0.5648],[-1.0549],[-1.4944],[-1.8414],[2.7117],[2.6154],[2.5302],[2.5006],[2.5562],[2.6815],[2.8148],[2.8784],[2.8204],[2.5772],[2.1679],[1.6636],[1.1623],[0.7605],[0.5241],[0.471],[0.5457],[0.6957],[0.8228],[0.8809],[0.8216],[0.6327],[0.3068],[-0.1309],[-0.6438],[-1.1846],[-1.6784],[2.2006],[2.2833],[2.3827],[2.4883],[2.5648],[2.5944],[2.5494],[2.4117],[2.1691],[1.8309],[1.4327],[1.0506],[0.7562],[0.616],[0.6315],[0.7623],[0.9235],[1.0358],[1.0704],[1.0093],[0.887],[0.6963],[0.4377],[0.0815],[-0.3673],[-0.887],[-1.387],[1.6099],[1.6988],[1.8105],[1.8981],[1.9241],[1.863],[1.7216],[1.5309],[1.3086],[1.0611],[0.8037],[0.587],[0.4648],[0.479],[0.6296],[0.8395],[1.0037],[1.0574],[0.9926],[0.8642],[0.7302],[0.613],[0.4907],[0.2994],[0.0049],[-0.3685],[-0.7426],[0.8265],[0.7704],[0.7969],[0.8698],[0.9167],[0.9315],[0.9352],[0.9531],[0.9802],[0.9667],[0.8685],[0.687],[0.4926],[0.3821],[0.408],[0.5321],[0.6562],[0.6988],[0.6543],[0.5883],[0.587],[0.6556],[0.7333],[0.7191],[0.5883],[0.3753],[0.1537],[-0.1926],[-0.371],[-0.3247],[-0.1364],[0.0926],[0.321],[0.5623],[0.8432],[1.1407],[1.3321],[1.3191],[1.0667],[0.6901],[0.3488],[0.1796],[0.1914],[0.2833],[0.3463],[0.3722],[0.4235],[0.5673],[0.8216],[1.0846],[1.2309],[1.2123],[1.0642],[0.887],[-1.2309],[-1.366],[-1.166],[-0.7667],[-0.3352],[0.016],[0.3167],[0.6395],[0.9642],[1.2049],[1.237],[1.0142],[0.6432],[0.316],[0.163],[0.1901],[0.2827],[0.3315],[0.3321],[0.3858],[0.592],[0.9531],[1.358],[1.6389],[1.7247],[1.6216],[1.4105],[-2.0179],[-2.0099],[-1.6352],[-1.0975],[-0.6006],[-0.2704],[-0.0784],[0.0599],[0.2074],[0.3377],[0.3796],[0.3272],[0.2451],[0.2154],[0.2883],[0.4142],[0.492],[0.4667],[0.3772],[0.3772],[0.579],[0.9846],[1.4895],[1.9235],[2.1716],[2.2062],[2.037],[-2.4716],[-2.3488],[-1.9346],[-1.3809],[-0.8519],[-0.4568],[-0.2407],[-0.1852],[-0.25],[-0.3556],[-0.4259],[-0.3815],[-0.2265],[-0.0056],[0.1926],[0.2957],[0.2765],[0.1957],[0.1543],[0.2414],[0.5068],[0.9407],[1.463],[1.9815],[2.4216],[2.7123],[2.7716],[-2.6747],[-2.5167],[-2.1593],[-1.5932],[-0.8457],[-0.0648],[0.5228],[0.6981],[0.4444],[-0.0475],[-0.4747],[-0.6296],[-0.5352],[-0.3901],[-0.3852],[-0.5543],[-0.7321],[-0.7414],[-0.5086],[-0.1154],[0.3302],[0.779],[1.2272],[1.7],[2.1957],[2.666],[3.0222],[-2.692],[-2.5148],[-2.1543],[-1.4265],[-0.2531],[1.0895],[2.1142],[2.3648],[1.8006],[0.813],[-0.0772],[-0.5377],[-0.6636],[-0.8056],[-1.1975],[-1.742],[-2.1012],[-1.9963],[-1.4525],[-0.7278],[-0.0599],[0.5037],[1.008],[1.45],[1.7895],[2.0531],[2.3352],[-2.5],[-2.2142],[-1.6938],[-0.6747],[0.8698],[2.5074],[3.5469],[3.5228],[2.55],[1.208],[0.1481],[-0.3642],[-0.5735],[-0.929],[-1.6426],[-2.5099],[-3.0611],[-3.0111],[-2.429],[-1.6062],[-0.7049],[0.3],[1.337],[2.0673],[2.1167],[1.571],[1.0056],[-1.9414],[-1.458],[-0.7179],[0.4747],[2.0296],[3.3809],[3.9062],[3.3821],[2.2031],[1.0278],[0.3154],[0.0364],[-0.1667],[-0.7012],[-1.6272],[-2.6741],[-3.4198],[-3.6302],[-3.3593],[-2.6735],[-1.4907],[0.3321],[2.4031],[3.7599],[3.4735],[1.6537],[-0.3889],[-0.8778],[-0.2451],[0.537],[1.5654],[2.6426],[3.2796],[3.1185],[2.3463],[1.5049],[1.0253],[0.8883],[0.7296],[0.2216],[-0.6809],[-1.7833],[-2.8333],[-3.6358],[-4.1025],[-4.1642],[-3.5951],[-2.0457],[0.5765],[3.5642],[5.3988],[4.742],[1.7407],[-1.6648],[0.563],[1.1383],[1.6284],[2.121],[2.4593],[2.3728],[1.8617],[1.3333],[1.2611],[1.5914],[1.7648],[1.242],[0.0309],[-1.3895],[-2.5457],[-3.3593],[-3.9691],[-4.4173],[-4.4679],[-3.7062],[-1.8302],[1.0086],[3.9481],[5.4883],[4.4093],[0.987],[-2.7599],[1.8105],[2.1006],[2.1031],[1.958],[1.6963],[1.284],[0.8951],[0.9216],[1.5321],[2.2568],[2.2593],[1.1272],[-0.7154],[-2.3611],[-3.2883],[-3.6907],[-3.9667],[-4.1475],[-3.8056],[-2.5741],[-0.5784],[1.6506],[3.3451],[3.758],[2.3963],[-0.3988],[-3.2519],[2.2926],[2.2599],[1.837],[1.3049],[0.8753],[0.6216],[0.6401],[1.079],[1.8358],[2.3722],[2.0123],[0.5932],[-1.2222],[-2.5302],[-3.0099],[-3.066],[-3.1475],[-3.0895],[-2.3179],[-0.6901],[1.1167],[2.187],[2.1407],[1.279],[0.016],[-1.429],[-2.7895],[2.0241],[1.8049],[1.2389],[0.687],[0.4414],[0.5642],[0.9321],[1.4019],[1.8043],[1.8537],[1.2901],[0.1765],[-0.971],[-1.6488],[-1.7883],[-1.7877],[-1.9031],[-1.7698],[-0.8549],[0.6932],[1.9173],[1.8426],[0.5519],[-0.9043],[-1.6241],[-1.7074],[-1.9296],[1.5111],[1.308],[0.8235],[0.4037],[0.3549],[0.6821],[1.1296],[1.3858],[1.3204],[0.9704],[0.4747],[-0.0611],[-0.4969],[-0.742],[-0.8469],[-0.9796],[-1.1222],[-0.9735],[-0.2796],[0.6315],[0.9451],[0.1284],[-1.4074],[-2.5259],[-2.5228],[-1.866],[-1.7185],[1.0907],[0.9846],[0.6463],[0.2994],[0.1877],[0.3809],[0.6753],[0.7469],[0.479],[0.0414],[-0.3105],[-0.5012],[-0.6265],[-0.8043],[-1.0278],[-1.2173],[-1.2346],[-1.0265],[-0.7154],[-0.658],[-1.1864],[-2.2056],[-3.1833],[-3.4735],[-3.0043],[-2.4117],[-2.4815]]}]