html/data/WT_san09_ind_wt_8_7.json
[{"header":{"disciplineName":["Meteorological products"],"parameterCategory":[0],"parameterCategoryName":["Temperature"],"parameterNumberName":["Temperature"],"parameterNumber":[0],"parameterUnits":["K"],"refTime":["2017-03-17T0000:00.000Z"],"numberPoints":[621],"nx":[27],"ny":[23],"lo1":[-20],"la1":[70],"lo2":[45],"la2":[45],"dx":[2.5],"dy":[2.5]},"data":[[1.5818],[1.9227],[2.2136],[2.4182],[2.5682],[2.6955],[2.7773],[2.8682],[2.9864],[3.1318],[3.2818],[3.4227],[3.5682],[3.65],[3.6818],[3.6273],[3.5318],[3.3682],[3.2],[3.0182],[2.8],[2.6273],[2.4682],[2.3273],[2.2227],[2.1091],[2],[2.4864],[2.7909],[3.0227],[3.2136],[3.3545],[3.4773],[3.6045],[3.7182],[3.9],[4.0727],[4.2409],[4.3773],[4.4818],[4.4682],[4.3909],[4.2273],[3.9864],[3.7273],[3.45],[3.2273],[3.0273],[2.8864],[2.7818],[2.7364],[2.6818],[2.6182],[2.5318],[3.5864],[3.85],[4.0591],[4.2091],[4.3455],[4.4591],[4.5864],[4.7455],[4.9273],[5.1182],[5.3045],[5.4455],[5.5],[5.4636],[5.3273],[5.1273],[4.8727],[4.5909],[4.3455],[4.15],[4.0136],[3.9227],[3.8409],[3.7636],[3.6773],[3.5318],[3.35],[4.9364],[5.1636],[5.3545],[5.4682],[5.5818],[5.6545],[5.7545],[5.8955],[6.0818],[6.2864],[6.5091],[6.6909],[6.7909],[6.8136],[6.7364],[6.6],[6.4182],[6.2091],[6.0182],[5.85],[5.7045],[5.5773],[5.4136],[5.2136],[4.9773],[4.6682],[4.3273],[6.1864],[6.4091],[6.5909],[6.7],[6.7545],[6.7864],[6.8227],[6.9136],[7.0818],[7.3],[7.5409],[7.7773],[7.9727],[8.0864],[8.1],[8.0364],[7.9091],[7.7318],[7.5273],[7.3364],[7.1318],[6.9227],[6.6955],[6.4318],[6.1273],[5.7909],[5.45],[7.2318],[7.4818],[7.6455],[7.7091],[7.6955],[7.6455],[7.6091],[7.6182],[7.7091],[7.8773],[8.1045],[8.35],[8.5636],[8.6909],[8.75],[8.7227],[8.6045],[8.45],[8.2727],[8.0682],[7.9045],[7.7409],[7.5909],[7.4318],[7.2682],[7.1],[6.9318],[8.3273],[8.5409],[8.6318],[8.6],[8.4636],[8.2955],[8.1545],[8.0818],[8.0955],[8.1727],[8.3364],[8.5045],[8.6727],[8.8091],[8.8773],[8.8864],[8.8682],[8.8227],[8.7864],[8.7818],[8.8045],[8.8545],[8.9091],[8.9545],[8.9591],[8.9227],[8.8773],[9.6091],[9.6636],[9.5773],[9.3909],[9.1227],[8.85],[8.6455],[8.5318],[8.5],[8.5818],[8.7409],[8.9409],[9.1182],[9.2818],[9.4],[9.5227],[9.6364],[9.7955],[9.9727],[10.1864],[10.4091],[10.65],[10.8545],[11.0182],[11.0773],[11.0545],[10.9136],[10.7409],[10.6],[10.3682],[10.0909],[9.8045],[9.5273],[9.3364],[9.2636],[9.3409],[9.55],[9.8591],[10.2091],[10.5364],[10.7727],[10.9091],[11],[11.1364],[11.2955],[11.5318],[11.7227],[11.9045],[12.0818],[12.2909],[12.5045],[12.6455],[12.6545],[12.5045],[11.4273],[11.2318],[11.0682],[10.9455],[10.7909],[10.6409],[10.5636],[10.5909],[10.8],[11.2],[11.7045],[12.2545],[12.7045],[12.9409],[12.9591],[12.8182],[12.6864],[12.6045],[12.5636],[12.4773],[12.3818],[12.3591],[12.5636],[12.9455],[13.3682],[13.6],[13.5727],[11.8818],[11.85],[11.9909],[12.1818],[12.3227],[12.3864],[12.4318],[12.5864],[12.8909],[13.3636],[13.9455],[14.5227],[14.95],[15.0409],[14.8182],[14.3591],[13.9045],[13.5773],[13.3545],[13.0955],[12.8091],[12.7364],[13.0955],[13.8545],[14.6727],[15.0955],[15.0182],[12.45],[12.6545],[13.0455],[13.5045],[13.8773],[14.2045],[14.5273],[14.9],[15.3273],[15.7545],[16.1682],[16.55],[16.7909],[16.7091],[16.2682],[15.6227],[15.1136],[14.9],[14.9318],[14.9409],[14.8864],[15.0591],[15.7818],[16.9955],[18.1545],[18.5773],[18.0227],[13.1455],[13.3682],[13.7409],[14.2045],[14.7682],[15.5],[16.3545],[17.2409],[17.9182],[18.2727],[18.3955],[18.4045],[18.3682],[18.1318],[17.5818],[16.9182],[16.5318],[16.6864],[17.2545],[17.8364],[18.2273],[18.7409],[19.8136],[21.45],[23.0091],[23.5773],[22.7682],[13.7136],[13.7045],[13.8273],[14.2455],[15.1455],[16.5364],[18.2227],[19.7818],[20.7682],[21.05],[20.8136],[20.45],[20.0955],[19.6545],[18.9682],[18.1864],[17.7636],[18.0818],[18.9],[19.7636],[20.3682],[21.05],[22.3273],[24.3773],[26.5136],[27.8136],[27.8091],[14.1727],[14.0091],[14.0591],[14.7],[16.1727],[18.3955],[20.8273],[22.8273],[23.8818],[23.9455],[23.3727],[22.6591],[22.0136],[21.3273],[20.3727],[19.3],[18.5727],[18.55],[19.0818],[19.7364],[20.2045],[20.8773],[22.3091],[24.6545],[27.3318],[29.5773],[31.0045],[15.0318],[15.0591],[15.4318],[16.6227],[18.7318],[21.4682],[24.0773],[25.8773],[26.5364],[26.2591],[25.4727],[24.6091],[23.7545],[22.7818],[21.6045],[20.3273],[19.3045],[18.8273],[18.8227],[19.0318],[19.4091],[20.3091],[22.1],[24.65],[27.3409],[29.6364],[31.6],[16.7091],[17.2409],[18.1409],[19.7682],[22.1091],[24.6773],[26.7136],[27.7773],[27.8773],[27.4],[26.7364],[25.9455],[25.0364],[23.8727],[22.6045],[21.4],[20.4318],[19.7773],[19.4045],[19.3909],[19.9545],[21.4955],[23.9818],[26.7955],[28.9727],[30.1773],[30.9773],[18.9727],[20.0091],[21.2364],[22.8136],[24.6909],[26.4864],[27.6636],[28.0409],[27.8909],[27.6545],[27.4409],[26.9818],[26.0591],[24.7409],[23.4682],[22.4955],[21.8318],[21.2591],[20.8045],[20.7955],[21.7045],[23.8682],[27.0182],[30.1364],[31.9909],[32.0818],[31.1545],[21.0136],[22.2545],[23.4409],[24.5455],[25.6182],[26.5409],[27.1364],[27.3273],[27.4455],[27.7182],[28.0091],[27.8682],[26.9955],[25.6182],[24.3818],[23.6091],[23.1409],[22.7455],[22.3636],[22.4227],[23.3682],[25.4773],[28.5364],[31.6909],[33.75],[33.9045],[32.4818],[22.0273],[23.2318],[24.1727],[24.75],[25.1455],[25.5773],[26.0682],[26.5318],[27.0182],[27.6227],[28.1591],[28.2273],[27.5545],[26.4455],[25.4273],[24.7818],[24.4045],[24.1545],[24],[24.1591],[24.7773],[26.0182],[27.9545],[30.3682],[32.5909],[33.7045],[33.2727],[21.8136],[22.7909],[23.5],[23.7818],[23.9409],[24.2636],[24.8773],[25.5409],[26.15],[26.6864],[27.1455],[27.35],[27.1727],[26.7136],[26.2364],[25.8045],[25.5182],[25.4636],[25.6773],[26.0455],[26.2727],[26.4364],[26.8682],[27.9864],[29.7045],[31.2909],[31.9136],[20.7545],[21.4182],[21.8591],[22.0773],[22.2455],[22.6636],[23.2773],[23.8864],[24.3091],[24.5864],[24.8864],[25.2636],[25.6955],[26.0273],[26.1045],[25.9045],[25.7364],[25.9318],[26.4591],[26.9227],[26.9045],[26.4909],[26.1909],[26.4273],[27.2364],[28.1864],[28.7455],[19.4545],[19.7364],[19.9136],[20.0636],[20.3],[20.75],[21.2545],[21.65],[21.8818],[22.0364],[22.3091],[22.8],[23.5773],[24.3182],[24.6455],[24.4818],[24.3409],[24.7],[25.3227],[25.5591],[25.2273],[24.8455],[24.9455],[25.4409],[25.7727],[25.7136],[25.4182]]},{"header":{"disciplineName":["Meteorological products"],"parameterCategory":[2],"parameterCategoryName":["u-component of wind"],"parameterNumberName":["u-component of wind"],"parameterNumber":[2],"parameterUnits":["m s-1"],"refTime":["2017-03-17T0000:00.000Z"],"numberPoints":[621],"nx":[27],"ny":[23],"lo1":[-20],"la1":[70],"lo2":[45],"la2":[45],"dx":[2.5],"dy":[2.5]},"data":[[1.9],[2.3273],[2.6909],[3.0182],[3.2773],[3.4818],[3.6455],[3.7545],[3.8318],[3.8318],[3.7864],[3.6364],[3.4045],[3.1364],[2.8136],[2.4727],[2.1818],[1.95],[1.8045],[1.7409],[1.7455],[1.8091],[1.9273],[2.0409],[2.1591],[2.2545],[2.3409],[2.2545],[2.7182],[3.0227],[3.2091],[3.3091],[3.3545],[3.3818],[3.4136],[3.4455],[3.4636],[3.4455],[3.3773],[3.2],[2.9636],[2.7045],[2.3909],[2.1273],[1.8864],[1.75],[1.7045],[1.7364],[1.8682],[2.0273],[2.2],[2.3727],[2.5227],[2.6455],[3.3273],[3.6318],[3.7636],[3.7545],[3.6682],[3.5455],[3.45],[3.3545],[3.3318],[3.3091],[3.3182],[3.3045],[3.2955],[3.25],[3.1818],[3.1136],[3.0318],[2.9864],[2.9273],[2.9091],[2.9227],[2.95],[2.9727],[2.9864],[2.9773],[2.95],[2.9045],[4.5682],[4.5545],[4.4727],[4.3182],[4.1273],[3.9091],[3.6818],[3.4227],[3.2],[2.9636],[2.7955],[2.7182],[2.7364],[2.8591],[3.0818],[3.3727],[3.6727],[3.9591],[4.1864],[4.3273],[4.3591],[4.3091],[4.1773],[3.9864],[3.75],[3.5182],[3.3045],[5.4727],[5.1545],[4.9045],[4.6773],[4.4409],[4.1682],[3.8364],[3.4182],[2.9591],[2.5273],[2.1455],[1.8864],[1.8],[1.9364],[2.2864],[2.7955],[3.3909],[4],[4.5409],[4.9455],[5.15],[5.2136],[5.0818],[4.8727],[4.6091],[4.3864],[4.1955],[6.5045],[5.9955],[5.5409],[5.1409],[4.75],[4.3318],[3.9136],[3.4818],[3.0818],[2.7227],[2.4136],[2.1909],[2.05],[2.0364],[2.1545],[2.4682],[2.9227],[3.5091],[4.1364],[4.7091],[5.1545],[5.4227],[5.5182],[5.4955],[5.45],[5.4182],[5.4864],[8.2318],[7.5273],[6.7909],[6.0273],[5.2773],[4.6],[4.0818],[3.7773],[3.7182],[3.8364],[4.0091],[4.1364],[4.1227],[3.9364],[3.6318],[3.3455],[3.2045],[3.3136],[3.6636],[4.1682],[4.6682],[5.0636],[5.3455],[5.5409],[5.7227],[5.9864],[6.3091],[9.7682],[8.8636],[7.8364],[6.7727],[5.7864],[5],[4.4864],[4.3591],[4.6091],[5.1182],[5.7273],[6.2409],[6.4273],[6.2091],[5.5909],[4.7818],[4.0409],[3.5955],[3.5045],[3.6864],[3.9818],[4.2364],[4.4455],[4.6818],[5.0455],[5.5136],[6.0227],[9.4727],[8.4182],[7.3818],[6.4864],[5.8273],[5.3773],[5.1591],[5.1455],[5.3045],[5.6636],[6.1409],[6.6091],[6.8864],[6.7818],[6.2318],[5.4136],[4.5273],[3.8636],[3.4955],[3.35],[3.2818],[3.1773],[3.1273],[3.2682],[3.7227],[4.3727],[5.0455],[7.1636],[6.1227],[5.3773],[5.0364],[5.1136],[5.4045],[5.6909],[5.8045],[5.7045],[5.4955],[5.3545],[5.3864],[5.5045],[5.5],[5.2636],[4.7773],[4.1955],[3.6727],[3.2727],[2.9545],[2.5682],[2.15],[1.8955],[1.9909],[2.5364],[3.3773],[4.2091],[4.5136],[3.65],[3.1909],[3.2545],[3.8182],[4.6773],[5.5136],[6],[5.9773],[5.5864],[5.0773],[4.7091],[4.55],[4.4864],[4.3136],[3.9773],[3.5545],[3.1364],[2.7273],[2.3182],[1.8318],[1.3364],[1.0591],[1.1818],[1.7182],[2.5591],[3.4],[2.8773],[2.2818],[1.9273],[1.9273],[2.4773],[3.5182],[4.8],[5.9591],[6.6364],[6.7818],[6.5636],[6.2227],[5.8545],[5.4545],[4.9182],[4.2636],[3.5273],[2.8636],[2.25],[1.7182],[1.2409],[0.85],[0.6955],[0.7636],[1.0318],[1.4727],[2.0045],[1.8364],[1.6864],[1.5636],[1.65],[2.1773],[3.2909],[4.8955],[6.5409],[7.8318],[8.5773],[8.8091],[8.6909],[8.2727],[7.5864],[6.6545],[5.5455],[4.4045],[3.3364],[2.4045],[1.6682],[1.2045],[1.0273],[1.0591],[1.1136],[1.0318],[0.8364],[0.7409],[0.8364],[1.3591],[1.9636],[2.6864],[3.6818],[5.0318],[6.5045],[7.7636],[8.6091],[8.9955],[9.1227],[9.0818],[8.8182],[8.2818],[7.4409],[6.4364],[5.3227],[4.1773],[3.1136],[2.2727],[1.9318],[2.0545],[2.5091],[2.8409],[2.7409],[2.1864],[1.4318],[0.6864],[1.8909],[3.3],[4.7727],[6.2],[7.3455],[7.9364],[7.8],[7.1227],[6.35],[5.9318],[5.9227],[6.0682],[6.1091],[5.9409],[5.5909],[5.0864],[4.3682],[3.5318],[2.9455],[2.9091],[3.5545],[4.5955],[5.5545],[5.9045],[5.4455],[4.3],[2.1091],[3.6682],[5.2182],[6.4682],[7.2591],[7.3045],[6.4409],[4.7864],[2.8636],[1.4318],[0.9],[1.1682],[1.8],[2.3591],[2.8],[3.1455],[3.3318],[3.2818],[3.0455],[3.0136],[3.5136],[4.65],[6.0864],[7.3682],[8.0818],[7.8591],[6.6727],[3.7227],[5.1682],[6.0182],[6.0045],[5.1682],[3.6727],[1.75],[-0.2636],[-1.8909],[-2.7],[-2.6],[-1.9682],[-1.2364],[-0.6591],[-0.15],[0.4636],[1.1091],[1.6227],[2.0591],[2.7045],[3.7364],[4.9909],[6.0636],[6.7455],[6.9636],[6.7045],[5.7227],[3.1045],[4.1727],[4.2],[3.0318],[1.0227],[-1.15],[-2.9318],[-3.9182],[-4.1],[-3.6864],[-3.0364],[-2.5136],[-2.25],[-2.0545],[-1.6909],[-0.9955],[-0.1182],[0.75],[1.6773],[2.8227],[4.05],[4.9091],[4.9136],[4.15],[3.1773],[2.4727],[1.9364],[-0.3818],[0.3],[0.1045],[-1.0364],[-2.6773],[-4.1091],[-4.7409],[-4.4045],[-3.4727],[-2.6],[-2.2273],[-2.3727],[-2.6227],[-2.5],[-1.9],[-0.9455],[0.0773],[1.0955],[2.1545],[3.3409],[4.35],[4.5636],[3.5273],[1.5],[-0.5182],[-1.5636],[-1.6136],[-4.8818],[-4.6545],[-4.6045],[-4.7636],[-5.0318],[-5.1455],[-4.7818],[-3.9591],[-3.0364],[-2.6182],[-2.9045],[-3.4773],[-3.6136],[-2.9273],[-1.7],[-0.4136],[0.6636],[1.5682],[2.4182],[3.1955],[3.6136],[3.2682],[1.8409],[-0.35],[-2.3773],[-3.2864],[-3.0045],[-8.45],[-8.7],[-8.5409],[-7.9682],[-7.2318],[-6.6227],[-6.2273],[-5.8273],[-5.45],[-5.3591],[-5.6545],[-5.8364],[-5.2955],[-3.9364],[-2.3045],[-1.0318],[-0.1318],[0.5818],[1.0955],[1.2182],[0.9182],[0.3136],[-0.6227],[-1.8864],[-3.05],[-3.5136],[-3.1318],[-10.55],[-11.0864],[-11.1409],[-10.5773],[-9.7818],[-9.4318],[-9.6091],[-9.8682],[-9.7545],[-9.3182],[-8.8864],[-8.3818],[-7.4955],[-6.15],[-4.7909],[-3.75],[-2.9409],[-2.2136],[-1.8682],[-2.2773],[-3.0682],[-3.5636],[-3.5136],[-3.3591],[-3.5318],[-3.6636],[-3.4364],[-11.0136],[-11.5318],[-11.7955],[-11.5591],[-11.1955],[-11.3182],[-12.0591],[-12.7818],[-12.7318],[-11.9273],[-11.0727],[-10.5273],[-10.1091],[-9.4545],[-8.5909],[-7.5682],[-6.4227],[-5.2909],[-4.8273],[-5.3591],[-6.2682],[-6.3409],[-5.2273],[-3.8955],[-3.3727],[-3.5182],[-3.5273]]},{"header":{"disciplineName":["Meteorological products"],"parameterCategory":[2],"parameterCategoryName":["v-component of wind"],"parameterNumberName":["v-component of wind"],"parameterNumber":[3],"parameterUnits":["m s-1"],"refTime":["2017-03-17T0000:00.000Z"],"numberPoints":[621],"nx":[27],"ny":[23],"lo1":[-20],"la1":[70],"lo2":[45],"la2":[45],"dx":[2.5],"dy":[2.5]},"data":[[3.9091],[4.2545],[4.4727],[4.5591],[4.4955],[4.2909],[3.9682],[3.5136],[3.0045],[2.4455],[1.9136],[1.4091],[0.9455],[0.5545],[0.2182],[-0.0727],[-0.3636],[-0.6636],[-1.0091],[-1.3955],[-1.7955],[-2.2045],[-2.5864],[-2.9227],[-3.1318],[-3.2318],[-3.2182],[5.1727],[5.2318],[5.1364],[4.8955],[4.5409],[4.0909],[3.5727],[2.9773],[2.3636],[1.7409],[1.1182],[0.5591],[0.0545],[-0.3727],[-0.6864],[-0.9182],[-1.0864],[-1.2182],[-1.3545],[-1.4864],[-1.6227],[-1.8091],[-1.9909],[-2.1682],[-2.3091],[-2.4091],[-2.4409],[6],[5.6455],[5.1727],[4.5909],[4.0227],[3.4545],[2.9],[2.3455],[1.8],[1.2409],[0.7136],[0.2182],[-0.2682],[-0.6909],[-1.0364],[-1.3273],[-1.5409],[-1.6773],[-1.7136],[-1.7091],[-1.6455],[-1.5636],[-1.5318],[-1.5318],[-1.6182],[-1.7136],[-1.8364],[5.9727],[5.3364],[4.6227],[3.9227],[3.2909],[2.7318],[2.2273],[1.7773],[1.35],[0.9864],[0.6727],[0.4045],[0.1591],[-0.0955],[-0.4273],[-0.7955],[-1.1818],[-1.5091],[-1.7],[-1.7364],[-1.6455],[-1.4864],[-1.3182],[-1.2455],[-1.2773],[-1.4227],[-1.6182],[5.2545],[4.6045],[3.9182],[3.2591],[2.65],[2.0727],[1.5636],[1.0636],[0.6773],[0.4545],[0.4227],[0.5409],[0.7591],[0.8864],[0.8045],[0.4727],[-0.0455],[-0.6045],[-1.05],[-1.2955],[-1.3409],[-1.2773],[-1.2182],[-1.2318],[-1.3545],[-1.55],[-1.7636],[4.2409],[3.6727],[3.0636],[2.4545],[1.8409],[1.2273],[0.6364],[0.1045],[-0.3091],[-0.4455],[-0.2364],[0.2727],[0.9273],[1.4955],[1.7318],[1.5545],[1.05],[0.4364],[-0.1091],[-0.45],[-0.6409],[-0.75],[-0.95],[-1.2091],[-1.5091],[-1.75],[-1.8682],[2.9727],[2.3364],[1.6682],[1.0045],[0.4227],[-0.0364],[-0.4091],[-0.7227],[-0.9591],[-0.9591],[-0.6455],[0.0227],[0.8136],[1.4818],[1.8],[1.6955],[1.2955],[0.8318],[0.5227],[0.35],[0.2318],[0.0091],[-0.4273],[-0.9636],[-1.3955],[-1.6],[-1.5045],[1.3318],[0.45],[-0.3864],[-1.0455],[-1.3591],[-1.3091],[-1.0727],[-0.8045],[-0.6136],[-0.4318],[-0.1455],[0.3045],[0.8227],[1.1636],[1.1818],[0.9136],[0.5727],[0.4182],[0.5045],[0.7273],[0.8545],[0.6364],[0.0909],[-0.5273],[-0.9591],[-1.0136],[-0.7045],[-0.5682],[-1.5545],[-2.3818],[-2.7909],[-2.6136],[-1.8864],[-0.9455],[-0.1364],[0.3591],[0.5364],[0.6],[0.7182],[0.8136],[0.7545],[0.4318],[-0.0182],[-0.3591],[-0.3],[0.0955],[0.6045],[0.8591],[0.7455],[0.3045],[-0.1545],[-0.3364],[-0.1955],[0.0909],[-2.2091],[-3.0318],[-3.5045],[-3.4227],[-2.6818],[-1.4773],[-0.2409],[0.5955],[0.8364],[0.6955],[0.4682],[0.3727],[0.3364],[0.2091],[-0.1273],[-0.5364],[-0.7955],[-0.6682],[-0.2409],[0.2045],[0.4045],[0.3182],[0.1591],[0.1909],[0.4682],[0.7955],[0.8182],[-3.4],[-3.8591],[-3.8409],[-3.1545],[-1.9045],[-0.4227],[0.7136],[1.0864],[0.7318],[0.0273],[-0.5318],[-0.7091],[-0.6227],[-0.5682],[-0.6682],[-0.8818],[-0.9318],[-0.7455],[-0.4364],[-0.2318],[-0.2318],[-0.2909],[-0.0545],[0.6091],[1.4773],[2.0455],[1.8636],[-4.2636],[-4.5045],[-4.0909],[-2.8727],[-0.9955],[0.8591],[2.0136],[2.0136],[1.0591],[-0.1909],[-1.1318],[-1.4682],[-1.4818],[-1.5],[-1.6182],[-1.7409],[-1.6227],[-1.2955],[-0.9227],[-0.7818],[-0.8636],[-0.8273],[-0.3091],[0.8091],[2.1773],[3.1227],[3.1682],[-4.8409],[-5.0909],[-4.4727],[-2.6955],[-0.0682],[2.4909],[3.9591],[3.8227],[2.4591],[0.7318],[-0.6091],[-1.4136],[-1.9364],[-2.5182],[-3.1409],[-3.5045],[-3.3636],[-2.7909],[-2.1182],[-1.6636],[-1.4636],[-1.2636],[-0.6864],[0.4182],[1.8318],[3.0909],[3.7591],[-4.8636],[-5.0909],[-4.2409],[-1.9091],[1.4636],[4.5864],[6.1591],[5.7545],[3.9182],[1.7727],[0.0773],[-1.0818],[-2.1682],[-3.4364],[-4.7045],[-5.5273],[-5.5273],[-4.8318],[-3.7773],[-2.7591],[-1.9909],[-1.3682],[-0.7773],[-0.0864],[0.7591],[1.7864],[2.8818],[-4.1091],[-4.0727],[-2.8591],[-0.0682],[3.5318],[6.4909],[7.4773],[6.2909],[3.9273],[1.6227],[0.0364],[-1.0727],[-2.3091],[-3.9273],[-5.6045],[-6.7455],[-7.0045],[-6.4045],[-5.2318],[-3.75],[-2.1591],[-0.7227],[0.25],[0.5591],[0.4],[0.3773],[0.9773],[-2.8364],[-2.35],[-0.7818],[1.9773],[5.0409],[6.9864],[6.8409],[4.9091],[2.4409],[0.5727],[-0.4182],[-1.1318],[-2.2818],[-3.9727],[-5.7273],[-6.9545],[-7.3682],[-7.0227],[-6.0182],[-4.3091],[-1.9455],[0.5909],[2.4045],[2.7],[1.4727],[-0.1864],[-0.9545],[-1.3955],[-0.6727],[0.8],[2.9136],[4.8091],[5.4727],[4.5273],[2.6136],[0.8864],[0.0091],[-0.2909],[-0.8364],[-2.15],[-4],[-5.7273],[-6.8],[-7.1227],[-6.9],[-6.0909],[-4.3727],[-1.5818],[1.7409],[4.3045],[4.7545],[2.7818],[-0.3591],[-2.5455],[-0.0136],[0.5318],[1.3682],[2.3227],[2.9909],[2.8682],[2.0227],[1.05],[0.5455],[0.5682],[0.5],[-0.3636],[-2.1227],[-4.1909],[-5.7864],[-6.5318],[-6.6136],[-6.2727],[-5.4955],[-3.8591],[-1.1409],[2.0955],[4.5682],[4.8273],[2.5136],[-1.1682],[-3.8818],[1.1409],[1.2636],[1.1682],[1.0227],[0.9409],[0.8591],[0.8091],[0.9364],[1.2636],[1.4818],[1.0955],[-0.1727],[-2.05],[-3.8955],[-5.15],[-5.6682],[-5.6227],[-5.2045],[-4.3],[-2.7],[-0.4591],[1.8091],[3.1955],[2.8],[0.5591],[-2.5091],[-4.6409],[1.7364],[1.5318],[0.7955],[0.0636],[-0.1045],[0.3864],[1.1409],[1.7773],[2.0136],[1.7227],[0.9091],[-0.2364],[-1.4864],[-2.6],[-3.4364],[-3.9955],[-4.2455],[-3.9909],[-3.0364],[-1.4045],[0.3455],[1.3864],[1.2455],[0.0364],[-1.6773],[-3.2955],[-4.1955],[1.6227],[1.3955],[0.4455],[-0.3227],[-0.2045],[0.8045],[1.9273],[2.4091],[2.0045],[1.0955],[0.2],[-0.3591],[-0.6682],[-1.0273],[-1.7227],[-2.6545],[-3.4],[-3.4773],[-2.5045],[-0.8273],[0.5909],[0.6545],[-0.7136],[-2.4727],[-3.4591],[-3.4],[-3.0273],[1.15],[0.9955],[0.0545],[-0.6409],[-0.3182],[0.8591],[1.9409],[2.1045],[1.3],[0.15],[-0.5864],[-0.6727],[-0.4818],[-0.6455],[-1.4591],[-2.6818],[-3.7091],[-3.9545],[-3.0909],[-1.5],[-0.2909],[-0.6864],[-2.6545],[-4.6818],[-5.1],[-3.8636],[-2.5455],[0.8409],[0.55],[-0.4591],[-1.2],[-0.9591],[0.0409],[1.0091],[1.1955],[0.4909],[-0.5364],[-1.2409],[-1.4],[-1.3318],[-1.5682],[-2.3909],[-3.5136],[-4.4818],[-4.8273],[-4.2773],[-2.9773],[-1.8636],[-2.1227],[-4],[-6.05],[-6.4364],[-4.9545],[-3.2]]}]