html/data/WT_san09_ind_wt_12_2.json
[{"header":{"disciplineName":["Meteorological products"],"parameterCategory":[0],"parameterCategoryName":["Temperature"],"parameterNumberName":["Temperature"],"parameterNumber":[0],"parameterUnits":["K"],"refTime":["2017-03-17T0000:00.000Z"],"numberPoints":[621],"nx":[27],"ny":[23],"lo1":[-20],"la1":[70],"lo2":[45],"la2":[45],"dx":[2.5],"dy":[2.5]},"data":[[-13.2408],[-12.158],[-11.119],[-10.1615],[-9.3224],[-8.6167],[-8.0569],[-7.6569],[-7.3868],[-7.2534],[-7.2236],[-7.2787],[-7.3994],[-7.5592],[-7.7466],[-7.9557],[-8.1753],[-8.404],[-8.6201],[-8.8431],[-9.0718],[-9.2994],[-9.5374],[-9.8178],[-10.1236],[-10.4753],[-10.8764],[-9.6523],[-8.9213],[-8.2695],[-7.6914],[-7.2029],[-6.7833],[-6.4546],[-6.2224],[-6.0615],[-5.9971],[-6.0109],[-6.0868],[-6.242],[-6.4477],[-6.7029],[-6.996],[-7.3431],[-7.7017],[-8.0707],[-8.4408],[-8.7902],[-9.0983],[-9.3764],[-9.6201],[-9.8695],[-10.1374],[-10.442],[-6.3075],[-6.0259],[-5.7994],[-5.5948],[-5.4052],[-5.204],[-5.0466],[-4.9259],[-4.8638],[-4.8649],[-4.9397],[-5.0787],[-5.2879],[-5.5523],[-5.8695],[-6.2374],[-6.6649],[-7.1316],[-7.6144],[-8.1017],[-8.5534],[-8.9454],[-9.2649],[-9.5086],[-9.6983],[-9.873],[-10.0718],[-4.0833],[-4.0109],[-3.9557],[-3.873],[-3.7684],[-3.6626],[-3.5948],[-3.581],[-3.658],[-3.8178],[-4.0569],[-4.3431],[-4.6684],[-5.0006],[-5.3247],[-5.673],[-6.0351],[-6.4201],[-6.8362],[-7.2879],[-7.7144],[-8.1201],[-8.4603],[-8.7362],[-8.9557],[-9.1477],[-9.342],[-2.9052],[-2.7339],[-2.573],[-2.396],[-2.2466],[-2.1684],[-2.1845],[-2.3155],[-2.5569],[-2.9109],[-3.3259],[-3.7776],[-4.2098],[-4.5822],[-4.8994],[-5.1557],[-5.3891],[-5.6178],[-5.8776],[-6.1914],[-6.5339],[-6.8937],[-7.242],[-7.5534],[-7.8351],[-8.1144],[-8.3925],[-2.0247],[-1.7086],[-1.4155],[-1.1902],[-1.0615],[-1.0408],[-1.15],[-1.3891],[-1.7362],[-2.1534],[-2.619],[-3.0925],[-3.542],[-3.9155],[-4.2316],[-4.4776],[-4.6845],[-4.8833],[-5.1121],[-5.381],[-5.6914],[-6.0144],[-6.3155],[-6.6236],[-6.9006],[-7.1856],[-7.4868],[-0.8339],[-0.5695],[-0.3822],[-0.2718],[-0.2822],[-0.3937],[-0.5983],[-0.8776],[-1.2075],[-1.5879],[-1.9879],[-2.3879],[-2.7787],[-3.1489],[-3.4902],[-3.7983],[-4.0994],[-4.4017],[-4.7201],[-5.0477],[-5.373],[-5.6546],[-5.8776],[-6.0466],[-6.1902],[-6.3443],[-6.5397],[0.6638],[0.7144],[0.7063],[0.6109],[0.458],[0.2339],[-0.0534],[-0.3937],[-0.7741],[-1.2006],[-1.627],[-2.0546],[-2.4477],[-2.8098],[-3.1557],[-3.4914],[-3.827],[-4.1523],[-4.4718],[-4.7603],[-5.0017],[-5.1718],[-5.2626],[-5.2661],[-5.2351],[-5.2213],[-5.2661],[2.2098],[2.1144],[1.9684],[1.7983],[1.5845],[1.2845],[0.9075],[0.4201],[-0.1615],[-0.7902],[-1.4052],[-1.9569],[-2.4098],[-2.7799],[-3.0799],[-3.3695],[-3.6132],[-3.8213],[-3.9661],[-4.0362],[-4.0397],[-3.9891],[-3.9109],[-3.8086],[-3.6891],[-3.5994],[-3.5776],[3.6109],[3.4948],[3.3351],[3.1523],[2.9155],[2.5718],[2.0833],[1.4397],[0.6948],[-0.0707],[-0.7534],[-1.3178],[-1.7466],[-2.1109],[-2.4052],[-2.696],[-2.9385],[-3.0937],[-3.096],[-2.9351],[-2.6569],[-2.3626],[-2.1247],[-1.9638],[-1.8454],[-1.7569],[-1.7063],[4.8121],[4.6638],[4.4764],[4.2615],[3.9776],[3.5592],[2.981],[2.3109],[1.6351],[1.0741],[0.658],[0.3408],[0.0489],[-0.2799],[-0.6948],[-1.1707],[-1.6339],[-1.9466],[-2.0086],[-1.7753],[-1.3397],[-0.8764],[-0.5236],[-0.3305],[-0.227],[-0.127],[-0.0213],[5.7511],[5.5086],[5.2672],[5.0167],[4.6833],[4.2098],[3.6086],[3.0167],[2.6086],[2.4408],[2.4385],[2.4339],[2.281],[1.9144],[1.3477],[0.6534],[-0.0213],[-0.5029],[-0.6695],[-0.4822],[-0.0328],[0.4569],[0.7994],[0.9534],[1.0155],[1.1316],[1.3431],[6.4362],[6.1454],[5.9155],[5.7305],[5.4489],[4.9822],[4.404],[3.9063],[3.6695],[3.7224],[3.8902],[3.9707],[3.8132],[3.4075],[2.8201],[2.1764],[1.6086],[1.2155],[1.1224],[1.3109],[1.6868],[2.0534],[2.2569],[2.2466],[2.181],[2.2799],[2.5925],[6.9971],[6.7672],[6.6569],[6.6293],[6.4914],[6.1144],[5.5764],[5.0948],[4.8305],[4.7914],[4.819],[4.7247],[4.4937],[4.1374],[3.7707],[3.4489],[3.2328],[3.1454],[3.2201],[3.4397],[3.7075],[3.9029],[3.927],[3.773],[3.5971],[3.6546],[4.0615],[7.6178],[7.4753],[7.4948],[7.596],[7.5649],[7.273],[6.7948],[6.327],[5.9925],[5.7764],[5.5546],[5.281],[5.0316],[4.8787],[4.8328],[4.8224],[4.8259],[4.881],[5.0098],[5.173],[5.35],[5.4914],[5.5385],[5.4638],[5.3144],[5.3466],[5.8178],[8.3098],[8.2695],[8.3523],[8.4787],[8.4603],[8.2132],[7.8305],[7.4638],[7.181],[6.9006],[6.5534],[6.1856],[5.9753],[5.9868],[6.1155],[6.1741],[6.1259],[6.0718],[6.1006],[6.2121],[6.3718],[6.6293],[6.9891],[7.2787],[7.3121],[7.2408],[7.5098],[9.0155],[9.1098],[9.2971],[9.4213],[9.3822],[9.1626],[8.8856],[8.6741],[8.527],[8.3224],[7.9385],[7.4822],[7.1925],[7.1764],[7.2822],[7.2431],[7.0638],[6.9247],[6.9845],[7.1787],[7.4374],[7.8672],[8.5868],[9.3339],[9.6144],[9.2948],[8.9845],[9.7787],[10.1213],[10.4718],[10.6385],[10.5753],[10.3741],[10.1868],[10.0994],[10.0925],[9.996],[9.6443],[9.0638],[8.5489],[8.3132],[8.2879],[8.2121],[8.0259],[7.9868],[8.2741],[8.7178],[9.1052],[9.5741],[10.4534],[11.5592],[12.1328],[11.6638],[10.6764],[10.8592],[11.4638],[11.927],[12.1017],[12.0075],[11.8351],[11.6879],[11.6523],[11.7098],[11.7362],[11.4994],[10.8868],[10.1672],[9.7213],[9.6178],[9.5695],[9.4247],[9.4316],[9.8684],[10.5489],[11.0592],[11.473],[12.2983],[13.6201],[14.6063],[14.3546],[13.0592],[12.4328],[13.1626],[13.6224],[13.6948],[13.5316],[13.3753],[13.281],[13.2132],[13.2454],[13.3626],[13.2925],[12.7707],[11.9983],[11.4983],[11.4615],[11.5109],[11.2948],[11.0615],[11.3477],[12.104],[12.8282],[13.3075],[14.0443],[15.3925],[16.7086],[16.9086],[15.7948],[14.3431],[15.081],[15.4305],[15.3592],[15.1477],[15.0351],[14.9649],[14.8557],[14.7822],[14.8638],[14.8603],[14.4201],[13.6971],[13.2868],[13.4994],[13.7891],[13.5511],[12.9764],[12.8753],[13.6121],[14.6626],[15.4511],[16.1856],[17.2615],[18.3937],[18.6753],[17.7431],[16.1592],[16.8328],[17.127],[17.0351],[16.827],[16.7466],[16.7201],[16.5776],[16.4063],[16.3557],[16.2638],[15.8086],[15.1316],[14.9063],[15.4351],[16.1454],[16.158],[15.4983],[15.1075],[15.7144],[16.9948],[18.1753],[18.9615],[19.5282],[19.85],[19.4787],[18.2615],[17.4603],[18.0546],[18.3764],[18.3994],[18.2603],[18.1799],[18.1741],[18.0948],[17.9511],[17.8523],[17.6718],[17.2132],[16.6523],[16.5764],[17.3109],[18.3557],[18.804],[18.4236],[17.9397],[18.2201],[19.3557],[20.7098],[21.6132],[21.8063],[21.2167],[19.8856],[18.0374]]},{"header":{"disciplineName":["Meteorological products"],"parameterCategory":[2],"parameterCategoryName":["u-component of wind"],"parameterNumberName":["u-component of wind"],"parameterNumber":[2],"parameterUnits":["m s-1"],"refTime":["2017-03-17T0000:00.000Z"],"numberPoints":[621],"nx":[27],"ny":[23],"lo1":[-20],"la1":[70],"lo2":[45],"la2":[45],"dx":[2.5],"dy":[2.5]},"data":[[2.9172],[3.4425],[3.8908],[4.2713],[4.5759],[4.8207],[5.0368],[5.231],[5.4253],[5.6138],[5.7977],[5.9793],[6.1287],[6.2471],[6.3299],[6.3678],[6.3805],[6.3667],[6.3517],[6.3276],[6.3],[6.2862],[6.277],[6.2897],[6.3115],[6.3609],[6.423],[3.6103],[4.3724],[5.0034],[5.4897],[5.8793],[6.1851],[6.4552],[6.7207],[6.9897],[7.2609],[7.508],[7.7],[7.7977],[7.7908],[7.6897],[7.5069],[7.2782],[7.0483],[6.846],[6.7],[6.6092],[6.5759],[6.5908],[6.6184],[6.6782],[6.7368],[6.8126],[5.3759],[6.1276],[6.7264],[7.1563],[7.4747],[7.7276],[7.9391],[8.169],[8.4011],[8.6195],[8.769],[8.8126],[8.7092],[8.4644],[8.0828],[7.6425],[7.2103],[6.8529],[6.6253],[6.5368],[6.5747],[6.7092],[6.9057],[7.1241],[7.3218],[7.5161],[7.6586],[8.0333],[8.5195],[8.8368],[9.0184],[9.0931],[9.0839],[9.0379],[8.9805],[8.9264],[8.8483],[8.708],[8.4793],[8.1299],[7.6805],[7.1874],[6.7356],[6.392],[6.2241],[6.2529],[6.4402],[6.7517],[7.1287],[7.4977],[7.8437],[8.1218],[8.3471],[8.531],[10.5046],[10.6172],[10.6126],[10.492],[10.2644],[9.9529],[9.5644],[9.1391],[8.7103],[8.2793],[7.8414],[7.4023],[6.9299],[6.477],[6.1126],[5.877],[5.8287],[5.9908],[6.3034],[6.7069],[7.1253],[7.5011],[7.7989],[8.0276],[8.2184],[8.3862],[8.5437],[11.6184],[11.469],[11.2621],[10.9816],[10.6034],[10.1161],[9.5437],[8.9299],[8.3402],[7.8011],[7.3345],[6.9184],[6.5517],[6.2379],[6.023],[5.9448],[6.0184],[6.2034],[6.4379],[6.6483],[6.7954],[6.8759],[6.923],[7.0149],[7.154],[7.3759],[7.6586],[11.5115],[11.2356],[10.946],[10.5885],[10.1621],[9.6402],[9.0586],[8.4885],[7.992],[7.6253],[7.3586],[7.1828],[7.0103],[6.8552],[6.6931],[6.5345],[6.3977],[6.2437],[6.0218],[5.7345],[5.4425],[5.2264],[5.1954],[5.3862],[5.777],[6.2874],[6.8414],[11.3379],[10.954],[10.5195],[10.0345],[9.4954],[8.9115],[8.323],[7.7851],[7.369],[7.1092],[7.0023],[6.9908],[6.9839],[6.9264],[6.7851],[6.5632],[6.2609],[5.8391],[5.3011],[4.7069],[4.2149],[4.0011],[4.1655],[4.6885],[5.4264],[6.2011],[6.8644],[11.6793],[11.0701],[10.3862],[9.6828],[8.9621],[8.2575],[7.5678],[6.9138],[6.3356],[5.9057],[5.6391],[5.5218],[5.5023],[5.5057],[5.5276],[5.5425],[5.5034],[5.3506],[5.0494],[4.6793],[4.4207],[4.4598],[4.8874],[5.6023],[6.3943],[7.0241],[7.3517],[11.7839],[10.9264],[10.023],[9.1586],[8.3678],[7.6218],[6.8759],[6.0943],[5.2966],[4.5943],[4.0414],[3.6667],[3.4759],[3.4448],[3.6287],[4.0034],[4.5034],[4.9897],[5.3345],[5.5207],[5.6989],[6.0172],[6.5333],[7.1172],[7.5494],[7.6506],[7.4276],[10.7172],[9.7471],[8.8322],[8.0241],[7.3506],[6.7425],[6.1276],[5.4632],[4.7563],[4.0828],[3.5253],[3.0713],[2.7345],[2.5299],[2.5943],[3.0207],[3.777],[4.6851],[5.5057],[6.1264],[6.5782],[7.008],[7.4425],[7.7563],[7.7828],[7.4667],[6.9057],[8.608],[7.769],[7.0471],[6.4736],[6.0287],[5.6897],[5.3966],[5.1115],[4.846],[4.654],[4.4966],[4.2874],[3.9529],[3.5391],[3.2471],[3.3034],[3.808],[4.6],[5.3816],[5.9736],[6.3862],[6.7276],[7.0322],[7.208],[7.1241],[6.7828],[6.331],[6.3207],[5.7586],[5.3506],[5.0862],[4.9667],[4.9805],[5.0724],[5.2138],[5.4069],[5.677],[5.9782],[6.1264],[5.9885],[5.5414],[5.0264],[4.7598],[4.8609],[5.231],[5.6057],[5.823],[5.8989],[5.977],[6.1368],[6.2966],[6.3276],[6.2126],[6.0609],[4.5069],[4.2276],[4.1161],[4.1931],[4.4586],[4.8759],[5.3149],[5.6586],[5.9276],[6.2115],[6.5793],[6.9299],[7.0977],[7.0115],[6.7885],[6.6276],[6.6368],[6.7057],[6.6552],[6.4011],[6.0655],[5.8299],[5.7874],[5.8862],[5.9874],[6.0241],[6.0287],[3.2276],[3.1322],[3.1977],[3.531],[4.1299],[4.8575],[5.4621],[5.7034],[5.6644],[5.5931],[5.746],[6.1931],[6.7839],[7.3391],[7.7736],[8.1046],[8.3023],[8.2839],[7.9885],[7.469],[6.9],[6.4598],[6.2414],[6.2057],[6.2575],[6.3046],[6.2954],[2.2172],[2.2057],[2.3563],[2.7736],[3.4529],[4.1678],[4.5954],[4.577],[4.254],[3.9943],[4.1621],[4.8448],[5.877],[6.9828],[7.9287],[8.5931],[8.9218],[8.9034],[8.5989],[8.1494],[7.6897],[7.3161],[7.0632],[6.9517],[6.9931],[7.0954],[7.1126],[1.2115],[1.3],[1.5207],[1.9621],[2.4851],[2.8793],[2.9586],[2.7655],[2.5345],[2.6],[3.1644],[4.1747],[5.3885],[6.5195],[7.3736],[7.9046],[8.1402],[8.1149],[7.9862],[7.8736],[7.8092],[7.7368],[7.6368],[7.6011],[7.7667],[8.0736],[8.2862],[0.3115],[0.5276],[0.9172],[1.4241],[1.8483],[1.9793],[1.8816],[1.7954],[2.0011],[2.6069],[3.5356],[4.5655],[5.4391],[5.9989],[6.3011],[6.4218],[6.4609],[6.4874],[6.5931],[6.8264],[7.131],[7.3644],[7.4828],[7.6368],[8.0011],[8.5391],[8.908],[-0.0011],[0.292],[0.7736],[1.3897],[1.8724],[2.0782],[2.1552],[2.431],[3.0506],[3.9034],[4.723],[5.2701],[5.4632],[5.3621],[5.1517],[5.0184],[5.0287],[5.1552],[5.3448],[5.6241],[5.9816],[6.3115],[6.5736],[6.8954],[7.3977],[7.931],[8.1828],[0.6678],[0.8402],[1.1805],[1.7034],[2.2172],[2.5989],[2.9816],[3.5667],[4.3161],[4.9793],[5.3333],[5.3391],[5.0816],[4.7345],[4.4862],[4.4529],[4.5862],[4.7264],[4.7655],[4.7644],[4.8552],[5.0356],[5.2862],[5.631],[6.0529],[6.3184],[6.1402],[1.6862],[1.6736],[1.692],[1.9103],[2.2241],[2.5609],[3.0126],[3.6241],[4.231],[4.5782],[4.6],[4.4322],[4.2655],[4.1632],[4.1874],[4.3586],[4.5782],[4.6471],[4.4747],[4.2],[4.0103],[3.9609],[4.0011],[4.1161],[4.2138],[4.0563],[3.4264],[1.7368],[1.6851],[1.5667],[1.5655],[1.6356],[1.754],[1.9966],[2.4069],[2.8046],[2.9862],[2.9793],[2.9828],[3.0885],[3.2287],[3.3586],[3.5241],[3.6897],[3.7437],[3.5943],[3.3632],[3.1851],[3.0299],[2.792],[2.4609],[2.0943],[1.5701],[0.7322],[0.1069],[0.1908],[0.2287],[0.3506],[0.4506],[0.4805],[0.5322],[0.7402],[1.0195],[1.1966],[1.277],[1.3874],[1.5207],[1.5207],[1.3931],[1.3299],[1.4184],[1.5632],[1.6517],[1.7322],[1.8414],[1.8057],[1.4379],[0.7839],[0.0736],[-0.6264],[-1.4218]]},{"header":{"disciplineName":["Meteorological products"],"parameterCategory":[2],"parameterCategoryName":["v-component of wind"],"parameterNumberName":["v-component of wind"],"parameterNumber":[3],"parameterUnits":["m s-1"],"refTime":["2017-03-17T0000:00.000Z"],"numberPoints":[621],"nx":[27],"ny":[23],"lo1":[-20],"la1":[70],"lo2":[45],"la2":[45],"dx":[2.5],"dy":[2.5]},"data":[[1.7529],[2.3046],[2.7655],[3.0759],[3.1954],[3.1333],[2.9126],[2.5805],[2.177],[1.7609],[1.3586],[1.0023],[0.6966],[0.4276],[0.2011],[-0.0264],[-0.254],[-0.5138],[-0.7989],[-1.1034],[-1.3874],[-1.6241],[-1.7851],[-1.8368],[-1.7805],[-1.631],[-1.4333],[3.4954],[3.8862],[4.0989],[4.108],[3.954],[3.6356],[3.2184],[2.7575],[2.2931],[1.8586],[1.4713],[1.1345],[0.8506],[0.6172],[0.4092],[0.2172],[0.0103],[-0.2333],[-0.5276],[-0.8644],[-1.208],[-1.5034],[-1.723],[-1.7931],[-1.7207],[-1.5161],[-1.2345],[5.2218],[5.369],[5.3],[5.0333],[4.6149],[4.0989],[3.5563],[3.0184],[2.5],[1.9931],[1.4954],[1.023],[0.5839],[0.2023],[-0.0839],[-0.2828],[-0.4161],[-0.523],[-0.6483],[-0.8069],[-0.9897],[-1.1828],[-1.3046],[-1.308],[-1.177],[-0.9345],[-0.631],[6.2333],[6.1598],[5.846],[5.3402],[4.7333],[4.0793],[3.4632],[2.877],[2.3138],[1.7276],[1.1184],[0.4655],[-0.146],[-0.654],[-0.9644],[-1.0736],[-0.9966],[-0.8241],[-0.6437],[-0.5345],[-0.5172],[-0.5506],[-0.5874],[-0.554],[-0.4161],[-0.1897],[0.0437],[6.4368],[6.169],[5.6782],[4.992],[4.2115],[3.4195],[2.6897],[2.0287],[1.4264],[0.8195],[0.1793],[-0.4747],[-1.0609],[-1.4644],[-1.5966],[-1.431],[-1.0437],[-0.5609],[-0.1517],[0.0897],[0.1333],[0.0632],[-0.0414],[-0.0517],[0.0483],[0.2552],[0.4655],[6.1195],[5.7172],[5.1034],[4.3023],[3.3828],[2.4345],[1.5586],[0.7908],[0.146],[-0.4172],[-0.9437],[-1.4356],[-1.8103],[-1.9644],[-1.8103],[-1.3494],[-0.6954],[-0.0471],[0.4322],[0.6195],[0.5552],[0.3483],[0.1736],[0.1345],[0.2782],[0.5494],[0.8552],[5.4724],[4.9632],[4.2885],[3.4736],[2.546],[1.5644],[0.6046],[-0.2069],[-0.8667],[-1.3448],[-1.7264],[-2.0126],[-2.2092],[-2.208],[-1.9391],[-1.4172],[-0.7448],[-0.1023],[0.3287],[0.5069],[0.4816],[0.3885],[0.3816],[0.5149],[0.8138],[1.2126],[1.6149],[4.6161],[3.9138],[3.2057],[2.4851],[1.6989],[0.8333],[-0.0575],[-0.8483],[-1.4368],[-1.792],[-1.9782],[-2.1034],[-2.2057],[-2.2644],[-2.1747],[-1.8851],[-1.4402],[-0.969],[-0.5471],[-0.2103],[0.1218],[0.508],[0.9632],[1.4391],[1.8943],[2.2632],[2.5632],[3.6471],[2.6816],[1.8736],[1.2356],[0.6448],[-0.0402],[-0.8391],[-1.5874],[-2.0966],[-2.2575],[-2.1678],[-2.023],[-1.9828],[-2.0805],[-2.1966],[-2.2161],[-2.0816],[-1.8172],[-1.4172],[-0.8379],[-0.0506],[0.8977],[1.8414],[2.5724],[2.9655],[3.0644],[3],[2.6736],[1.4506],[0.5069],[-0.1138],[-0.6207],[-1.246],[-2.0448],[-2.8172],[-3.2506],[-3.1851],[-2.7425],[-2.2069],[-1.8517],[-1.769],[-1.8322],[-1.9],[-1.8862],[-1.7494],[-1.4092],[-0.7736],[0.2276],[1.4586],[2.5874],[3.2931],[3.4172],[3.1011],[2.6437],[1.6069],[0.3218],[-0.6839],[-1.3506],[-1.8862],[-2.5425],[-3.3678],[-4.1184],[-4.4747],[-4.2333],[-3.5345],[-2.7195],[-2.0759],[-1.6839],[-1.408],[-1.1678],[-0.9506],[-0.7494],[-0.4954],[-0.0057],[0.8575],[1.9782],[2.9805],[3.446],[3.2667],[2.6529],[1.9759],[0.4529],[-0.6506],[-1.5897],[-2.3023],[-2.8782],[-3.4816],[-4.1391],[-4.6897],[-4.8862],[-4.5931],[-3.9759],[-3.2575],[-2.6333],[-2.0667],[-1.4184],[-0.6931],[-0.0287],[0.3943],[0.6483],[0.9759],[1.5931],[2.4506],[3.1747],[3.3874],[3.0184],[2.3218],[1.6368],[-0.5034],[-1.3241],[-2.1609],[-2.8598],[-3.3644],[-3.7299],[-4.0276],[-4.2368],[-4.269],[-4.1069],[-3.8437],[-3.5747],[-3.2621],[-2.7184],[-1.823],[-0.6862],[0.346],[1.0195],[1.3471],[1.6368],[2.1529],[2.8529],[3.3701],[3.3989],[2.9471],[2.3115],[1.7345],[-0.9736],[-1.5805],[-2.323],[-2.9414],[-3.277],[-3.3552],[-3.3287],[-3.3195],[-3.3563],[-3.4345],[-3.5517],[-3.6494],[-3.5678],[-3.0598],[-2.069],[-0.8195],[0.2816],[0.9552],[1.2908],[1.6345],[2.2276],[2.9425],[3.3977],[3.3425],[2.8736],[2.3161],[1.8701],[-1.0483],[-1.5586],[-2.1943],[-2.6425],[-2.7598],[-2.6644],[-2.6195],[-2.708],[-2.9195],[-3.1506],[-3.3333],[-3.3977],[-3.2299],[-2.6747],[-1.7678],[-0.7448],[0.0207],[0.3782],[0.5379],[0.877],[1.5759],[2.4345],[2.9954],[3.0195],[2.6207],[2.1471],[1.7747],[-1.0345],[-1.5241],[-2.0046],[-2.2149],[-2.169],[-2.1299],[-2.3046],[-2.6506],[-2.9494],[-3.0414],[-2.9069],[-2.6241],[-2.2276],[-1.6908],[-1.0586],[-0.4989],[-0.2471],[-0.3299],[-0.4885],[-0.2954],[0.423],[1.446],[2.3069],[2.6483],[2.5],[2.0908],[1.6575],[-1.0483],[-1.4724],[-1.7874],[-1.8345],[-1.8103],[-1.9805],[-2.408],[-2.8414],[-2.9437],[-2.6149],[-2.008],[-1.4161],[-0.9793],[-0.6667],[-0.408],[-0.2655],[-0.369],[-0.7437],[-1.146],[-1.1632],[-0.5448],[0.6069],[1.8575],[2.7253],[2.9529],[2.6023],[1.9425],[-0.8839],[-1.1862],[-1.3552],[-1.4264],[-1.6299],[-2.1069],[-2.646],[-2.8862],[-2.5897],[-1.8437],[-1],[-0.4],[-0.1678],[-0.1149],[-0.069],[-0.046],[-0.2103],[-0.6437],[-1.131],[-1.2724],[-0.7368],[0.492],[2.0644],[3.3931],[3.9494],[3.5943],[2.6402],[-0.4644],[-0.5839],[-0.6483],[-0.8402],[-1.3529],[-2.0644],[-2.5701],[-2.5529],[-1.9759],[-1.1402],[-0.4471],[-0.1172],[-0.0874],[-0.0724],[0.0851],[0.2517],[0.1345],[-0.3103],[-0.7839],[-0.8575],[-0.2276],[1.0862],[2.7575],[4.2034],[4.7885],[4.3391],[3.2046],[0.0943],[0.0931],[0.1],[-0.1713],[-0.8368],[-1.5759],[-1.9552],[-1.7943],[-1.2609],[-0.7069],[-0.3931],[-0.3586],[-0.3747],[-0.1448],[0.3241],[0.6448],[0.4517],[-0.1483],[-0.6034],[-0.4253],[0.477],[1.8908],[3.4253],[4.5644],[4.8322],[4.1598],[2.9713],[0.6103],[0.5299],[0.5333],[0.2874],[-0.277],[-0.8253],[-1.0161],[-0.8644],[-0.5805],[-0.4057],[-0.3966],[-0.4931],[-0.4276],[0.0414],[0.7644],[1.1345],[0.7563],[-0.0655],[-0.5103],[-0.0954],[1.0414],[2.4103],[3.6264],[4.3069],[4.131],[3.1345],[1.8736],[0.9816],[0.6759],[0.5598],[0.3655],[0.0207],[-0.2471],[-0.3034],[-0.2506],[-0.2356],[-0.2552],[-0.2805],[-0.2724],[-0.0747],[0.5149],[1.3138],[1.708],[1.2793],[0.4253],[0.0023],[0.4368],[1.3839],[2.392],[3.2092],[3.5897],[3.1782],[1.9425],[0.5092],[1.1678],[0.6747],[0.4402],[0.2563],[0.0494],[-0.069],[-0.1],[-0.2149],[-0.4092],[-0.4632],[-0.2736],[0.0299],[0.4069],[1.0103],[1.7897],[2.2264],[1.9701],[1.3402],[1.0195],[1.1851],[1.5115],[1.8207],[2.231],[2.5862],[2.2621],[0.9931],[-0.5563]]}]