html/data/WT_san09_ind_wt_8_6.json
[{"header":{"disciplineName":["Meteorological products"],"parameterCategory":[0],"parameterCategoryName":["Temperature"],"parameterNumberName":["Temperature"],"parameterNumber":[0],"parameterUnits":["K"],"refTime":["2017-03-17T0000:00.000Z"],"numberPoints":[621],"nx":[27],"ny":[23],"lo1":[-20],"la1":[70],"lo2":[45],"la2":[45],"dx":[2.5],"dy":[2.5]},"data":[[0.9645],[1.2064],[1.4209],[1.6191],[1.8155],[2.0136],[2.2155],[2.4336],[2.6664],[2.9064],[3.1627],[3.3827],[3.5845],[3.7391],[3.8427],[3.8809],[3.8627],[3.7827],[3.6645],[3.5045],[3.3227],[3.1464],[2.9755],[2.8155],[2.6882],[2.5664],[2.4736],[1.9264],[2.0918],[2.2373],[2.3882],[2.5755],[2.7718],[3.0191],[3.2864],[3.59],[3.8791],[4.1518],[4.4082],[4.6045],[4.7536],[4.8282],[4.8555],[4.8227],[4.7355],[4.6082],[4.4664],[4.3027],[4.1409],[3.9682],[3.81],[3.6773],[3.5555],[3.4627],[2.9082],[3.0191],[3.1209],[3.2664],[3.4518],[3.6882],[3.9609],[4.2609],[4.5627],[4.8373],[5.0827],[5.29],[5.4464],[5.5482],[5.6209],[5.6482],[5.6464],[5.6336],[5.5936],[5.5409],[5.4773],[5.39],[5.2845],[5.1591],[5.0209],[4.8845],[4.7445],[3.8082],[3.8536],[3.93],[4.07],[4.2718],[4.55],[4.8536],[5.1736],[5.4682],[5.7318],[5.9627],[6.1645],[6.3245],[6.4591],[6.5682],[6.6445],[6.7064],[6.7409],[6.7591],[6.7591],[6.7482],[6.7191],[6.6318],[6.5227],[6.3827],[6.2373],[6.0682],[4.51],[4.5173],[4.5791],[4.7155],[4.9409],[5.2373],[5.5591],[5.8882],[6.2064],[6.4864],[6.7536],[7.0064],[7.2482],[7.4664],[7.6245],[7.7155],[7.7609],[7.7336],[7.6827],[7.6227],[7.55],[7.4827],[7.3991],[7.3209],[7.2409],[7.1755],[7.1209],[5.3336],[5.3227],[5.3645],[5.4827],[5.6809],[5.9664],[6.2827],[6.5991],[6.8918],[7.1736],[7.4645],[7.7645],[8.0336],[8.27],[8.4209],[8.4536],[8.4027],[8.2827],[8.1373],[8.0155],[7.9155],[7.8482],[7.8118],[7.8009],[7.8409],[7.9245],[8.0445],[6.5664],[6.5409],[6.5264],[6.5573],[6.6882],[6.8827],[7.1573],[7.43],[7.7045],[7.9373],[8.1827],[8.4318],[8.6609],[8.8264],[8.8882],[8.8609],[8.7736],[8.6827],[8.6409],[8.6627],[8.7155],[8.7936],[8.8773],[8.9773],[9.0955],[9.2391],[9.4118],[8.0227],[7.9009],[7.7482],[7.6518],[7.6609],[7.7936],[8.0264],[8.2918],[8.5609],[8.8064],[9.0445],[9.2573],[9.4336],[9.5227],[9.5191],[9.4827],[9.4827],[9.5755],[9.7827],[10.0464],[10.3264],[10.5755],[10.7936],[10.9627],[11.1118],[11.2336],[11.3209],[9.1664],[8.93],[8.6918],[8.5264],[8.5045],[8.6373],[8.8809],[9.1882],[9.5264],[9.8827],[10.2318],[10.55],[10.7736],[10.8518],[10.8209],[10.7627],[10.8045],[10.99],[11.2755],[11.5973],[11.8591],[12.0955],[12.3409],[12.6136],[12.8882],[13.0645],[13.15],[9.91],[9.6609],[9.5209],[9.5136],[9.6264],[9.85],[10.1445],[10.4864],[10.8955],[11.3536],[11.8373],[12.2973],[12.6191],[12.7227],[12.6355],[12.4664],[12.3773],[12.43],[12.5445],[12.5991],[12.5882],[12.6318],[12.8736],[13.3536],[13.9118],[14.2936],[14.4391],[10.5936],[10.5136],[10.6573],[10.9773],[11.3555],[11.7282],[12.0845],[12.43],[12.7882],[13.1827],[13.6355],[14.0973],[14.43],[14.53],[14.3427],[14.0336],[13.7973],[13.7227],[13.7209],[13.6136],[13.4227],[13.4009],[13.8045],[14.6118],[15.4627],[15.8991],[15.8264],[11.5027],[11.6118],[12.0118],[12.5736],[13.1809],[13.7464],[14.2409],[14.6518],[14.9373],[15.1282],[15.3155],[15.5627],[15.7973],[15.8482],[15.6355],[15.2773],[15.0682],[15.1573],[15.4391],[15.6409],[15.7355],[15.9936],[16.7591],[17.9445],[18.9864],[19.2173],[18.5136],[12.5209],[12.6482],[13.0518],[13.6482],[14.3991],[15.2445],[16.0973],[16.8118],[17.1918],[17.2118],[17.0536],[16.9645],[17.0136],[17.0209],[16.7955],[16.4227],[16.3045],[16.7173],[17.5209],[18.3245],[18.9318],[19.61],[20.7773],[22.35],[23.6573],[23.89],[22.8282],[13.4336],[13.4627],[13.7227],[14.33],[15.3045],[16.5955],[18.03],[19.2609],[19.9009],[19.8482],[19.3845],[18.9464],[18.7282],[18.5645],[18.1682],[17.6118],[17.3791],[17.8482],[18.9027],[20.0136],[20.8609],[21.7373],[23.11],[25.0427],[26.8718],[27.7627],[27.4536],[14.2773],[14.3173],[14.6791],[15.5627],[17.0209],[18.9009],[20.8609],[22.4427],[23.2264],[23.0882],[22.3555],[21.5627],[20.9627],[20.4209],[19.6591],[18.7336],[18.1427],[18.3064],[19.1045],[20.0136],[20.6791],[21.4227],[22.8355],[25.0482],[27.4536],[29.2955],[30.3809],[15.33],[15.7045],[16.5464],[18.0391],[20.0827],[22.3464],[24.4045],[25.8482],[26.4045],[26.0482],[25.1227],[24.0282],[23.0064],[22.01],[20.85],[19.65],[18.8173],[18.6627],[19.0718],[19.5518],[19.95],[20.6609],[22.2191],[24.59],[27.1045],[29.1591],[30.8682],[16.9264],[17.83],[19.2573],[21.2555],[23.5591],[25.71],[27.2827],[28.1209],[28.2427],[27.7536],[26.8445],[25.6609],[24.3627],[23.0118],[21.6973],[20.5573],[19.8427],[19.6409],[19.8009],[20.0445],[20.4482],[21.4682],[23.4464],[25.9827],[28.1427],[29.3555],[30.1027],[19.13],[20.4809],[22.1627],[24.1045],[26.0536],[27.5955],[28.47],[28.7173],[28.5755],[28.2355],[27.6555],[26.6827],[25.33],[23.8664],[22.5864],[21.7318],[21.2864],[21.1573],[21.2191],[21.4136],[21.9845],[23.4064],[25.8136],[28.5645],[30.4518],[30.7736],[30.0664],[21.3664],[22.8627],[24.3318],[25.7118],[26.9118],[27.7464],[28.1536],[28.2391],[28.2409],[28.3009],[28.1827],[27.5591],[26.3736],[24.9773],[23.8427],[23.1809],[22.8536],[22.7191],[22.6882],[22.8845],[23.4991],[24.8791],[27.1445],[29.8427],[31.8809],[32.3627],[31.3209],[22.5773],[23.9391],[24.9882],[25.7427],[26.2936],[26.7482],[27.1118],[27.3991],[27.7118],[28.0955],[28.3045],[28.0118],[27.1282],[26.0409],[25.1464],[24.6118],[24.2845],[24.0936],[24.1082],[24.3882],[24.8682],[25.6209],[26.9227],[28.9155],[31.0991],[32.4955],[32.4736],[22.1827],[23.2082],[23.9282],[24.3445],[24.6773],[25.1027],[25.6027],[26.0645],[26.4791],[26.9045],[27.2173],[27.21],[26.8245],[26.3009],[25.8773],[25.5918],[25.3555],[25.2755],[25.5136],[25.9827],[26.2827],[26.2445],[26.3009],[27.1409],[28.9155],[30.8355],[31.8573],[20.6736],[21.3118],[21.7864],[22.1445],[22.5391],[23.0627],[23.5791],[23.9518],[24.1955],[24.4445],[24.7609],[25.0682],[25.3045],[25.4955],[25.6209],[25.6445],[25.61],[25.7318],[26.1827],[26.6882],[26.7518],[26.2555],[25.6809],[25.8009],[26.8645],[28.3736],[29.3864],[19.0845],[19.3591],[19.6009],[19.9209],[20.3936],[20.9191],[21.3136],[21.4827],[21.5264],[21.6464],[21.9555],[22.4791],[23.1682],[23.8573],[24.3173],[24.4682],[24.5191],[24.7609],[25.1555],[25.3155],[24.9936],[24.4627],[24.2518],[24.6645],[25.4773],[26.1845],[26.4336]]},{"header":{"disciplineName":["Meteorological products"],"parameterCategory":[2],"parameterCategoryName":["u-component of wind"],"parameterNumberName":["u-component of wind"],"parameterNumber":[2],"parameterUnits":["m s-1"],"refTime":["2017-03-17T0000:00.000Z"],"numberPoints":[621],"nx":[27],"ny":[23],"lo1":[-20],"la1":[70],"lo2":[45],"la2":[45],"dx":[2.5],"dy":[2.5]},"data":[[1.2527],[1.6327],[1.9818],[2.2964],[2.5873],[2.8691],[3.1564],[3.4727],[3.7909],[4.1109],[4.3782],[4.5745],[4.6782],[4.7018],[4.6564],[4.5709],[4.4709],[4.4055],[4.3782],[4.3818],[4.42],[4.44],[4.4382],[4.3745],[4.2655],[4.1091],[3.92],[0.8309],[1.4382],[1.9418],[2.3818],[2.7473],[3.1182],[3.4927],[3.9036],[4.3364],[4.7655],[5.0873],[5.2945],[5.3091],[5.1636],[4.8873],[4.5255],[4.18],[3.8764],[3.6764],[3.5764],[3.5709],[3.6127],[3.6709],[3.7291],[3.7491],[3.7655],[3.7509],[1.6364],[2.1709],[2.5982],[2.9182],[3.1582],[3.3891],[3.6527],[3.9873],[4.3782],[4.7673],[5.0764],[5.2418],[5.2036],[4.9691],[4.5873],[4.1327],[3.6927],[3.3327],[3.0982],[2.9818],[2.9655],[3.0109],[3.1055],[3.2236],[3.3764],[3.5527],[3.78],[3.4836],[3.7236],[3.8818],[3.9327],[3.9309],[3.92],[3.9509],[4.0545],[4.2255],[4.4073],[4.5509],[4.5927],[4.4982],[4.3036],[4.0436],[3.7709],[3.56],[3.4273],[3.3764],[3.3745],[3.3945],[3.4182],[3.4418],[3.48],[3.5836],[3.7764],[4.06],[5.5091],[5.4255],[5.3345],[5.2345],[5.0964],[4.9455],[4.7982],[4.6691],[4.5727],[4.5018],[4.4109],[4.28],[4.1364],[3.9927],[3.9091],[3.9164],[4.0309],[4.2218],[4.4309],[4.6109],[4.6945],[4.6764],[4.5982],[4.4782],[4.4182],[4.4418],[4.5873],[7.16],[6.9145],[6.7473],[6.6127],[6.4655],[6.2673],[6.0309],[5.7782],[5.5291],[5.2745],[5.0345],[4.8127],[4.5927],[4.4491],[4.3891],[4.4636],[4.6655],[4.9582],[5.26],[5.5073],[5.6836],[5.7436],[5.7036],[5.6055],[5.4836],[5.4036],[5.4055],[8.5091],[8.1964],[7.9764],[7.78],[7.5618],[7.2691],[6.9255],[6.5745],[6.26],[6.0127],[5.8018],[5.6182],[5.4218],[5.2273],[5.0509],[4.9345],[4.9018],[4.9673],[5.0873],[5.2527],[5.4345],[5.6309],[5.8255],[5.98],[6.0909],[6.1436],[6.1855],[9.3964],[8.9691],[8.5582],[8.1691],[7.7636],[7.3309],[6.88],[6.4818],[6.1527],[5.9491],[5.8327],[5.7582],[5.6691],[5.5055],[5.2782],[5.0145],[4.7582],[4.5255],[4.3509],[4.2564],[4.2764],[4.4436],[4.7582],[5.1618],[5.5764],[5.9127],[6.16],[9.38],[8.7091],[8.0345],[7.4018],[6.8782],[6.4382],[6.0745],[5.7527],[5.4527],[5.1945],[5.0127],[4.9018],[4.8545],[4.8145],[4.7509],[4.6127],[4.4182],[4.1509],[3.8236],[3.4655],[3.1655],[3.0291],[3.1455],[3.5291],[4.0727],[4.6309],[5.0673],[8.44],[7.6018],[6.7164],[5.9527],[5.4218],[5.1873],[5.1345],[5.0909],[4.8964],[4.5127],[4.0418],[3.6364],[3.4127],[3.3964],[3.4873],[3.6073],[3.6764],[3.6255],[3.4],[2.9873],[2.4709],[2.02],[1.8218],[1.9873],[2.4455],[3.0418],[3.5764],[7.1618],[6.3818],[5.4655],[4.6309],[4.1218],[4.0873],[4.4],[4.7782],[4.8564],[4.54],[3.9],[3.2109],[2.6964],[2.4455],[2.3836],[2.4055],[2.4636],[2.4691],[2.4],[2.1764],[1.8036],[1.3891],[1.1036],[1.0945],[1.3673],[1.8345],[2.3309],[5.74],[5.1909],[4.4491],[3.6909],[3.2327],[3.3182],[3.9327],[4.7291],[5.3345],[5.4527],[5.1382],[4.5636],[3.9436],[3.3691],[2.7818],[2.1927],[1.6582],[1.28],[1.1255],[1.1036],[1.0927],[0.9964],[0.8691],[0.7873],[0.8091],[0.9618],[1.2382],[3.7073],[3.4782],[3.2145],[2.9636],[2.9255],[3.3018],[4.1218],[5.1782],[6.1945],[6.9],[7.2036],[7.1236],[6.7127],[5.9709],[4.9],[3.6018],[2.3436],[1.3818],[0.8927],[0.8255],[0.9473],[1.0673],[1.0764],[0.9545],[0.7309],[0.4873],[0.3545],[1.2545],[1.4782],[2.0727],[2.8691],[3.7291],[4.5927],[5.4273],[6.2509],[7.0327],[7.7382],[8.2836],[8.56],[8.4345],[7.8145],[6.7364],[5.3545],[3.9764],[2.8636],[2.1618],[1.8473],[1.78],[1.8145],[1.8309],[1.7909],[1.5855],[1.1345],[0.54],[-0.1582],[0.7564],[2.3164],[4.0945],[5.6473],[6.62],[6.96],[6.8455],[6.5891],[6.4945],[6.5855],[6.7364],[6.7073],[6.3964],[5.8527],[5.2036],[4.5673],[4.0218],[3.5509],[3.1764],[2.8818],[2.78],[2.92],[3.2618],[3.5091],[3.2545],[2.3309],[0.6],[2.1509],[4.0436],[5.7636],[6.8618],[7.0382],[6.34],[5.1145],[3.8091],[2.8364],[2.3364],[2.1582],[2.1218],[2.1309],[2.2745],[2.6],[3.0182],[3.3473],[3.4727],[3.3945],[3.2855],[3.3455],[3.7764],[4.5582],[5.34],[5.4255],[4.4291],[2.32],[3.9109],[5.0891],[5.48],[4.9745],[3.7836],[2.2145],[0.6382],[-0.6891],[-1.6127],[-2.1327],[-2.3036],[-2.2455],[-1.9382],[-1.2945],[-0.3727],[0.6364],[1.5091],[2.1691],[2.6818],[3.1582],[3.6327],[4.1745],[4.8491],[5.4982],[5.6345],[4.7964],[2.4491],[3.2673],[3.1473],[1.9418],[0.0255],[-1.9382],[-3.3745],[-4.1127],[-4.3345],[-4.3709],[-4.3655],[-4.3036],[-4.0218],[-3.4055],[-2.4709],[-1.3636],[-0.3164],[0.5818],[1.4764],[2.5309],[3.6218],[4.3782],[4.5527],[4.2909],[3.9364],[3.6127],[3.0545],[-0.2855],[-0.4818],[-1.4291],[-3.0655],[-4.9018],[-6.2436],[-6.6218],[-6.0745],[-5.1764],[-4.4982],[-4.2436],[-4.1018],[-3.6545],[-2.72],[-1.4545],[-0.1891],[0.7964],[1.5527],[2.4109],[3.6036],[4.8855],[5.5545],[5.0436],[3.5982],[2.0364],[1.0982],[0.8636],[-4.7509],[-5.4564],[-6.1964],[-6.8109],[-7.1418],[-7.0091],[-6.3164],[-5.2055],[-4.1636],[-3.6145],[-3.5782],[-3.5727],[-3.0509],[-1.8582],[-0.2745],[1.2236],[2.3255],[3.0327],[3.66],[4.4673],[5.3145],[5.5655],[4.6509],[2.7364],[0.72],[-0.4382],[-0.4909],[-8.8509],[-9.4364],[-9.4382],[-8.68],[-7.4564],[-6.2691],[-5.3691],[-4.72],[-4.3055],[-4.2],[-4.3],[-4.1891],[-3.5164],[-2.2582],[-0.7091],[0.7964],[1.9582],[2.6255],[2.8891],[3.0055],[3.1018],[2.9709],[2.2727],[0.9745],[-0.4364],[-1.3327],[-1.4745],[-10.9091],[-11.2764],[-10.9745],[-9.7673],[-8.18],[-7.0582],[-6.7564],[-6.9327],[-7.1255],[-7.1091],[-6.8273],[-6.2436],[-5.3327],[-4.2727],[-3.1927],[-2.0927],[-1.1218],[-0.5691],[-0.6],[-0.9836],[-1.3182],[-1.3909],[-1.3727],[-1.5036],[-1.8545],[-2.3055],[-2.6455],[-10.0727],[-10.5418],[-10.6491],[-10.1091],[-9.3327],[-9.0655],[-9.4745],[-10.1564],[-10.5491],[-10.4345],[-9.8345],[-8.9127],[-7.9636],[-7.2345],[-6.6782],[-6.0455],[-5.2982],[-4.8127],[-4.8436],[-5.1309],[-5.1655],[-4.6873],[-3.8764],[-3.14],[-2.7418],[-2.8091],[-3.1309]]},{"header":{"disciplineName":["Meteorological products"],"parameterCategory":[2],"parameterCategoryName":["v-component of wind"],"parameterNumberName":["v-component of wind"],"parameterNumber":[3],"parameterUnits":["m s-1"],"refTime":["2017-03-17T0000:00.000Z"],"numberPoints":[621],"nx":[27],"ny":[23],"lo1":[-20],"la1":[70],"lo2":[45],"la2":[45],"dx":[2.5],"dy":[2.5]},"data":[[0.4582],[0.8218],[1.2073],[1.5964],[1.9655],[2.3127],[2.6109],[2.8509],[2.9945],[3.0455],[2.9855],[2.8418],[2.6364],[2.3891],[2.1145],[1.8073],[1.4691],[1.1018],[0.6636],[0.1873],[-0.32],[-0.8018],[-1.22],[-1.5218],[-1.66],[-1.6291],[-1.4655],[1.8455],[2.1345],[2.3873],[2.6218],[2.8509],[3.0927],[3.2982],[3.4309],[3.4509],[3.3073],[3.0255],[2.6218],[2.1727],[1.7327],[1.3527],[1.0455],[0.7964],[0.5673],[0.3036],[-0.0145],[-0.4036],[-0.8291],[-1.2],[-1.5127],[-1.6727],[-1.7073],[-1.6164],[3.1818],[3.2709],[3.2927],[3.3436],[3.4618],[3.6545],[3.8582],[3.98],[3.9327],[3.6291],[3.0982],[2.3964],[1.6327],[0.94],[0.4018],[0.0455],[-0.1345],[-0.2255],[-0.2873],[-0.3855],[-0.5564],[-0.7545],[-0.9436],[-1.0909],[-1.1491],[-1.1309],[-1.0855],[3.6527],[3.52],[3.3655],[3.3145],[3.4327],[3.6964],[4.0182],[4.2455],[4.2273],[3.8818],[3.2145],[2.3436],[1.42],[0.58],[-0.0364],[-0.4127],[-0.5727],[-0.6127],[-0.5891],[-0.5782],[-0.5982],[-0.6309],[-0.6327],[-0.5636],[-0.44],[-0.3018],[-0.2273],[3.2673],[3.0473],[2.8727],[2.8509],[3.04],[3.4],[3.8018],[4.0982],[4.1109],[3.7673],[3.1073],[2.2618],[1.3927],[0.6345],[0.0982],[-0.2164],[-0.38],[-0.4418],[-0.4927],[-0.5327],[-0.5855],[-0.6055],[-0.56],[-0.4164],[-0.1964],[0.0418],[0.1891],[2.6836],[2.54],[2.4291],[2.4545],[2.6382],[2.9473],[3.2745],[3.4909],[3.4509],[3.1109],[2.5236],[1.8109],[1.1164],[0.5673],[0.1982],[-0.0055],[-0.1255],[-0.2],[-0.2673],[-0.3509],[-0.4527],[-0.5382],[-0.6],[-0.5655],[-0.4345],[-0.2036],[0.04],[2.2327],[2.1836],[2.1218],[2.1091],[2.16],[2.3],[2.4691],[2.5727],[2.5127],[2.2327],[1.7582],[1.1855],[0.6273],[0.1836],[-0.0982],[-0.2527],[-0.2909],[-0.2655],[-0.1818],[-0.0873],[-0.0455],[-0.1073],[-0.2618],[-0.4491],[-0.5273],[-0.4],[-0.0855],[1.5873],[1.5764],[1.5527],[1.5036],[1.4891],[1.5436],[1.6582],[1.7836],[1.82],[1.6909],[1.3745],[0.8891],[0.3491],[-0.1364],[-0.5036],[-0.6891],[-0.7164],[-0.5564],[-0.2455],[0.1327],[0.4491],[0.5473],[0.4073],[0.1145],[-0.1145],[-0.0709],[0.2782],[0.4655],[0.4836],[0.5436],[0.66],[0.8145],[1.0073],[1.2309],[1.4436],[1.5564],[1.5109],[1.2691],[0.8564],[0.3491],[-0.1527],[-0.5691],[-0.84],[-0.8945],[-0.7527],[-0.4182],[0.0564],[0.5018],[0.7909],[0.8273],[0.6764],[0.5436],[0.6127],[0.9182],[-0.8473],[-0.8618],[-0.6382],[-0.1909],[0.3709],[0.9036],[1.2618],[1.3709],[1.2582],[1.0382],[0.7418],[0.4418],[0.1491],[-0.1327],[-0.3636],[-0.5418],[-0.6509],[-0.6764],[-0.5836],[-0.3673],[-0.0309],[0.3509],[0.7091],[0.9673],[1.2],[1.4273],[1.6055],[-1.9455],[-2.1164],[-1.8455],[-1.0582],[0.0091],[0.9727],[1.4455],[1.2964],[0.7182],[0.0527],[-0.4182],[-0.5982],[-0.5618],[-0.4545],[-0.3927],[-0.3982],[-0.4636],[-0.6018],[-0.7582],[-0.82],[-0.6745],[-0.2345],[0.4509],[1.22],[1.9164],[2.3782],[2.4727],[-2.7055],[-3.2073],[-3.0618],[-2.0436],[-0.4582],[1.0545],[1.8073],[1.54],[0.5491],[-0.5818],[-1.2909],[-1.4709],[-1.3455],[-1.1964],[-1.1527],[-1.1691],[-1.1473],[-1.0927],[-1.0782],[-1.0764],[-0.9218],[-0.4473],[0.3945],[1.4455],[2.4364],[3.1545],[3.4145],[-3.2836],[-3.9927],[-3.9345],[-2.7145],[-0.6073],[1.5236],[2.7309],[2.6036],[1.4309],[0.0145],[-0.9873],[-1.4618],[-1.7509],[-2.1836],[-2.7491],[-3.1127],[-3],[-2.4327],[-1.7727],[-1.2909],[-0.9309],[-0.4727],[0.2709],[1.2091],[2.1818],[3.0473],[3.7036],[-3.5382],[-4.0309],[-3.7182],[-2.2],[0.2673],[2.7473],[4.2018],[4.1382],[2.8891],[1.3109],[0.0491],[-0.8764],[-1.8727],[-3.2218],[-4.6564],[-5.4945],[-5.2655],[-4.1055],[-2.7182],[-1.6855],[-1.1182],[-0.6691],[-0.0982],[0.5673],[1.2164],[1.9218],[2.8145],[-3.1018],[-2.9218],[-2.0727],[-0.3109],[2.0545],[4.1964],[5.2418],[4.8673],[3.4727],[1.8473],[0.4818],[-0.7127],[-2.2036],[-4.1545],[-6.0873],[-7.1182],[-6.7255],[-5.2255],[-3.5],[-2.28],[-1.5745],[-0.9218],[-0.14],[0.5],[0.7073],[0.72],[1.1873],[-1.7527],[-0.8764],[0.3727],[1.9527],[3.5691],[4.6582],[4.7691],[3.8836],[2.4527],[1.04],[-0.1091],[-1.2655],[-2.8036],[-4.7655],[-6.56],[-7.3836],[-6.8491],[-5.4145],[-3.9345],[-2.9164],[-2.06],[-0.8291],[0.7018],[1.7],[1.4255],[0.2764],[-0.4164],[0.1655],[1.3182],[2.36],[3.1909],[3.6455],[3.5564],[2.8782],[1.8527],[0.8182],[-0.0455],[-0.8309],[-1.8345],[-3.2473],[-4.9109],[-6.2455],[-6.7164],[-6.1836],[-5.1255],[-4.1436],[-3.3836],[-2.3],[-0.4018],[1.9255],[3.2782],[2.5327],[0.1564],[-1.8309],[1.9036],[2.6945],[2.9509],[2.7655],[2.24],[1.5327],[0.8364],[0.3273],[0.0564],[-0.1709],[-0.7055],[-1.7273],[-3.1255],[-4.5255],[-5.4764],[-5.7382],[-5.3873],[-4.7127],[-4.0509],[-3.3018],[-2.0218],[0.0691],[2.4527],[3.6564],[2.4855],[-0.5291],[-3.1927],[2.6527],[2.7527],[2.1364],[1.1891],[0.3327],[-0.1545],[-0.1964],[0.1327],[0.5436],[0.6127],[0.0909],[-1.0164],[-2.3618],[-3.52],[-4.2236],[-4.48],[-4.3945],[-3.9982],[-3.2982],[-2.3236],[-1.0782],[0.4327],[1.8436],[2.3345],[1.0873],[-1.5691],[-3.9582],[2.1909],[1.7982],[0.7182],[-0.3927],[-0.9582],[-0.7964],[-0.0764],[0.76],[1.3018],[1.2455],[0.5909],[-0.3855],[-1.3182],[-2.02],[-2.4709],[-2.8382],[-3.0618],[-2.8691],[-2.0436],[-0.8509],[0.1218],[0.5345],[0.48],[0.1455],[-0.6291],[-2.0127],[-3.5145],[1.2091],[0.7545],[-0.2545],[-1.0855],[-1.2109],[-0.5691],[0.4291],[1.2182],[1.3891],[0.9509],[0.2473],[-0.3418],[-0.62],[-0.7255],[-0.9345],[-1.4018],[-1.9327],[-2.0018],[-1.2382],[-0.0727],[0.5145],[-0.0745],[-1.28],[-2.0491],[-2.02],[-1.86],[-2.3255],[0.5691],[0.3545],[-0.2982],[-0.8091],[-0.7818],[-0.2164],[0.5364],[0.98],[0.7764],[0.0727],[-0.6291],[-0.8927],[-0.7364],[-0.5],[-0.5545],[-1.0691],[-1.8036],[-2.1527],[-1.6818],[-0.7545],[-0.4527],[-1.4564],[-3.1509],[-4.0564],[-3.4455],[-2.2182],[-1.8564],[0.3982],[0.3909],[0.0236],[-0.3382],[-0.4927],[-0.3891],[-0.0927],[0.1382],[-0.0382],[-0.6418],[-1.2891],[-1.5836],[-1.4891],[-1.3018],[-1.3673],[-1.8709],[-2.6418],[-3.1764],[-2.9836],[-2.2164],[-1.8545],[-2.6964],[-4.3273],[-5.3655],[-4.9018],[-3.5218],[-2.6527]]}]