html/data/WT_san09_ind_wt_4_9.json
[{"header":{"disciplineName":["Meteorological products"],"parameterCategory":[0],"parameterCategoryName":["Temperature"],"parameterNumberName":["Temperature"],"parameterNumber":[0],"parameterUnits":["K"],"refTime":["2017-03-17T0000:00.000Z"],"numberPoints":[621],"nx":[27],"ny":[23],"lo1":[-20],"la1":[70],"lo2":[45],"la2":[45],"dx":[2.5],"dy":[2.5]},"data":[[-11.6021],[-10.9756],[-10.3368],[-9.7161],[-9.1376],[-8.6136],[-8.1657],[-7.7789],[-7.4665],[-7.207],[-6.9864],[-6.8029],[-6.631],[-6.4963],[-6.3971],[-6.35],[-6.3698],[-6.4698],[-6.6393],[-6.8781],[-7.1607],[-7.4566],[-7.7616],[-8.0492],[-8.3128],[-8.5624],[-8.812],[-9.0764],[-8.6483],[-8.212],[-7.7814],[-7.3599],[-6.9607],[-6.593],[-6.2789],[-5.9963],[-5.7541],[-5.5467],[-5.3599],[-5.2021],[-5.069],[-4.9847],[-4.9682],[-5.0351],[-5.2012],[-5.4541],[-5.769],[-6.1095],[-6.4409],[-6.7269],[-6.95],[-7.1161],[-7.2426],[-7.3574],[-6.6169],[-6.4467],[-6.2541],[-6.0293],[-5.769],[-5.4822],[-5.1888],[-4.9004],[-4.6492],[-4.4417],[-4.2731],[-4.136],[-4.036],[-3.9525],[-3.9186],[-3.9335],[-4.0318],[-4.2227],[-4.5012],[-4.8211],[-5.1475],[-5.4384],[-5.6533],[-5.7773],[-5.8393],[-5.8632],[-5.8946],[-4.6715],[-4.6508],[-4.6186],[-4.5417],[-4.4012],[-4.2136],[-3.9764],[-3.7401],[-3.5244],[-3.3632],[-3.2583],[-3.2054],[-3.1649],[-3.1401],[-3.1169],[-3.1211],[-3.1806],[-3.3161],[-3.5186],[-3.7632],[-4.0029],[-4.1905],[-4.3079],[-4.35],[-4.3591],[-4.3773],[-4.4277],[-3.2707],[-3.2244],[-3.2021],[-3.1847],[-3.15],[-3.0698],[-2.9475],[-2.7872],[-2.6318],[-2.5211],[-2.4682],[-2.4698],[-2.4855],[-2.4831],[-2.4417],[-2.3955],[-2.3855],[-2.4351],[-2.5682],[-2.7343],[-2.8822],[-2.969],[-2.9938],[-2.9624],[-2.9492],[-2.9847],[-3.0773],[-2.0541],[-1.8657],[-1.7831],[-1.8012],[-1.8822],[-1.9566],[-1.974],[-1.9128],[-1.8062],[-1.731],[-1.7103],[-1.7533],[-1.8054],[-1.8169],[-1.7715],[-1.6963],[-1.6583],[-1.6963],[-1.8219],[-1.9707],[-2.074],[-2.0789],[-1.9955],[-1.8773],[-1.8062],[-1.8128],[-1.8657],[-0.793],[-0.5252],[-0.4169],[-0.4905],[-0.6864],[-0.907],[-1.036],[-1.0442],[-0.9657],[-0.8839],[-0.8839],[-0.9508],[-1.0541],[-1.1145],[-1.0798],[-1.0103],[-0.9864],[-1.0583],[-1.2219],[-1.3963],[-1.4731],[-1.407],[-1.1913],[-0.9682],[-0.7988],[-0.7236],[-0.7029],[0.3913],[0.5822],[0.6376],[0.5178],[0.2624],[-0.0012],[-0.1773],[-0.2004],[-0.1103],[-0.0045],[0.0062],[-0.074],[-0.2012],[-0.2839],[-0.2665],[-0.1905],[-0.1591],[-0.2574],[-0.4674],[-0.6682],[-0.7343],[-0.5938],[-0.3079],[0.0079],[0.2517],[0.3938],[0.5062],[1.407],[1.4244],[1.4054],[1.2988],[1.1186],[0.9079],[0.7401],[0.6971],[0.7855],[0.9178],[0.9979],[0.9764],[0.8955],[0.8525],[0.9021],[0.9897],[1.0202],[0.8921],[0.626],[0.3607],[0.255],[0.3674],[0.6459],[0.9707],[1.2475],[1.4781],[1.7434],[2.3847],[2.2731],[2.2409],[2.269],[2.25],[2.1293],[1.955],[1.826],[1.8326],[1.9789],[2.164],[2.2798],[2.3095],[2.3136],[2.3459],[2.3938],[2.3698],[2.1764],[1.8475],[1.5169],[1.3376],[1.3773],[1.5831],[1.8599],[2.15],[2.5112],[2.9806],[3.474],[3.3343],[3.3839],[3.5624],[3.7054],[3.6467],[3.4136],[3.1583],[3.0591],[3.1872],[3.4434],[3.6847],[3.7707],[3.7434],[3.6682],[3.5921],[3.474],[3.2649],[2.9773],[2.7178],[2.6169],[2.6888],[2.8971],[3.1409],[3.4409],[3.8517],[4.426],[4.5921],[4.5112],[4.607],[4.8384],[5.0219],[5.0045],[4.7624],[4.4831],[4.3607],[4.4905],[4.764],[4.9864],[5.0244],[4.874],[4.6459],[4.4426],[4.3012],[4.2087],[4.1574],[4.1971],[4.3781],[4.6955],[5.0517],[5.3649],[5.6558],[6.0186],[6.4864],[5.593],[5.5492],[5.5773],[5.6864],[5.8178],[5.8806],[5.8426],[5.7921],[5.8236],[5.9773],[6.169],[6.2789],[6.1921],[5.9517],[5.6517],[5.4236],[5.3508],[5.4318],[5.6302],[5.9814],[6.4748],[7.0814],[7.6789],[8.169],[8.5517],[8.9186],[9.3136],[6.4946],[6.4326],[6.2855],[6.2186],[6.3508],[6.6781],[7.1004],[7.4905],[7.75],[7.8723],[7.888],[7.8285],[7.6764],[7.464],[7.2252],[7.045],[6.9979],[7.0905],[7.307],[7.6459],[8.1773],[8.9178],[9.7698],[10.5607],[11.2128],[11.8194],[12.4839],[7.3946],[7.2492],[7.0012],[6.95],[7.3252],[8.1409],[9.1285],[9.9169],[10.2682],[10.2161],[9.9831],[9.7698],[9.6434],[9.5368],[9.3649],[9.169],[8.9979],[8.9112],[8.8864],[8.9632],[9.2946],[10.0335],[11.1409],[12.3095],[13.2955],[14.1376],[15.1599],[8.212],[8.0616],[7.9376],[8.2037],[9.0707],[10.431],[11.8211],[12.7409],[12.9583],[12.6756],[12.2789],[12.0632],[12.0219],[11.9715],[11.7409],[11.3723],[11.0161],[10.7533],[10.5798],[10.4938],[10.7037],[11.5054],[12.9112],[14.4624],[15.5764],[16.2012],[16.9442],[8.9219],[8.9442],[9.169],[9.888],[11.2161],[12.8707],[14.3318],[15.1169],[15.1839],[14.9087],[14.7269],[14.7756],[14.8773],[14.7657],[14.3236],[13.7128],[13.1814],[12.9045],[12.8434],[12.907],[13.2153],[14.15],[15.8236],[17.6657],[18.7409],[18.7045],[18.3227],[9.8112],[10.1847],[10.8029],[11.8186],[13.2376],[14.7888],[16.0211],[16.65],[16.836],[17.0186],[17.4483],[17.9517],[18.169],[17.8988],[17.2178],[16.4045],[15.7434],[15.4657],[15.555],[15.8227],[16.2558],[17.1574],[18.8161],[20.812],[22.0194],[21.6277],[20.1674],[11.3326],[12.131],[13.0169],[14.0095],[15.1343],[16.2897],[17.2409],[17.8756],[18.4541],[19.2979],[20.3665],[21.1649],[21.2905],[20.8004],[20.026],[19.1946],[18.4475],[17.9773],[17.9318],[18.2227],[18.5979],[19.174],[20.3905],[22.2764],[23.8781],[24.026],[22.6202],[13.7219],[14.85],[15.8186],[16.5888],[17.3037],[18.0872],[18.8773],[19.6368],[20.5393],[21.7517],[22.9806],[23.5946],[23.355],[22.6541],[22.0227],[21.493],[20.7913],[20.0318],[19.6574],[19.8467],[20.1921],[20.4004],[20.8963],[22.2252],[24.0211],[25.0988],[24.7087],[16.6591],[17.8822],[18.8087],[19.3682],[19.8252],[20.4269],[21.1773],[21.969],[22.8682],[23.9178],[24.7913],[24.9285],[24.2822],[23.5112],[23.236],[23.2211],[22.8054],[21.9409],[21.3508],[21.5541],[22.0988],[22.2674],[22.1649],[22.5831],[23.8202],[25.0897],[25.4483],[19.3839],[20.4665],[21.2434],[21.6897],[22.0541],[22.5971],[23.2979],[23.9798],[24.5963],[25.2368],[25.6963],[25.5748],[24.888],[24.3103],[24.4004],[24.8393],[24.8079],[24.1227],[23.5492],[23.8087],[24.5822],[24.9798],[24.7004],[24.3616],[24.5368],[24.9599],[24.9665],[21.0335],[21.8376],[22.4227],[22.7839],[23.0963],[23.5583],[24.1426],[24.6517],[25.0277],[25.3888],[25.7244],[25.8021],[25.5905],[25.4293],[25.7029],[26.2293],[26.4368],[26.0971],[25.6806],[25.7781],[26.3442],[26.7839],[26.707],[26.2624],[25.7756],[25.2178],[24.3351]]},{"header":{"disciplineName":["Meteorological products"],"parameterCategory":[2],"parameterCategoryName":["u-component of wind"],"parameterNumberName":["u-component of wind"],"parameterNumber":[2],"parameterUnits":["m s-1"],"refTime":["2017-03-17T0000:00.000Z"],"numberPoints":[621],"nx":[27],"ny":[23],"lo1":[-20],"la1":[70],"lo2":[45],"la2":[45],"dx":[2.5],"dy":[2.5]},"data":[[2.4595],[2.7421],[2.9579],[3.0959],[3.1802],[3.2504],[3.3471],[3.4843],[3.6992],[3.9835],[4.324],[4.6884],[5.0248],[5.3223],[5.5455],[5.6975],[5.8017],[5.8702],[5.9388],[6.0041],[6.086],[6.1694],[6.2388],[6.2736],[6.2686],[6.219],[6.1438],[3.4273],[3.7967],[4.0107],[4.0686],[4.0124],[3.8934],[3.7967],[3.7868],[3.9008],[4.1488],[4.4975],[4.8983],[5.2917],[5.6041],[5.8099],[5.9],[5.9025],[5.862],[5.8223],[5.8165],[5.8529],[5.9182],[5.9802],[6.0264],[6.0256],[5.9884],[5.9231],[4.9058],[5.1636],[5.2579],[5.1992],[5.038],[4.8248],[4.6364],[4.5388],[4.5669],[4.7149],[4.9645],[5.2694],[5.538],[5.7107],[5.7587],[5.695],[5.538],[5.362],[5.2256],[5.1653],[5.1909],[5.2851],[5.4],[5.5033],[5.5661],[5.5983],[5.6273],[6.3488],[6.3455],[6.2653],[6.143],[5.976],[5.8083],[5.6347],[5.4702],[5.3388],[5.2479],[5.1926],[5.1579],[5.1058],[5.0074],[4.8645],[4.6843],[4.5058],[4.3711],[4.3066],[4.3488],[4.4678],[4.643],[4.8165],[4.976],[5.0893],[5.1934],[5.3248],[7.2793],[7.0033],[6.7711],[6.6182],[6.5132],[6.4107],[6.257],[6.0165],[5.681],[5.2777],[4.8413],[4.4124],[4.0182],[3.7025],[3.4545],[3.3041],[3.2479],[3.2917],[3.4207],[3.6149],[3.8479],[4.0678],[4.257],[4.4091],[4.5512],[4.7091],[4.9455],[7.7818],[7.3281],[6.9504],[6.7017],[6.5331],[6.3826],[6.1818],[5.8702],[5.4388],[4.9083],[4.3331],[3.7785],[3.2926],[2.9124],[2.6479],[2.5198],[2.4975],[2.5554],[2.6711],[2.8157],[2.9744],[3.1347],[3.2934],[3.4661],[3.6793],[3.9702],[4.3628],[8.1769],[7.6124],[7.0661],[6.5926],[6.1992],[5.8504],[5.524],[5.1942],[4.8479],[4.5058],[4.1719],[3.857],[3.5645],[3.2942],[3.0405],[2.7917],[2.538],[2.2818],[2.0479],[1.8545],[1.7702],[1.8008],[1.9802],[2.2744],[2.6661],[3.1388],[3.676],[8.324],[7.6893],[6.9934],[6.3099],[5.686],[5.1438],[4.7083],[4.3793],[4.1752],[4.0851],[4.0868],[4.1174],[4.1264],[4.0504],[3.8529],[3.5124],[3.0339],[2.4529],[1.8496],[1.3388],[1.0488],[1.038],[1.3041],[1.7364],[2.2496],[2.7562],[3.2198],[7.7992],[7.1372],[6.4273],[5.7355],[5.1041],[4.5537],[4.0992],[3.7595],[3.5471],[3.4818],[3.5256],[3.657],[3.8091],[3.919],[3.9165],[3.7653],[3.4388],[2.9587],[2.4074],[1.9446],[1.7017],[1.7645],[2.0851],[2.5083],[2.8727],[3.095],[3.205],[6.6099],[6.0504],[5.4884],[4.9769],[4.5289],[4.1455],[3.7909],[3.4645],[3.1488],[2.881],[2.7157],[2.6711],[2.7595],[2.9438],[3.1793],[3.3959],[3.5182],[3.5165],[3.4215],[3.3099],[3.3008],[3.4521],[3.7107],[3.9364],[3.9835],[3.8388],[3.5777],[5.3934],[5.0074],[4.6322],[4.2851],[4.0025],[3.7959],[3.6537],[3.5008],[3.2835],[3.005],[2.7231],[2.524],[2.476],[2.5769],[2.8041],[3.1405],[3.5124],[3.8628],[4.1488],[4.3446],[4.5083],[4.6529],[4.7661],[4.8017],[4.6917],[4.4628],[4.2256],[4.5273],[4.3298],[4.0719],[3.7702],[3.5372],[3.4917],[3.6818],[3.9645],[4.1868],[4.2504],[4.1727],[4.0455],[3.9273],[3.8405],[3.7777],[3.7959],[3.9314],[4.1926],[4.4959],[4.7529],[4.8975],[4.9207],[4.8802],[4.8446],[4.8512],[4.9322],[5.1066],[3.7835],[3.7512],[3.6182],[3.3983],[3.2959],[3.5339],[4.1521],[4.9446],[5.6446],[6.0835],[6.2727],[6.319],[6.2653],[6.0917],[5.7818],[5.4372],[5.2091],[5.1686],[5.2917],[5.4165],[5.4231],[5.2744],[5.0661],[4.9711],[5.1107],[5.5132],[6.0471],[2.9091],[3.0421],[3.1446],[3.2314],[3.5025],[4.1405],[5.0983],[6.1099],[6.8719],[7.281],[7.4777],[7.6331],[7.786],[7.8612],[7.7331],[7.4612],[7.1793],[7.0397],[7.0231],[7.019],[6.8736],[6.5587],[6.1711],[5.9198],[5.9727],[6.3273],[6.7826],[2.2124],[2.5455],[2.9529],[3.4463],[4.1074],[4.9612],[5.9008],[6.6413],[6.9975],[7.0661],[7.1347],[7.4248],[7.9587],[8.5207],[8.9231],[9.0785],[9.0628],[8.9926],[8.9033],[8.7826],[8.5496],[8.1777],[7.7215],[7.3281],[7.1636],[7.205],[7.2818],[2.0562],[2.5992],[3.2769],[4.0355],[4.8041],[5.5091],[6.0091],[6.1893],[6.1289],[6.0669],[6.276],[6.881],[7.7579],[8.6471],[9.3479],[9.7595],[9.9041],[9.8256],[9.6264],[9.3868],[9.157],[8.9017],[8.5884],[8.2521],[7.995],[7.8463],[7.6711],[2.2727],[3.105],[4.0562],[4.9554],[5.6215],[5.9388],[5.8992],[5.6851],[5.5876],[5.8355],[6.4802],[7.3463],[8.1851],[8.8091],[9.1967],[9.3752],[9.3529],[9.138],[8.8157],[8.5471],[8.4116],[8.3587],[8.2612],[8.0917],[7.9545],[7.9124],[7.8364],[2.7198],[3.938],[5.2107],[6.2876],[6.9165],[6.9793],[6.6661],[6.3793],[6.4942],[7.1058],[7.9372],[8.6091],[8.8711],[8.7463],[8.4347],[8.1331],[7.8653],[7.5661],[7.2545],[7.0529],[7.0306],[7.0851],[7.0744],[6.9851],[6.9653],[7.1165],[7.3264],[3.8256],[5.3215],[6.7545],[7.8826],[8.4909],[8.4967],[8.1603],[7.9289],[8.1149],[8.5983],[9.0091],[8.9975],[8.5017],[7.7182],[6.9694],[6.4438],[6.1347],[5.8893],[5.6612],[5.5306],[5.5314],[5.5653],[5.5091],[5.4066],[5.438],[5.6661],[5.9388],[5.7058],[7.0273],[8.0669],[8.7727],[9.0554],[8.9157],[8.576],[8.3182],[8.2587],[8.2182],[7.9083],[7.2438],[6.3636],[5.5165],[4.9157],[4.5893],[4.4421],[4.2942],[4.0926],[3.9223],[3.8793],[3.8942],[3.8744],[3.8678],[3.9628],[4.0926],[4.0686],[6.8909],[7.557],[7.7298],[7.5884],[7.2727],[6.8521],[6.424],[6.081],[5.7818],[5.338],[4.6529],[3.8471],[3.1719],[2.7455],[2.6074],[2.6595],[2.7694],[2.7306],[2.5091],[2.2876],[2.238],[2.3504],[2.4835],[2.6322],[2.7777],[2.6967],[2.1661],[5.2314],[5.2215],[4.7033],[3.9983],[3.3331],[2.7826],[2.3562],[2.0488],[1.786],[1.419],[0.9248],[0.4826],[0.2306],[0.2025],[0.3694],[0.719],[1.1256],[1.3248],[1.2471],[1.1281],[1.2223],[1.4636],[1.6165],[1.6248],[1.5562],[1.2025],[0.2719],[0.3198],[0.0992],[-0.3455],[-0.8132],[-1.1636],[-1.4355],[-1.6736],[-1.819],[-1.8645],[-1.8843],[-1.9017],[-1.881],[-1.8207],[-1.7488],[-1.5661],[-1.0926],[-0.4066],[0.1314],[0.3545],[0.5355],[0.9149],[1.2438],[1.1033],[0.5471],[-0.0488],[-0.6331],[-1.5843]]},{"header":{"disciplineName":["Meteorological products"],"parameterCategory":[2],"parameterCategoryName":["v-component of wind"],"parameterNumberName":["v-component of wind"],"parameterNumber":[3],"parameterUnits":["m s-1"],"refTime":["2017-03-17T0000:00.000Z"],"numberPoints":[621],"nx":[27],"ny":[23],"lo1":[-20],"la1":[70],"lo2":[45],"la2":[45],"dx":[2.5],"dy":[2.5]},"data":[[-0.8612],[-0.4058],[0.1008],[0.6165],[1.1099],[1.5463],[1.9033],[2.1736],[2.3355],[2.3959],[2.3537],[2.2306],[2.0438],[1.8322],[1.6347],[1.4579],[1.3116],[1.1868],[1.0711],[0.9207],[0.7256],[0.4843],[0.195],[-0.114],[-0.4157],[-0.686],[-0.8992],[0.3066],[0.5529],[0.8041],[1.0612],[1.3298],[1.6281],[1.9455],[2.2521],[2.5223],[2.7165],[2.8083],[2.7686],[2.6223],[2.3926],[2.1231],[1.8645],[1.6215],[1.414],[1.2347],[1.0322],[0.8074],[0.5314],[0.2215],[-0.095],[-0.3769],[-0.5983],[-0.7347],[1.1934],[1.1182],[1.043],[1.0198],[1.095],[1.2843],[1.5959],[1.9926],[2.3959],[2.7446],[2.9512],[2.9818],[2.8331],[2.543],[2.1661],[1.7835],[1.4339],[1.1661],[0.9595],[0.7942],[0.6372],[0.4628],[0.262],[0.0579],[-0.1116],[-0.2355],[-0.2835],[1.3554],[1.0521],[0.7983],[0.6612],[0.676],[0.8479],[1.1719],[1.581],[2.0273],[2.424],[2.676],[2.738],[2.6091],[2.3207],[1.9248],[1.4975],[1.1248],[0.843],[0.6455],[0.5314],[0.4595],[0.4],[0.3413],[0.2983],[0.257],[0.2504],[0.2554],[0.9413],[0.6174],[0.4116],[0.3463],[0.4058],[0.5802],[0.819],[1.1157],[1.4298],[1.7198],[1.9347],[2.0595],[2.0579],[1.9413],[1.724],[1.4562],[1.1785],[0.9231],[0.7174],[0.5736],[0.495],[0.4736],[0.486],[0.5298],[0.576],[0.638],[0.6826],[0.2983],[0.0463],[-0.0215],[0.043],[0.1512],[0.2727],[0.3603],[0.443],[0.5446],[0.6868],[0.8744],[1.0868],[1.295],[1.4678],[1.5554],[1.5364],[1.414],[1.2041],[0.9711],[0.7744],[0.6818],[0.6793],[0.7678],[0.8942],[1.0116],[1.105],[1.1636],[-0.4793],[-0.7207],[-0.7347],[-0.6058],[-0.4603],[-0.3686],[-0.3537],[-0.3587],[-0.3405],[-0.2463],[-0.0446],[0.2339],[0.5826],[0.9248],[1.1884],[1.3058],[1.2471],[1.0512],[0.8182],[0.6851],[0.7298],[0.962],[1.2926],[1.6165],[1.8314],[1.9372],[1.976],[-1.4413],[-1.7884],[-1.8174],[-1.6306],[-1.3719],[-1.1612],[-1.0099],[-0.9074],[-0.7752],[-0.5909],[-0.3397],[-0.0496],[0.2587],[0.5355],[0.7165],[0.7289],[0.5645],[0.2959],[0.0893],[0.143],[0.538],[1.2033],[1.957],[2.5512],[2.8636],[2.914],[2.8554],[-2.4537],[-2.924],[-2.9149],[-2.5645],[-2.0983],[-1.6711],[-1.3405],[-1.0678],[-0.7975],[-0.486],[-0.1587],[0.1339],[0.362],[0.5],[0.4967],[0.3207],[-0.0504],[-0.4603],[-0.6967],[-0.4901],[0.243],[1.3339],[2.4273],[3.1802],[3.4496],[3.3554],[3.1744],[-3.3099],[-3.7967],[-3.6711],[-3.1339],[-2.4628],[-1.9074],[-1.5537],[-1.2934],[-1.0017],[-0.6107],[-0.1711],[0.2397],[0.538],[0.686],[0.6579],[0.3975],[-0.0736],[-0.6314],[-0.9579],[-0.738],[0.1314],[1.3934],[2.576],[3.2562],[3.3347],[3.0455],[2.8025],[-3.8694],[-4.3107],[-4.1091],[-3.4744],[-2.7595],[-2.2504],[-1.9992],[-1.857],[-1.6149],[-1.1579],[-0.5653],[0.0248],[0.4818],[0.7645],[0.8545],[0.7099],[0.2843],[-0.2736],[-0.6645],[-0.5],[0.338],[1.5595],[2.6397],[3.1355],[3.0091],[2.6182],[2.4215],[-4.1405],[-4.5364],[-4.3736],[-3.8074],[-3.1364],[-2.619],[-2.3463],[-2.176],[-1.9008],[-1.4132],[-0.7702],[-0.1636],[0.2934],[0.5785],[0.7298],[0.705],[0.4653],[0.0521],[-0.2603],[-0.0868],[0.7091],[1.8587],[2.8397],[3.2372],[3.0579],[2.7306],[2.6628],[-4.1636],[-4.5281],[-4.4628],[-3.9777],[-3.224],[-2.457],[-1.8595],[-1.476],[-1.181],[-0.8289],[-0.4083],[-0.0446],[0.1545],[0.2322],[0.2702],[0.2909],[0.2083],[-0.0017],[-0.1579],[0.0678],[0.8545],[1.9711],[2.9314],[3.386],[3.3802],[3.2446],[3.2793],[-4.0926],[-4.4041],[-4.3504],[-3.781],[-2.719],[-1.4777],[-0.476],[0.0306],[0.1107],[0.0488],[0.0529],[0.1231],[0.1124],[-0.0033],[-0.119],[-0.1678],[-0.2264],[-0.3479],[-0.4322],[-0.2083],[0.5182],[1.5876],[2.5926],[3.224],[3.4909],[3.595],[3.6463],[-4.1248],[-4.3124],[-4.124],[-3.3198],[-1.8901],[-0.2612],[0.9182],[1.243],[0.8612],[0.3364],[0.0992],[0.1868],[0.295],[0.2157],[-0.0215],[-0.276],[-0.5017],[-0.7281],[-0.8975],[-0.7587],[-0.1496],[0.8711],[1.957],[2.8248],[3.3686],[3.6355],[3.5983],[-4.1223],[-4.1256],[-3.7479],[-2.7595],[-1.195],[0.4645],[1.4826],[1.5],[0.8025],[0.1702],[0.1264],[0.5917],[1.0273],[1.0074],[0.5388],[-0.0669],[-0.6058],[-1.0273],[-1.2975],[-1.2669],[-0.7355],[0.2579],[1.4653],[2.5785],[3.3562],[3.6843],[3.4397],[-3.6777],[-3.4083],[-2.9033],[-1.9942],[-0.6992],[0.576],[1.2777],[1.1868],[0.6868],[0.4554],[0.8752],[1.6744],[2.1628],[1.9215],[1.0694],[0.0595],[-0.7364],[-1.2579],[-1.5537],[-1.5372],[-1.0653],[-0.0802],[1.2364],[2.5612],[3.5256],[3.8488],[3.3769],[-2.5124],[-1.9355],[-1.4017],[-0.8281],[-0.1397],[0.5355],[0.9545],[1.0719],[1.1372],[1.4901],[2.1529],[2.7752],[2.8405],[2.1595],[1],[-0.1537],[-0.9711],[-1.4421],[-1.6785],[-1.6645],[-1.2512],[-0.3149],[1.0421],[2.4868],[3.5868],[3.9355],[3.3678],[-0.8529],[-0.0562],[0.3752],[0.5463],[0.6413],[0.7843],[1.0066],[1.3851],[1.9339],[2.5273],[2.9306],[2.8983],[2.3645],[1.4479],[0.4198],[-0.4818],[-1.1355],[-1.5479],[-1.7736],[-1.7661],[-1.3711],[-0.4628],[0.8835],[2.3413],[3.4702],[3.8727],[3.3802],[0.9579],[1.6347],[1.8248],[1.7132],[1.5264],[1.4],[1.4909],[1.8959],[2.4793],[2.8488],[2.6736],[2.0107],[1.1967],[0.538],[0.0281],[-0.4694],[-1.0231],[-1.5182],[-1.8033],[-1.7521],[-1.2769],[-0.3165],[1.0231],[2.3975],[3.4083],[3.7521],[3.3496],[2.6777],[2.8248],[2.6107],[2.3628],[2.2157],[2.1182],[2.0851],[2.2388],[2.4884],[2.462],[1.9116],[1.0736],[0.486],[0.3512],[0.3661],[0.0736],[-0.5926],[-1.2628],[-1.5868],[-1.462],[-0.924],[0.0405],[1.3339],[2.5777],[3.3545],[3.4612],[2.9769],[4.0182],[3.4438],[2.7025],[2.3273],[2.319],[2.3322],[2.1851],[1.9942],[1.8661],[1.6306],[1.1455],[0.6264],[0.5264],[0.8653],[1.1182],[0.781],[-0.0165],[-0.7314],[-1.019],[-0.9554],[-0.6521],[0.0231],[1.1463],[2.3182],[2.9554],[2.7868],[2.0413],[4.3934],[3.238],[2.0405],[1.4331],[1.4],[1.4322],[1.1851],[0.7917],[0.4959],[0.319],[0.1355],[0.0967],[0.4438],[1.0463],[1.3628],[1.0306],[0.3198],[-0.2116],[-0.4413],[-0.6521],[-0.9256],[-0.7628],[0.1686],[1.4579],[2.1736],[1.8488],[0.8107]]}]