html/data/WT_san09_ind_wt_2_3.json
[{"header":{"disciplineName":["Meteorological products"],"parameterCategory":[0],"parameterCategoryName":["Temperature"],"parameterNumberName":["Temperature"],"parameterNumber":[0],"parameterUnits":["K"],"refTime":["2017-03-17T0000:00.000Z"],"numberPoints":[621],"nx":[27],"ny":[23],"lo1":[-20],"la1":[70],"lo2":[45],"la2":[45],"dx":[2.5],"dy":[2.5]},"data":[[-13.4728],[-12.4554],[-11.488],[-10.6196],[-9.8957],[-9.3141],[-8.9109],[-8.6489],[-8.55],[-8.5543],[-8.65],[-8.8054],[-8.9978],[-9.213],[-9.4228],[-9.6533],[-9.887],[-10.1424],[-10.4098],[-10.6902],[-11.012],[-11.3457],[-11.7109],[-12.0978],[-12.5087],[-12.9587],[-13.4337],[-10.0152],[-9.3652],[-8.8076],[-8.362],[-8.0207],[-7.7804],[-7.637],[-7.5739],[-7.6011],[-7.6826],[-7.8098],[-7.9804],[-8.1902],[-8.4152],[-8.6717],[-8.9511],[-9.2674],[-9.613],[-9.988],[-10.387],[-10.787],[-11.1793],[-11.5424],[-11.8739],[-12.1891],[-12.5065],[-12.8261],[-6.8826],[-6.6522],[-6.5261],[-6.462],[-6.4239],[-6.4076],[-6.3913],[-6.4098],[-6.4674],[-6.575],[-6.7435],[-6.9696],[-7.2446],[-7.5565],[-7.9098],[-8.2946],[-8.7217],[-9.1859],[-9.6859],[-10.1989],[-10.6913],[-11.137],[-11.5141],[-11.7978],[-12.0076],[-12.1739],[-12.3196],[-5.0826],[-5.0989],[-5.1783],[-5.2565],[-5.3163],[-5.3272],[-5.3283],[-5.3489],[-5.4239],[-5.5728],[-5.8217],[-6.1609],[-6.5435],[-6.9424],[-7.3641],[-7.7663],[-8.1793],[-8.6185],[-9.0891],[-9.5935],[-10.112],[-10.5891],[-11.0033],[-11.3207],[-11.537],[-11.6707],[-11.775],[-4.262],[-4.2554],[-4.287],[-4.3217],[-4.3576],[-4.362],[-4.3826],[-4.4359],[-4.5652],[-4.8022],[-5.1554],[-5.5913],[-6.0565],[-6.5054],[-6.9033],[-7.2467],[-7.5511],[-7.862],[-8.2207],[-8.6435],[-9.1337],[-9.6348],[-10.1043],[-10.4935],[-10.8],[-11.0174],[-11.1946],[-3.3043],[-3.1696],[-3.1239],[-3.1543],[-3.2207],[-3.3261],[-3.4315],[-3.5663],[-3.762],[-4.0391],[-4.4098],[-4.8522],[-5.3207],[-5.7739],[-6.1565],[-6.4793],[-6.7728],[-7.0598],[-7.4054],[-7.8283],[-8.3065],[-8.8185],[-9.3152],[-9.7467],[-10.0935],[-10.3554],[-10.5728],[-1.8446],[-1.7087],[-1.7076],[-1.8337],[-2.0739],[-2.3283],[-2.5598],[-2.7576],[-2.9446],[-3.163],[-3.4728],[-3.8478],[-4.2848],[-4.7391],[-5.1815],[-5.5913],[-6.0033],[-6.4185],[-6.8489],[-7.3022],[-7.7902],[-8.2728],[-8.738],[-9.1261],[-9.4413],[-9.663],[-9.8446],[-0.4228],[-0.3913],[-0.5011],[-0.7543],[-1.1033],[-1.4707],[-1.7804],[-2.0043],[-2.1913],[-2.3957],[-2.6717],[-3.0478],[-3.4957],[-3.9815],[-4.4674],[-4.9717],[-5.4337],[-5.888],[-6.2967],[-6.6859],[-7.0728],[-7.462],[-7.862],[-8.2489],[-8.5652],[-8.8033],[-8.9717],[0.6152],[0.5826],[0.4652],[0.2076],[-0.138],[-0.5326],[-0.8772],[-1.162],[-1.4283],[-1.7272],[-2.1141],[-2.5924],[-3.1261],[-3.6359],[-4.1261],[-4.5783],[-4.9554],[-5.2587],[-5.4837],[-5.6554],[-5.8348],[-6.0891],[-6.4413],[-6.8674],[-7.2717],[-7.6098],[-7.8413],[1.5783],[1.5924],[1.5489],[1.3826],[1.0685],[0.6609],[0.2413],[-0.1272],[-0.4848],[-0.8913],[-1.3663],[-1.9152],[-2.475],[-3.0033],[-3.4717],[-3.8815],[-4.2022],[-4.3989],[-4.4815],[-4.4837],[-4.5152],[-4.6446],[-4.9228],[-5.3065],[-5.7109],[-6.037],[-6.288],[2.7217],[2.7913],[2.7989],[2.637],[2.287],[1.8141],[1.3174],[0.9065],[0.5739],[0.262],[-0.0826],[-0.4902],[-0.9685],[-1.4859],[-2.0304],[-2.575],[-3.0424],[-3.3739],[-3.5413],[-3.5935],[-3.6098],[-3.6815],[-3.8141],[-3.975],[-4.1207],[-4.2457],[-4.3674],[3.8478],[3.8576],[3.7902],[3.5717],[3.1576],[2.6315],[2.1293],[1.7696],[1.5978],[1.5304],[1.463],[1.3043],[0.9804],[0.4826],[-0.2022],[-0.9652],[-1.6859],[-2.2239],[-2.538],[-2.6989],[-2.8022],[-2.8761],[-2.8913],[-2.7967],[-2.6261],[-2.475],[-2.463],[4.7207],[4.6011],[4.4348],[4.187],[3.8163],[3.3772],[2.9587],[2.7011],[2.6402],[2.7087],[2.7793],[2.7489],[2.5304],[2.0435],[1.3152],[0.4533],[-0.3283],[-0.8478],[-1.0978],[-1.2076],[-1.3402],[-1.4826],[-1.5283],[-1.3783],[-1.0978],[-0.863],[-0.8293],[5.4717],[5.2435],[5.0674],[4.9359],[4.787],[4.5609],[4.3087],[4.1],[3.9891],[3.9261],[3.8554],[3.7293],[3.5087],[3.1033],[2.4761],[1.7174],[1.0707],[0.7467],[0.7337],[0.8098],[0.7402],[0.5554],[0.4163],[0.4576],[0.6141],[0.7326],[0.7609],[6.3207],[6.0522],[5.9315],[6.0043],[6.1446],[6.1957],[6.0935],[5.8967],[5.6565],[5.3576],[5.025],[4.7185],[4.4793],[4.2152],[3.7772],[3.1554],[2.5728],[2.3],[2.4011],[2.5902],[2.6337],[2.5478],[2.5174],[2.6],[2.6598],[2.6196],[2.6609],[7.1435],[6.8772],[6.862],[7.1315],[7.4978],[7.7359],[7.7587],[7.6152],[7.3543],[6.9717],[6.5022],[6.0728],[5.8065],[5.6511],[5.3663],[4.7826],[4.1087],[3.6728],[3.6272],[3.7891],[3.9576],[4.1728],[4.5533],[5.0054],[5.1467],[4.9141],[4.7902],[7.7728],[7.6348],[7.7707],[8.1804],[8.663],[8.9772],[9.075],[9.0337],[8.9054],[8.6315],[8.2022],[7.713],[7.3641],[7.1565],[6.8891],[6.3196],[5.5663],[5.0109],[4.8565],[5.0065],[5.2772],[5.762],[6.65],[7.6522],[8.0554],[7.5989],[6.9609],[8.4293],[8.587],[8.938],[9.437],[9.9141],[10.237],[10.3902],[10.4641],[10.5022],[10.4402],[10.1337],[9.5848],[8.9989],[8.5587],[8.175],[7.6489],[6.9957],[6.5337],[6.4935],[6.7283],[7.0185],[7.5511],[8.6717],[10.1783],[11.0859],[10.6772],[9.488],[9.6087],[10.1446],[10.7043],[11.1967],[11.5815],[11.8804],[12.088],[12.2315],[12.3696],[12.4348],[12.2359],[11.6293],[10.7815],[10.0283],[9.5011],[9.0293],[8.5033],[8.163],[8.262],[8.6315],[8.9207],[9.2543],[10.2652],[12.0837],[13.7424],[14.013],[12.8565],[11.538],[12.3467],[12.9989],[13.3946],[13.6424],[13.8674],[14.088],[14.2239],[14.3087],[14.3576],[14.187],[13.55],[12.5663],[11.663],[11.1478],[10.8011],[10.3239],[9.875],[9.8728],[10.3065],[10.6924],[10.9098],[11.6435],[13.4717],[15.7804],[17.0391],[16.5674],[13.963],[14.8511],[15.4815],[15.7826],[15.875],[15.9913],[16.1185],[16.1359],[16.0489],[15.9391],[15.6783],[15.0217],[14.0359],[13.2685],[13.0739],[13.1109],[12.7783],[12.0793],[11.7522],[12.163],[12.8478],[13.288],[13.8272],[15.2565],[17.437],[19.0826],[19.1391],[16.4196],[17.2109],[17.8141],[18.0793],[18.0707],[18.0337],[18.0207],[17.9065],[17.6576],[17.3685],[16.9554],[16.2446],[15.3489],[14.8783],[15.2043],[15.8663],[15.9457],[15.2228],[14.5696],[14.8359],[15.8533],[16.8],[17.3761],[18.1109],[19.2707],[20.1402],[19.8761],[18.3304],[18.9837],[19.575],[19.8826],[19.8696],[19.7272],[19.6109],[19.4924],[19.2946],[18.9891],[18.5283],[17.825],[17.0804],[16.8609],[17.5446],[18.6978],[19.3109],[18.8783],[18.0674],[18.0065],[19.0196],[20.3696],[21.2685],[21.5739],[21.5402],[21.0511],[19.812]]},{"header":{"disciplineName":["Meteorological products"],"parameterCategory":[2],"parameterCategoryName":["u-component of wind"],"parameterNumberName":["u-component of wind"],"parameterNumber":[2],"parameterUnits":["m s-1"],"refTime":["2017-03-17T0000:00.000Z"],"numberPoints":[621],"nx":[27],"ny":[23],"lo1":[-20],"la1":[70],"lo2":[45],"la2":[45],"dx":[2.5],"dy":[2.5]},"data":[[2.8228],[3.4207],[3.8413],[4.1011],[4.275],[4.4065],[4.5674],[4.7935],[5.1],[5.4717],[5.8902],[6.2717],[6.5696],[6.7587],[6.7935],[6.7],[6.5033],[6.2391],[5.9543],[5.6826],[5.4609],[5.2913],[5.1717],[5.1076],[5.0761],[5.0674],[5.1098],[3.4978],[4.3674],[4.9402],[5.2446],[5.362],[5.388],[5.4457],[5.5837],[5.8435],[6.2163],[6.6446],[7.0435],[7.3196],[7.4076],[7.2848],[6.9641],[6.4957],[5.9522],[5.4326],[4.9848],[4.6576],[4.438],[4.3522],[4.3511],[4.4207],[4.5511],[4.737],[4.7772],[5.613],[6.1228],[6.3717],[6.4228],[6.3696],[6.3022],[6.3033],[6.4043],[6.6022],[6.8457],[7.0424],[7.1087],[6.9652],[6.6065],[6.0685],[5.4217],[4.7739],[4.2163],[3.8239],[3.5989],[3.5478],[3.6283],[3.8033],[4.0228],[4.2902],[4.5826],[6.7663],[7.2207],[7.4859],[7.6],[7.5728],[7.4391],[7.2196],[6.9641],[6.7098],[6.487],[6.2739],[6.0457],[5.738],[5.3435],[4.8467],[4.3065],[3.7913],[3.3902],[3.1413],[3.0707],[3.1652],[3.3717],[3.6207],[3.8848],[4.1402],[4.3902],[4.6272],[8.837],[8.8435],[8.8413],[8.8141],[8.7098],[8.4609],[8.0402],[7.4641],[6.787],[6.0815],[5.3978],[4.7554],[4.1707],[3.6565],[3.2185],[2.8913],[2.7391],[2.7587],[2.9424],[3.237],[3.5848],[3.8935],[4.1337],[4.2978],[4.4076],[4.4967],[4.5978],[10.2728],[9.9913],[9.7935],[9.6011],[9.337],[8.8957],[8.263],[7.4554],[6.563],[5.6663],[4.8413],[4.125],[3.5326],[3.0717],[2.7739],[2.6717],[2.7565],[3.0293],[3.4076],[3.7804],[4.0967],[4.3043],[4.4011],[4.4196],[4.4152],[4.4239],[4.4793],[11.0772],[10.687],[10.3043],[9.8728],[9.3174],[8.6152],[7.7957],[6.9478],[6.1554],[5.488],[4.9391],[4.4859],[4.1022],[3.7772],[3.5304],[3.4272],[3.4696],[3.6304],[3.8446],[4.0272],[4.1533],[4.2109],[4.2522],[4.3033],[4.3826],[4.4957],[4.6304],[11.6],[11.1217],[10.5533],[9.8435],[9.012],[8.1098],[7.2522],[6.5337],[6.0065],[5.6739],[5.4717],[5.3011],[5.0859],[4.8239],[4.5457],[4.3326],[4.1957],[4.137],[4.1196],[4.0967],[4.0902],[4.1402],[4.3011],[4.5522],[4.8402],[5.0761],[5.2239],[11.6728],[11.0402],[10.3076],[9.4587],[8.5783],[7.738],[7.0522],[6.5413],[6.1891],[5.9489],[5.7663],[5.5783],[5.3522],[5.1098],[4.8739],[4.6967],[4.5837],[4.5152],[4.4674],[4.4337],[4.4663],[4.6217],[4.925],[5.3141],[5.6576],[5.85],[5.8348],[10.8522],[9.9902],[9.1239],[8.2913],[7.5837],[7.0565],[6.6859],[6.388],[6.0663],[5.6935],[5.2815],[4.8924],[4.6087],[4.4424],[4.4109],[4.4772],[4.6033],[4.7413],[4.8446],[4.9239],[5.0326],[5.2391],[5.5565],[5.8837],[6.088],[6.1033],[5.925],[9.2196],[8.1587],[7.1826],[6.3804],[5.8522],[5.6],[5.5098],[5.4293],[5.2065],[4.8174],[4.3576],[3.9609],[3.7467],[3.7446],[3.9076],[4.1641],[4.4457],[4.6935],[4.8804],[4.9989],[5.1098],[5.2457],[5.4207],[5.5913],[5.6793],[5.6457],[5.5522],[7.3435],[6.2489],[5.2935],[4.5576],[4.113],[3.962],[4.0315],[4.1609],[4.2293],[4.1848],[4.0641],[3.9467],[3.9207],[3.9707],[4.0837],[4.2185],[4.3424],[4.4598],[4.5402],[4.587],[4.6109],[4.6348],[4.6924],[4.7957],[4.9196],[5.0728],[5.263],[5.5076],[4.6533],[4.0087],[3.5772],[3.3467],[3.3293],[3.5087],[3.8283],[4.225],[4.6054],[4.9098],[5.0967],[5.1446],[5.0804],[4.9272],[4.7609],[4.5989],[4.4848],[4.4207],[4.3804],[4.3348],[4.3065],[4.3478],[4.513],[4.8065],[5.175],[5.5685],[3.6565],[3.2326],[3.1641],[3.3424],[3.6337],[3.963],[4.3065],[4.6848],[5.1174],[5.5772],[5.9826],[6.2391],[6.3098],[6.1935],[5.9793],[5.7315],[5.4978],[5.3098],[5.175],[5.0967],[5.0413],[5.0424],[5.1326],[5.3978],[5.8022],[6.238],[6.5315],[2.0435],[2.0207],[2.4533],[3.1848],[4.0152],[4.7141],[5.1793],[5.4207],[5.537],[5.6783],[5.9065],[6.1957],[6.4935],[6.7359],[6.9185],[7.025],[7.037],[6.9402],[6.8152],[6.6967],[6.6239],[6.6109],[6.7065],[6.988],[7.4391],[7.8587],[7.9815],[1.137],[1.3543],[1.9065],[2.7348],[3.6685],[4.4457],[4.8522],[4.8598],[4.6293],[4.5065],[4.6761],[5.2326],[6.0174],[6.8815],[7.6761],[8.262],[8.5815],[8.6109],[8.4793],[8.3141],[8.1935],[8.1152],[8.0967],[8.2685],[8.7478],[9.3152],[9.6011],[0.9457],[1.3054],[1.7489],[2.3196],[2.9793],[3.5337],[3.8207],[3.7685],[3.5696],[3.5554],[3.9587],[4.8217],[5.9207],[7.0217],[7.9576],[8.6674],[9.088],[9.2207],[9.1478],[9.0315],[8.9457],[8.8326],[8.6957],[8.7478],[9.2696],[10.1815],[11.0011],[1.0598],[1.6489],[2.1315],[2.5924],[3.0696],[3.4793],[3.763],[3.9315],[4.1065],[4.4467],[5.0522],[5.8283],[6.5685],[7.113],[7.5185],[7.8924],[8.2576],[8.5326],[8.6826],[8.8022],[8.9065],[8.9283],[8.8261],[8.8728],[9.4467],[10.587],[11.8315],[1.6217],[2.4054],[3.137],[3.8087],[4.3837],[4.8196],[5.188],[5.5957],[6.0739],[6.6022],[7.0598],[7.3087],[7.2217],[6.9054],[6.6348],[6.7087],[7.1272],[7.6457],[8.0696],[8.4],[8.6989],[8.9478],[9.0848],[9.2707],[9.8435],[10.8402],[11.8457],[3.0446],[3.7946],[4.587],[5.3359],[5.9152],[6.2565],[6.5022],[6.8163],[7.2185],[7.5848],[7.7163],[7.4707],[6.9011],[6.2685],[5.9587],[6.2141],[6.9022],[7.6402],[8.1315],[8.4098],[8.6565],[8.9457],[9.2261],[9.5848],[10.1043],[10.6457],[10.8435],[4.7207],[5.1761],[5.5717],[5.9185],[6.0609],[5.9891],[5.8196],[5.7533],[5.8533],[6.0043],[6.0065],[5.7772],[5.4446],[5.2685],[5.5185],[6.2424],[7.188],[7.9533],[8.3033],[8.3196],[8.2424],[8.2413],[8.3859],[8.712],[9.1087],[9.2554],[8.7022],[4.7913],[4.95],[4.8076],[4.4902],[4.087],[3.6261],[3.1804],[2.8924],[2.8663],[3.0359],[3.238],[3.3772],[3.5565],[3.8924],[4.5],[5.3272],[6.1739],[6.7793],[7.0272],[6.9533],[6.6728],[6.3446],[6.1598],[6.2587],[6.5217],[6.4554],[5.6315],[2.1065],[2.1696],[1.7587],[1.1609],[0.6598],[0.3457],[0.1337],[0.0565],[0.2402],[0.6522],[1.1391],[1.5478],[1.8457],[2.0837],[2.3391],[2.638],[3.0011],[3.3826],[3.7141],[3.8946],[3.8435],[3.5913],[3.3196],[3.2348],[3.2913],[3.0848],[2.2717]]},{"header":{"disciplineName":["Meteorological products"],"parameterCategory":[2],"parameterCategoryName":["v-component of wind"],"parameterNumberName":["v-component of wind"],"parameterNumber":[3],"parameterUnits":["m s-1"],"refTime":["2017-03-17T0000:00.000Z"],"numberPoints":[621],"nx":[27],"ny":[23],"lo1":[-20],"la1":[70],"lo2":[45],"la2":[45],"dx":[2.5],"dy":[2.5]},"data":[[3.2359],[3.6217],[3.962],[4.2239],[4.3924],[4.4391],[4.35],[4.1228],[3.7489],[3.2413],[2.6359],[1.9674],[1.2804],[0.6196],[0.037],[-0.4598],[-0.85],[-1.1707],[-1.4435],[-1.713],[-1.9859],[-2.2728],[-2.5576],[-2.8011],[-2.9761],[-3.0348],[-2.9837],[5.0543],[5.013],[4.913],[4.7837],[4.6598],[4.5641],[4.4641],[4.3228],[4.0967],[3.7185],[3.188],[2.4826],[1.6707],[0.8109],[-0.0098],[-0.7315],[-1.2957],[-1.7348],[-2.05],[-2.2902],[-2.4935],[-2.6576],[-2.7815],[-2.8348],[-2.775],[-2.6033],[-2.3033],[6.8783],[6.2989],[5.662],[5.0891],[4.6696],[4.4196],[4.3326],[4.3163],[4.2543],[4.025],[3.537],[2.7587],[1.7413],[0.6087],[-0.5087],[-1.4793],[-2.2141],[-2.7022],[-2.9435],[-3.0283],[-3.0022],[-2.887],[-2.7109],[-2.4467],[-2.0913],[-1.6576],[-1.1663],[7.7587],[6.7815],[5.7935],[4.9272],[4.288],[3.9043],[3.7609],[3.7554],[3.7467],[3.5717],[3.113],[2.3065],[1.2141],[-0.0315],[-1.2391],[-2.2391],[-2.9391],[-3.2967],[-3.3707],[-3.2391],[-2.9837],[-2.6359],[-2.225],[-1.737],[-1.1924],[-0.6283],[-0.1098],[7.6163],[6.5304],[5.4696],[4.5011],[3.7022],[3.0989],[2.7152],[2.5185],[2.3891],[2.1902],[1.7652],[1.0652],[0.1359],[-0.8989],[-1.8435],[-2.562],[-2.9598],[-3.0804],[-2.9848],[-2.7609],[-2.4652],[-2.1163],[-1.688],[-1.1793],[-0.613],[-0.063],[0.3761],[6.9261],[5.9152],[4.9315],[3.9522],[2.9783],[2.0978],[1.3902],[0.9076],[0.612],[0.3728],[0.0533],[-0.4402],[-1.0761],[-1.725],[-2.2348],[-2.4967],[-2.5283],[-2.3902],[-2.2076],[-2.05],[-1.9087],[-1.7261],[-1.4315],[-1.0033],[-0.4793],[0.0207],[0.4109],[5.9337],[4.9848],[4.0543],[3.0261],[1.9293],[0.8435],[-0.0402],[-0.6098],[-0.888],[-1.0033],[-1.1674],[-1.4848],[-1.9315],[-2.3413],[-2.5598],[-2.5076],[-2.2337],[-1.9293],[-1.7033],[-1.6],[-1.5717],[-1.4804],[-1.2402],[-0.8489],[-0.3696],[0.0902],[0.4239],[4.6804],[3.6891],[2.7087],[1.6413],[0.5109],[-0.5391],[-1.3228],[-1.6935],[-1.7196],[-1.5978],[-1.5902],[-1.8435],[-2.2837],[-2.7087],[-2.8859],[-2.7359],[-2.3348],[-1.8989],[-1.5935],[-1.4359],[-1.312],[-1.1011],[-0.7522],[-0.3293],[0.0652],[0.3511],[0.5217],[3.3717],[2.2804],[1.238],[0.1967],[-0.8087],[-1.6696],[-2.2239],[-2.3815],[-2.2043],[-1.9022],[-1.7587],[-1.95],[-2.4087],[-2.8859],[-3.0935],[-2.912],[-2.4467],[-1.9304],[-1.5315],[-1.2467],[-0.9467],[-0.5348],[-0.0337],[0.3891],[0.6033],[0.5924],[0.4848],[2.2402],[1.0739],[0.038],[-0.8565],[-1.6152],[-2.262],[-2.7228],[-2.9359],[-2.85],[-2.5728],[-2.3446],[-2.3457],[-2.5935],[-2.8978],[-2.9707],[-2.7065],[-2.1859],[-1.6424],[-1.237],[-0.9207],[-0.5467],[-0.0315],[0.513],[0.85],[0.8511],[0.5848],[0.2533],[1.1261],[-0.0826],[-1.037],[-1.6674],[-2.0913],[-2.4902],[-2.9511],[-3.388],[-3.612],[-3.5185],[-3.2076],[-2.9207],[-2.8065],[-2.7826],[-2.6489],[-2.2609],[-1.712],[-1.2054],[-0.8587],[-0.6098],[-0.275],[0.1957],[0.6739],[0.9109],[0.8141],[0.5],[0.2],[-0.2272],[-1.4359],[-2.2641],[-2.5902],[-2.6011],[-2.6304],[-2.9326],[-3.4446],[-3.8598],[-3.9228],[-3.6152],[-3.1783],[-2.862],[-2.6783],[-2.463],[-2.0533],[-1.5163],[-1.0185],[-0.6826],[-0.438],[-0.1196],[0.3098],[0.7043],[0.8739],[0.8087],[0.65],[0.5848],[-1.6348],[-2.7217],[-3.3478],[-3.3891],[-3.013],[-2.6359],[-2.5815],[-2.8837],[-3.2609],[-3.4054],[-3.2326],[-2.9609],[-2.7891],[-2.738],[-2.638],[-2.312],[-1.7902],[-1.2446],[-0.8011],[-0.4022],[0.0609],[0.5565],[0.9207],[1.0359],[0.987],[0.9967],[1.1826],[-2.6185],[-3.3413],[-3.6326],[-3.4141],[-2.8435],[-2.2424],[-1.9598],[-2.038],[-2.3043],[-2.5239],[-2.5859],[-2.6196],[-2.7478],[-2.9283],[-2.9685],[-2.7261],[-2.237],[-1.6652],[-1.1],[-0.4924],[0.2011],[0.8587],[1.2576],[1.3022],[1.1707],[1.2087],[1.487],[-3.0489],[-3.2087],[-3.0435],[-2.6152],[-2.0413],[-1.5663],[-1.3707],[-1.4859],[-1.7663],[-2.0391],[-2.2196],[-2.3967],[-2.6337],[-2.9033],[-3.0272],[-2.8913],[-2.5348],[-2.0685],[-1.5337],[-0.85],[-0.0065],[0.8261],[1.337],[1.3989],[1.2185],[1.1598],[1.3837],[-3.2174],[-2.8348],[-2.2293],[-1.5967],[-1.1435],[-0.9663],[-1.1065],[-1.4315],[-1.7913],[-1.9902],[-2.0054],[-1.9837],[-2.088],[-2.3717],[-2.6772],[-2.8152],[-2.7315],[-2.4859],[-2.1087],[-1.5152],[-0.6837],[0.2391],[0.9533],[1.2652],[1.2554],[1.2163],[1.3261],[-3.1707],[-2.4859],[-1.625],[-0.9022],[-0.5554],[-0.6326],[-1.0261],[-1.513],[-1.8413],[-1.8348],[-1.4978],[-1.1359],[-1.1174],[-1.5728],[-2.275],[-2.8348],[-3.037],[-2.9424],[-2.6641],[-2.225],[-1.5424],[-0.6391],[0.3391],[1.1489],[1.6685],[1.9],[1.938],[-2.5543],[-1.825],[-1.0076],[-0.3913],[-0.187],[-0.3978],[-0.8641],[-1.3435],[-1.5761],[-1.3739],[-0.8152],[-0.3054],[-0.3554],[-1.113],[-2.2065],[-3.0467],[-3.3359],[-3.2],[-2.912],[-2.5761],[-2.0652],[-1.2304],[-0.0033],[1.3946],[2.6152],[3.3022],[3.337],[-1.2435],[-0.6337],[-0.0696],[0.2587],[0.2261],[-0.0946],[-0.5511],[-0.9609],[-1.1685],[-1.0076],[-0.5413],[-0.188],[-0.4076],[-1.2717],[-2.3391],[-3.0283],[-3.1576],[-2.95],[-2.6837],[-2.4337],[-2.0065],[-1.1641],[0.238],[2.0511],[3.7837],[4.8022],[4.7967],[0.3054],[0.7043],[0.9685],[0.9717],[0.7043],[0.2533],[-0.2402],[-0.6815],[-0.9783],[-1.038],[-0.8967],[-0.8207],[-1.0935],[-1.6446],[-2.1065],[-2.2413],[-2.1543],[-2.0837],[-2.1011],[-1.987],[-1.5163],[-0.5565],[0.9478],[2.8261],[4.563],[5.4935],[5.2326],[1.5511],[1.6652],[1.6837],[1.5109],[1.0859],[0.5043],[-0.0978],[-0.625],[-1.0413],[-1.2935],[-1.3804],[-1.45],[-1.5326],[-1.4576],[-1.0935],[-0.6185],[-0.4848],[-0.8261],[-1.2902],[-1.3815],[-0.8772],[0.1707],[1.637],[3.2837],[4.6054],[4.9935],[4.2217],[2.3446],[2.1511],[2.0033],[1.7554],[1.2641],[0.5815],[-0.1315],[-0.7609],[-1.2087],[-1.4196],[-1.4446],[-1.3413],[-1.0467],[-0.3957],[0.55],[1.2804],[1.3054],[0.6141],[-0.2],[-0.5391],[-0.225],[0.637],[1.8859],[3.2185],[4.025],[3.7315],[2.3565],[2.6663],[2.2837],[2.0087],[1.6304],[1.0565],[0.3435],[-0.3902],[-1.0163],[-1.375],[-1.3859],[-1.0696],[-0.5533],[0.1685],[1.1054],[2.0989],[2.7022],[2.5685],[1.8598],[1.0891],[0.5696],[0.4098],[0.7272],[1.612],[2.7272],[3.1848],[2.3641],[0.5543]]}]